2055
1547
1325
1591
2055
1548
1362
1611
2059
1535
1350
1591
2061
1536
1343
1603
2063
1533
1319
1597
2059
1520
1343
1589
2059
1541
1331
1593
2057
1547
1325
1589
2063
1532
1351
1591
2061
1553
1337
1589
2059
1529
1317
1587
2059
1533
1343
1595
2065
1553
1329
1601
2063
1545
1333
1587
2059
1551
1335
1598
2057
1541
1317
1593
2063
1547
1315
1591
2061
1555
1331
1587
2061
1526
1311
1591
2057
1535
1315
1582
2057
1551
1315
1599
2061
1555
1337
1589
2067
1536
1339
1600
2063
1533
1344
1588
2055
1545
1319
1597
2053
1543
1340
1595
2061
1561
1347
1601
2067
1523
1313
1581
2059
1536
1329
1591
2057
1522
1331
1593
2063
1545
1347
1587
2061
1536
1337
1598
2059
1535
1329
1573
2053
1537
1327
1599
2059
1537
1331
1587
2057
1549
1353
1596
2071
1559
1335
1597
2063
1553
1327
1593
2053
1534
1351
1597
2059
1533
1321
1583
2063
1551
1323
1597
2059
1543
1323
1589
2057
1534
1321
1595
2057
1549
1329
1591
2061
1539
1339
1599
2063
1526
1323
1595
2055
1536
1335
1592
2059
1522
1339
1604
2059
1543
1346
1599
2059
1547
1325
1599
2067
1551
1345
1597
2057
1539
1317
1603
2057
1533
1314
1589
2059
1539
1323
1595
2061
1525
1327
1596
2063
1533
1341
1596
2061
1538
1333
1589
2055
1529
1337
1577
2059
1539
1363
1595
2065
1543
1325
1587
2059
1558
1337
1593
2057
1543
1309
1589
2061
1564
1296
1587
2063
1545
1319
1597
2059
1547
1335
1595
2059
1539
1311
1587
2055
1538
1315
1583
2059
1534
1321
1591
2061
1555
1325
1597
2063
1542
1337
1597
2057
1550
1327
1589
2057
1557
1316
1601
2061
1539
1343
1601
2065
1544
1321
1583
2055
1539
1332
1587
2055
1535
1341
1589
2057
1532
1331
1597
2063
1546
1337
1591
2063
1549
1320
1603
2053
1548
1327
1587
2060
1545
1331
1587
2061
1545
1333
1603
2065
1543
1346
1607
2059
1537
1353
1589
2053
1539
1317
1589
2055
1553
1309
1599
2061
1541
1317
1597
2067
1529
1318
1595
2059
1541
1305
1593
2055
1539
1315
1597
2057
1545
1313
1608
2065
1539
1353
1602
2069
1537
1321
1595
2061
1553
1333
1587
2053
1553
1317
1585
2063
1538
1317
1593
2065
1543
1366
1599
2065
1539
1339
1597
2061
1539
1319
1580
2057
1537
1333
1597
2059
1551
1342
1589
2063
1548
1323
1587
2059
1534
1337
1591
2053
1546
1319
1591
2061
1526
1337
1595
2059
1528
1331
1601
2065
1545
1333
1595
2059
1526
1321
1599
2053
1545
1351
1593
2061
1555
1299
1603
2065
1550
1321
1597
2063
1538
1361
1589
2053
1531
1323
1595
2057
1539
1337
1593
2063
1542
1331
1611
2067
1544
1335
1589
2059
1551
1327
1591
2059
1538
1329
1591
2061
1525
1333
1597
2063
1543
1367
1605
2061
1549
1319
1587
2057
1535
1335
1593
2055
1541
1315
1597
2061
1555
1321
1591
2065
1547
1327
1605
2063
1543
1593
1725
2055
1585
1353
1591
2059
1556
1327
1599
2063
1538
1317
1593
2065
1539
1339
1587
2061
1531
1342
1589
2053
1543
1354
1603
2059
1526
1329
1597
2061
1541
1319
1591
2063
1547
1345
1595
2059
1543
1325
1585
2055
1559
1303
1585
2059
1547
1307
1585
2067
1555
1317
1601
2063
1542
1331
1595
2059
1543
1325
1577
2055
1553
1335
1589
2053
1543
1333
1599
2069
1559
1331
1597
2055
1533
1329
1593
2055
1527
1335
1581
2053
1551
1325
1589
2065
1539
1319
1593
2059
1557
1327
1595
2061
1522
1329
1577
2059
1540
1333
1591
2055
1537
1327
1591
2061
1551
1331
1603
2064
1546
1341
1602
2059
1533
1323
1590
2057
1535
1347
1589
2063
1538
1331
1592
2061
1536
1321
1591
2059
1541
1323
1593
2053
1544
1337
1601
2061
1536
1333
1598
2063
1553
1333
1587
2059
1539
1316
1599
2059
1541
1319
1579
2059
1537
1341
1585
2063
1557
1321
1591
2065
1536
1316
1594
2063
1549
1325
1590
2052
1545
1319
1599
2053
1533
1333
1593
2065
1542
1335
1597
2063
1547
1319
1593
2059
1535
1335
1601
2053
1538
1329
1585
2057
1547
1320
1593
2065
1545
1347
1593
2059
1548
1327
1589
2057
1534
1331
1583
2055
1527
1319
1587
2061
1547
1323
1611
2063
1537
1331
1585
2059
1536
1301
1601
2053
1525
1305
1585
2055
1547
1318
1587
2063
1543
1339
1595
2061
1534
1341
1594
2061
1533
1341
1595
2053
1540
1337
1595
2057
1547
1329
1599
2063
1537
1333
1579
2063
1528
1317
1597
2057
1534
1313
1589
2055
1543
1346
1583
2059
1551
1337
1593
2067
1546
1315
1593
2061
1538
1323
1595
2057
1541
1320
1595
2055
1538
1339
1597
2063
1547
1337
1593
2065
1545
1317
1597
2061
1543
1325
1611
2054
1538
1329
1593
2061
1530
1299
1595
2065
1547
1314
1601
2065
1532
1335
1593
2053
1537
1321
1597
2059
1545
1321
1599
2061
1547
1320
1597
2065
1538
1321
1595
2059
1545
1343
1601
2055
1533
1331
1589
2057
1534
1335
1607
2063
1543
1355
1585
2061
1537
1327
1593
2059
1536
1329
1595
2057
1532
1367
1601
2061
1545
1345
1593
2059
1558
1339
1585
2059
1533
1313
1585
2057
1545
1339
1587
2059
1543
1337
1591
2061
1544
1328
1595
2063
1542
1343
1586
2061
1521
1329
1591
2049
1533
1329
1581
2061
1539
1335
1600
2059
1552
1329
1591
2063
1529
1365
1589
2055
1524
1341
1589
2051
1535
1317
1588
2061
1539
1339
1605
2067
1547
1349
1589
2061
1544
1315
1589
2061
1543
1317
1592
2059
1543
1329
1591
2061
1546
1329
1599
2067
1551
1349
1592
2061
1551
1323
1587
2055
1541
1339
1591
2061
1546
1315
1591
2061
1551
1344
1593
2061
1543
1327
1593
2051
1538
1345
1599
2057
1545
1309
1579
2061
1557
1313
1596
2065
1531
1301
1603
2061
1538
1319
1604
2059
1535
1315
1591
2053
1549
1321
1595
2065
1549
1349
1605
2063
1555
1342
1601
2061
1545
1341
1601
2049
1535
1327
1589
2059
1541
1366
1585
2059
1549
1321
1589
2063
1539
1331
1589
2055
1518
1317
1594
2057
1547
1317
1586
2059
1537
1339
1585
2063
1553
1327
1595
2059
1545
1335
1583
2055
1535
1307
1581
2061
1531
1325
1585
2065
1538
1325
1591
2061
1551
1321
1587
2055
1559
1351
1577
2049
1543
1337
1593
2053
1542
1317
1601
2065
1555
1307
1601
2059
1536
1327
1593
2055
1546
1333
1596
2059
1540
1331
1591
2061
1541
1337
1595
2067
1533
1325
1599
2059
1543
1319
1607
2055
1535
1337
1602
2059
1545
1341
1601
2063
1545
1349
1595
2061
1538
1314
1599
2055
1543
1339
1587
2057
1523
1339
1602
2061
1531
1309
1597
2061
1551
1333
1590
2065
1549
1345
1593
2057
1528
1329
1585
2057
1540
1315
1594
2065
1541
1320
1581
2065
1542
1337
1581
2061
1549
1309
1587
2057
1537
1339
1581
2061
1546
1323
1591
2063
1540
1333
1593
2063
1543
1331
1589
2055
1547
1331
1589
2057
1539
1335
1589
2063
1536
1341
1604
2065
1559
1321
1603
2067
1539
1327
1585
2051
1549
1349
1590
2058
1559
1337
1593
2059
1549
1321
1605
2057
1547
1329
1585
2061
1536
1337
1596
2057
1537
1323
1593
2063
1569
1309
1579
2065
1542
1329
1595
2063
1537
1343
1593
2053
1544
1327
1571
2059
1542
1341
1591
2061
1553
1325
1602
2069
1541
1337
1595
2059
1556
1317
1589
2057
1540
1321
1599
2057
1521
1339
1591
2063
1551
1346
1593
2065
1537
1321
1599
2061
1549
1339
1588
2055
1531
1353
1593
2057
1544
1329
1602
2063
1543
1333
1591
2061
1533
1327
1583
2051
1559
1319
1581
2057
1541
1321
1590
2061
1536
1351
1604
2065
1551
1343
1593
2057
1544
1337
1591
2057
1530
1323
1587
2061
1540
1323
1585
2063
1552
1321
1589
2061
1544
1327
1589
2055
1547
1313
1585
2055
1529
1347
1591
2059
1528
1317
1589
2059
1567
1337
1599
2061
1555
1319
1582
2059
1543
1321
1589
2059
1559
1319
1580
2063
1541
1323
1597
2067
1537
1318
1597
2061
1559
1339
1594
2055
1534
1321
1595
2059
1523
1329
1599
2065
1541
1321
1593
2065
1551
1331
1589
2059
1549
1345
1595
2059
1545
1310
1585
2061
1545
1337
1589
2067
1565
1331
1591
2061
1547
1325
1593
2051
1545
1316
1591
2058
1534
1315
1591
2061
1555
1337
1598
2065
1541
1327
1589
2055
1533
1327
1593
2055
1555
1321
1588
2059
1539
1319
1595
2061
1557
1355
1603
2061
1548
1331
1581
2053
1532
1325
1599
2057
1536
1323
1589
2061
1537
1321
1585
2063
1545
1325
1595
2063
1537
1321
1589
2057
1534
1333
1575
2059
1527
1323
1595
2061
1527
1347
1595
2067
1541
1325
1601
2063
1543
1347
1575
2055
1537
1339
1591
2063
1539
1350
1583
2067
1541
1317
1599
2061
1527
1333
1587
2051
1543
1325
1593
2057
1529
1331
1589
2059
1532
1313
1583
2067
1538
1306
1593
2057
1538
1319
1605
2053
1543
1351
1598
2057
1542
1293
1593
2061
1549
1354
1600
2065
1545
1357
1603
2059
1546
1333
1586
2057
1541
1335
1591
2059
1544
1339
1597
2065
1553
1333
1589
2061
1535
1339
1590
2057
1537
1331
1585
2053
1533
1316
1595
2059
1525
1331
1596
2065
1541
1325
1581
2057
1544
1351
1585
2053
1544
1335
1589
2057
1545
1339
1585
2063
1543
1323
1591
2059
1539
1315
1603
2061
1553
1325
1596
2055
1539
1337
1594
2061
1533
1335
1597
2061
1547
1321
1586
2059
1543
1325
1591
2055
1543
1343
1601
2053
1536
1321
1589
2061
1540
1315
1613
2067
1557
1319
1597
2063
1537
1331
1579
2057
1530
1327
1591
2061
1539
1341
1594
2059
1551
1341
1603
2061
1539
1317
1583
2059
1549
1321
1585
2057
1537
1304
1583
2061
1525
1314
1605
2067
1555
1331
1591
2065
1551
1311
1583
2055
1535
1317
1597
2055
1548
1308
1605
2062
1549
1329
1597
2065
1555
1333
1591
2057
1548
1343
1593
2057
1548
1335
1575
2059
1549
1317
1597
2063
1545
1327
1595
2057
1555
1325
1586
2055
1528
1327
1594
2055
1533
1335
1593
2061
1550
1337
1606
2065
1551
1343
1591
2061
1553
1351
1584
2057
1533
1327
1581
2053
1534
1323
1593
2065
1549
1341
1597
2067
1531
1337
1577
2061
1547
1331
1585
2051
1533
1344
1587
2057
1547
1341
1600
2065
1541
1327
1601
2065
1547
1327
1587
2057
1531
1304
1593
2059
1535
1321
1587
2061
1547
1310
1600
2059
1565
1327
1600
2057
1553
1337
1593
2057
1527
1316
1589
2059
1545
1331
1597
2065
1547
1317
1594
2057
1546
1321
1585
2057
1530
1335
1589
2057
1547
1333
1600
2063
1541
1311
1589
2069
1554
1357
1603
2065
1544
1349
1585
2059
1534
1325
1597
2051
1533
1319
1599
2061
1543
1327
1587
2067
1549
1341
1606
2063
1535
1368
1597
2057
1534
1335
1599
2059
1543
1347
1594
2057
1548
1317
1597
2067
1541
1335
1593
2055
1534
1355
1606
2051
1555
1337
1593
2055
1541
1325
1595
2063
1554
1349
1587
2064
1537
1327
1592
2057
1537
1315
1583
2061
1543
1325
1597
2062
1545
1325
1605
2070
1548
1317
1595
2057
1555
1328
1583
2055
1549
1304
1589
2061
1542
1311
1587
2061
1547
1323
1589
2061
1533
1341
1585
2055
1546
1333
1581
2057
1526
1331
1589
2057
1549
1325
1593
2061
1554
1327
1589
2061
1561
1342
1595
2059
1540
1333
1577
2059
1537
1353
1591
2063
1539
1329
1591
2072
1537
1329
1593
2063
1545
1329
1593
2061
1546
1327
1598
2053
1542
1339
1589
2063
1547
1335
1595
2067
1535
1379
1589
2057
1583
1357
1593
2059
1525
1345
1597
64084
1704
1557
1437
1627
2059
1569
1385
1488
1762
1899
1575
1373
1603
43418
1559
1414
1454
1771
1856
1583
1331
1599
1997
1545
1440
1333
1614
1990
1522
1359
1452
1797
1551
1950
1335
2055
1557
1337
1610
2063
1551
1335
1583
2061
1540
1355
1585
2055
1547
1311
1594
2055
1555
1335
1595
2063
1531
1321
1597
2067
1553
1319
1597
2061
1541
1327
1593
2057
1537
1325
1593
2057
1524
1353
1587
2063
1545
1341
1585
2065
1553
1343
1593
2059
1557
1323
1589
2059
1544
1335
1587
2059
1541
1356
1592
2061
1555
1342
1595
2061
1554
1319
1597
2059
1563
1311
1597
2057
1531
1339
1590
2063
1549
1319
1595
2067
1540
1343
1591
2061
1540
1320
1579
2055
1541
1327
1595
2057
1537
1329
1591
2063
1555
1347
1587
2065
1541
1331
1585
2061
1543
1320
1601
2057
1525
1327
1593
2059
1549
1337
1599
2065
1539
1353
1587
2061
1536
1310
1601
2061
1541
1325
1596
2057
1549
1317
1593
2063
1552
1349
1603
2067
1539
1331
1595
2061
1521
1339
1591
2053
1555
1313
1589
2055
1543
1331
1589
2057
1545
1335
1592
2067
1537
1325
1591
2059
1544
1345
1589
2055
1545
1323
1595
2061
1543
1331
1590
2065
1553
1311
1601
2065
1542
1341
1589
2051
1529
1343
1585
2059
1547
1323
1581
2069
1548
1323
1595
2064
1561
1304
1589
2061
1551
1348
1589
2057
1533
1316
1597
2057
1541
1308
1583
2059
1556
1325
1597
2065
1529
1335
1591
2059
1534
1325
1597
2055
1536
1357
1605
2059
1542
1345
1583
2069
1553
1329
1597
2061
1538
1321
1583
2055
1537
1323
1581
2053
1527
1341
1587
2063
1552
1321
1589
2063
1547
1349
1586
2057
1545
1337
1583
2059
1541
1337
1587
2057
1565
1335
1599
2063
1555
1331
1595
2065
1553
1325
1589
2061
1542
1325
1584
2057
1536
1323
1587
2061
1541
1353
1597
2061
1544
1315
1599
2063
1541
1311
1591
2057
1522
1299
1589
2059
1535
1355
1605
2061
1536
1345
1605
2065
1547
1323
1583
2061
1537
1341
1599
2055
1533
1349
1589
2057
1547
1343
1601
2065
1567
1311
1583
2061
1557
1312
1595
2057
1555
1357
1589
2053
1535
1323
1593
2061
1541
1333
1591
2065
1549
1317
1597
2063
1550
1323
1594
2055
1531
1347
1589
2053
1543
1329
1605
2061
1539
1329
1598
2063
1535
1314
1599
2059
1553
1321
1593
2053
1537
1301
1583
2059
1538
1337
1599
2063
1542
1331
1612
2059
1544
1333
1597
2061
1553
1345
1592
2057
1543
1341
1593
2057
1545
1329
1593
2063
1540
1357
1593
2057
1540
1353
1598
2060
1541
1329
1585
2053
1539
1319
1595
2065
1554
1329
1595
2061
1534
1307
1599
2059
1529
1353
1583
2055
1541
1324
1595
2055
1535
1321
1596
2064
1549
1325
1601
2059
1539
1325
1589
2059
1537
1307
1579
2059
1544
1312
1600
2057
1545
1333
1595
2061
1553
1321
1593
2067
1535
1335
1583
2053
1547
1319
1573
2063
1561
1317
1587
2065
1543
1329
1600
2063
1533
1321
1601
2061
1539
1325
1579
2057
1535
1327
1603
2065
1541
1357
1595
2065
1539
1339
1599
2067
1554
1319
1591
2057
1535
1319
1604
2055
1559
1315
1600
2059
1543
1339
1593
2066
1543
1331
1604
2063
1547
1327
1585
2057
1531
1325
1582
2059
1545
1317
1597
2065
1542
1327
1595
2067
1537
1321
1585
2059
1539
1357
1597
2053
1539
1333
1594
2063
1548
1325
1593
2063
1551
1315
1593
2061
1549
1331
1597
2057
1549
1349
1595
2055
1539
1309
1587
2061
1538
1355
1593
2067
1548
1323
1593
2061
1535
1323
1579
2059
1547
1327
1591
2057
1557
1327
1599
2065
1547
1345
1604
2065
1549
1329
1599
2057
1537
1325
1607
2055
1538
1349
1593
2059
1535
1313
1583
2063
1553
1335
1599
2059
1544
1335
1593
2053
1527
1349
1592
2059
1541
1321
1595
2061
1546
1349
1595
2065
1549
1327
1593
2063
1535
1329
1595
2059
1537
1335
1587
2059
1529
1324
1595
2067
1545
1325
1601
2061
1557
1335
1597
2061
1535
1323
1581
2051
1543
1309
1603
2059
1533
1341
1585
2063
1541
1333
1585
2063
1536
1327
1589
2059
1532
1337
1589
2059
1539
1348
1589
2059
1528
1337
1597
2065
1559
1315
1575
2059
1527
1349
1593
2057
1525
1343
1593
2061
1545
1341
1597
2065
1538
1363
1585
2061
1541
1355
1593
2059
1535
1347
1589
2051
1534
1309
1595
2061
1547
1337
1597
2065
1551
1351
1587
2063
1539
1325
1591
2059
1553
1321
1598
2057
1539
1331
1593
2063
1543
1323
1593
2065
1543
1313
1589
2059
1540
1333
1585
2053
1533
1307
1585
2061
1555
1333
1602
2063
1544
1331
1596
2061
1531
1337
1591
2057
1545
1316
1583
2057
1530
1331
1589
2057
1535
1331
1599
2063
1547
1331
1599
2063
1536
1331
1586
2059
1527
1309
1583
2063
1539
1333
1585
2059
1544
1337
1608
2065
1530
1307
1597
2061
1545
1325
1583
2057
1549
1321
1591
2057
1550
1329
1599
2063
1538
1319
1594
2065
1551
1345
1595
2057
1547
1351
1593
2057
1553
1299
1595
2061
1539
1352
1595
2063
1553
1339
1591
2059
1530
1335
1601
2055
1539
1347
1589
2061
1533
1311
1591
2061
1533
1311
1596
2061
1551
1345
1582
2055
1543
1327
1595
2057
1546
1341
1595
2061
1533
1319
1597
2061
1541
1315
1591
2061
1539
1349
1593
2059
1528
1337
1587
2055
1537
1325
1593
2059
1543
1353
1599
2065
1537
1319
1609
2057
1543
1331
1591
2053
1543
1329
1605
2059
1542
1335
1589
2063
1538
1333
1593
2066
1547
1323
1585
2059
1549
1335
1583
2057
1525
1321
1589
2061
1555
1329
1598
2063
1547
1327
1598
2059
1532
1306
1591
2059
1525
1313
1589
2059
1533
1321
1595
2059
1555
1337
1589
2065
1547
1377
1585
2063
1536
1331
1597
2059
1537
1319
1597
2061
1539
1325
1583
2059
1551
1315
1591
2061
1541
1333
1589
2059
1535
1321
1593
2059
1532
1329
1595
2063
1545
1342
1593
2067
1543
1337
1599
2061
1525
1337
1583
2059
1536
1307
1600
2055
1543
1325
1600
2059
1561
1313
1595
2071
1547
1329
1595
2061
1534
1313
1589
2053
1527
1337
1601
2061
1543
1327
1591
2063
1549
1347
1592
2063
1547
1301
1595
2057
1555
1311
1595
2055
1531
1331
1591
2059
1537
1356
1594
2063
1549
1340
1597
2055
1534
1321
1587
2061
1549
1331
1586
2059
1557
1313
1593
2055
1543
1315
1587
2061
1546
1347
1591
2061
1543
1305
1591
2057
1533
1325
1593
2061
1534
1331
1587
2063
1541
1340
1601
2063
1547
1343
1581
2059
1527
1335
1593
2055
1555
1323
1599
2061
1550
1329
1596
2067
1547
1331
1595
2059
1548
1320
1589
2053
1530
1319
1585
2055
1533
1339
1601
2061
1549
1337
1589
2063
1540
1321
1593
2057
1532
1319
1591
2057
1543
1341
1595
2063
1539
1357
1601
2061
1555
1319
1595
2063
1545
1341
1587
2059
1543
1300
1585
2059
1538
1321
1590
2063
1530
1339
1597
2067
1551
1329
1595
2061
1522
1298
1596
2054
1534
1345
1590
2059
1541
1337
1596
2059
1541
1337
1605
2061
1531
1339
1592
2061
1549
1353
1597
2053
1535
1325
1589
2062
1544
1339
1591
2063
1546
1351
1599
2061
1545
1337
1599
2053
1542
1317
1583
2057
1547
1325
1601
2063
1537
1343
1594
2067
1526
1310
1593
2061
1533
1337
1597
2055
1547
1327
1592
2059
1551
1325
1591
2061
1533
1327
1603
2066
1532
1343
1590
2061
1543
1310
1589
2055
1537
1335
1603
2059
1537
1341
1607
2064
1539
1345
1593
2063
1533
1317
1588
2057
1538
1337
1591
2053
1537
1343
1599
2065
1551
1348
1591
2065
1539
1351
1593
2061
1549
1335
1591
2057
1541
1325
1585
2059
1545
1305
1591
2065
1557
1365
1598
2065
1547
1319
1589
2059
1526
1329
1581
2051
1542
1327
1583
2057
1532
1345
1601
2065
1543
1327
1597
2061
1543
1321
1585
2055
1538
1301
1585
2059
1545
1335
1589
2061
1525
1327
1592
2065
1559
1325
1601
2059
1535
1323
1585
2057
1535
1303
1590
2063
1543
1333
1595
2059
1555
1331
1597
2059
1542
1325
1593
2059
1535
1315
1579
2059
1546
1321
1587
2061
1543
1345
1595
2063
1537
1331
1595
2061
1536
1333
1585
2057
1531
1311
1593
2059
1533
1321
1597
2065
1543
1347
1595
2063
1559
1337
1597
2057
1548
1311
1588
2057
1547
1319
1579
2059
1552
1331
1593
2061
1563
1317
1588
2063
1543
1331
1585
2057
1547
1319
1589
2059
1540
1321
1592
2063
1532
1329
1586
2065
1551
1313
1585
2059
1551
1337
1575
2055
1536
1345
1602
2061
1541
1323
1589
2063
1543
1317
1591
2065
1546
1315
1591
2059
1533
1317
1587
2055
1535
1344
1597
2061
1538
1319
1595
2063
1545
1335
1601
2061
1552
1337
1593
2057
1533
1323
1585
2059
1530
1335
1590
2063
1534
1315
1583
2060
1537
1331
1595
2061
1533
1327
1589
2053
1546
1309
1601
2057
1545
1343
1597
2061
1537
1341
1601
2065
1549
1331
1587
2057
1560
1333
1591
2055
1545
1321
1577
2063
1552
1339
1589
2061
1561
1305
1585
2063
1543
1331
1596
2059
1533
1331
1585
2055
1537
1321
1589
2059
1541
1333
1589
2063
1537
1336
1597
2059
1559
1337
1581
2059
1531
1341
1591
2057
1541
1339
1594
2065
1547
1314
1593
2067
1543
1313
1581
2059
1540
1335
1583
2057
1543
1319
1591
2061
1564
1314
1594
2063
1545
1313
1592
2061
1559
1318
1603
2057
1540
1331
1593
2059
1548
1329
1597
2061
1547
1350
1593
2059
1535
1335
1585
2055
1557
1323
1583
2053
1533
1331
1592
2055
1520
1333
1586
2063
1537
1321
1581
2061
1526
1335
1593
2059
1541
1353
1585
2053
1555
1333
1597
2059
1543
1313
1600
2069
1547
1313
1589
2061
1557
1325
1599
2057
1543
1301
1583
2059
1547
1319
1593
2055
1540
1333
1595
2067
1571
1323
1587
2061
1541
1318
1599
2053
1533
1327
1581
2059
1553
1310
1597
2065
1539
1356
1587
2061
1542
1335
1590
2059
1547
1325
1585
2057
1555
1335
1597
2063
1549
1323
1593
2063
1540
1321
1606
2062
1535
1357
1585
2059
1526
1327
1587
2057
1554
1315
1587
2059
1541
1319
1601
2061
1551
1309
1609
2061
1553
1323
1585
2053
1542
1325
1597
2057
1545
1325
1597
2057
1559
1329
1612
2057
1543
1341
1591
2055
1557
1335
1581
2057
1533
1361
1593
2059
1549
1325
1589
2063
1543
1327
1599
2059
1543
1342
1585
2057
1524
1314
1598
2057
1542
1347
1595
2061
1551
1331
1595
2063
1542
1335
1597
2057
1543
1335
1587
2055
1551
1327
1590
2059
1533
1335
1593
2063
1545
1314
1589
2063
1543
1359
1595
2061
1531
1301
1591
2057
1554
1325
1601
2059
1561
1345
1591
2061
1544
1313
1589
2061
1537
1339
1589
2055
1537
1321
1592
2061
1535
1327
1597
2061
1555
1331
1587
2063
1558
1349
1601
2061
1534
1315
1599
2055
1533
1330
1594
2061
1545
1333
1601
2066
1551
1321
1597
2061
1544
1331
1587
2053
1541
1321
1581
2055
1535
1333
1585
2063
1546
1345
1593
2061
1543
1335
1577
2061
1544
1335
1599
2053
1541
1315
1599
2061
1545
1321
1595
2059
1545
1305
1595
2063
1533
1333
1579
2059
1528
1329
1585
2055
1539
1315
1621
2057
1549
1349
1589
2065
1529
1331
1601
2063
1534
1346
1587
2057
1537
1345
1579
2053
1549
1337
1599
2059
1553
1342
1603
2065
1573
1335
1592
2061
1547
1335
1595
2051
1547
1333
1591
2059
1547
1337
1591
2065
1553
1311
1591
2065
1548
1333
1583
2057
1531
1329
1583
2057
1539
1319
1585
2061
1536
1329
1593
2065
1552
1347
1598
2059
1534
1335
1599
2057
1537
1329
1583
2057
1530
1335
1595
2057
1546
1341
1605
2067
1553
1352
1587
2057
1521
1319
1597
2053
1543
1341
1593
2059
1537
1341
1585
2065
1535
1327
1597
2067
1527
1349
1593
2057
1543
1325
1606
2059
1529
1336
1597
2061
1550
1337
1585
2067
1550
1327
1603
2061
1539
1347
1588
2055
1541
1317
1579
2057
1539
1325
1603
2063
1553
1349
1600
2063
1539
1331
1587
2055
1559
1323
1589
2057
1548
1337
1589
2061
1555
1343
1604
2059
1529
1331
1587
2063
1528
1303
1591
2053
1538
1311
1591
2055
1551
1313
1601
2057
1551
1335
1593
2069
1545
1313
1583
2061
1529
1323
1595
2059
1535
1341
1589
2059
1532
1351
1594
2063
1528
1321
1593
2063
1553
1303
1593
2057
1537
1331
1589
2053
1539
1303
1587
2057
1533
1325
1600
2061
1549
1335
1591
2063
1534
1335
1584
2060
1536
1339
1603
2059
1547
1345
1595
2063
1558
1329
1593
2065
1537
1366
1593
2061
1545
1374
1591
2053
1540
1335
1589
2059
1537
1337
1593
2059
1551
1325
1599
2069
1543
1323
1593
2051
1547
1337
1589
2053
1547
1357
1587
2061
1541
1317
1599
2063
1533
1327
1599
2059
1555
1309
1595
2059
1539
1321
1583
2057
1550
1337
1591
2065
1531
1325
1602
2069
1542
1341
1601
2061
1549
1324
1587
2055
1548
1321
1589
2059
1547
1311
1591
2061
1531
1329
1599
2059
1546
1315
1593
2058
1543
1308
1585
2053
1546
1324
1597
2059
1547
1335
1591
2066
1559
1365
1581
2059
1550
1311
1602
2052
1547
1321
1575
2057
1537
1339
1593
2059
1547
1311
1589
2063
1555
1321
1589
2061
1531
1325
1601
2051
1534
1335
1589
2057
1553
1334
1595
2065
1553
1327
1595
2061
1541
1315
1597
2053
1542
1315
1579
2053
1528
1327
1586
2059
1551
1321
1603
2065
1547
1305
1597
2061
1541
1354
1597
2059
1529
1323
1587
2061
1527
1321
1591
2064
1541
1333
1593
2064
1528
1319
1595
2059
1545
1315
1593
2054
1541
1325
1599
2053
1550
1335
1597
2065
1541
1315
1605
2065
5522
1482
1627
2051
1526
1361
1577
2055
1539
1333
1599
72313
1573
1432
1616
1946
1748
1592
1379
1638
2104
1573
1412
1416
1757
1916
1589
1387
1561
1971
1674
1513
1348
1633
41142
1357
1591
2055
1541
1418
1411
1744
1840
1543
1335
1527
1928
1400
1932
1333
1596
2063
1547
1329
1585
2061
1533
1323
1593
2057
1528
1335
1589
2059
1563
1345
1591
2063
1531
1315
1589
2067
1540
1333
1591
2063
1547
1326
1588
2057
1543
1309
1585
2057
1544
1317
1581
2061
1540
1333
1585
2067
1547
1345
1583
2059
1538
1317
1599
2057
1536
1329
1593
2063
1557
1360
1609
2065
1541
1335
1599
2057
1529
1341
1579
2058
1528
1303
1591
2061
1537
1349
1587
2063
1541
1335
1593
2067
1559
1323
1600
2061
1557
1311
1591
2057
1519
1319
1593
2061
1538
1309
1598
2065
1542
1337
1603
2063
1535
1347
1601
2055
1538
1335
1583
2055
1536
1313
1575
2059
1535
1340
1597
2065
1567
1339
1593
2057
1539
1321
1583
2059
1547
1331
1585
2057
1535
1325
1587
2063
1549
1337
1601
2063
1556
1323
1595
2063
1553
1321
1595
2055
1541
1347
1585
2057
1533
1327
1592
2065
1537
1311
1589
2063
1543
1317
1589
2053
1543
1325
1595
2053
1541
1305
1587
2063
1551
1331
1594
2063
1543
1331
1585
2057
1538
1323
1593
2055
1547
1307
1585
2057
1533
1307
1593
2065
1548
1338
1587
2063
1541
1341
1598
2057
1537
1315
1592
2055
1531
1331
1585
2061
1555
1319
1606
2063
1543
1329
1603
2065
1545
1327
1597
2059
1535
1339
1583
2055
1539
1341
1589
2063
1549
1327
1593
2063
1557
1345
1605
2061
1538
1339
1593
2057
1533
1324
1585
2053
1539
1335
1597
2067
1553
1325
1588
2065
1555
1346
1599
2057
1559
1317
1583
2057
1539
1329
1601
2059
1538
1319
1591
2063
1545
1335
1583
2063
1541
1341
1593
2057
1536
1321
1589
2052
1527
1400
1591
2061
1541
1333
1599
2067
1547
1309
1595
2063
1530
1325
1583
2055
1555
1325
1587
2063
1555
1312
1593
2061
1533
1315
1590
2065
1551
1321
1589
2057
1559
1347
1599
2057
1543
1359
1595
2059
1544
1309
1595
2061
1549
1347
1595
2063
1549
1321
1593
2055
1522
1331
1593
2059
1543
1327
1591
2059
1539
1323
1585
2061
1552
1337
1589
2063
1560
1329
1594
2057
1527
1317
1581
2061
1533
1325
1589
2063
1548
1325
1595
2067
1543
1343
1591
2059
1533
1339
1581
2055
1551
1335
1599
2057
1540
1319
1594
2067
1541
1345
1603
2063
1541
1319
1601
2055
1540
1325
1583
2059
1539
1331
1599
2067
1541
1325
1595
2065
1563
1324
1589
2063
1546
1347
1591
2057
1542
1315
1583
2059
1535
1319
1591
2065
1546
1337
1585
2062
1563
1331
1587
2059
1555
1330
1581
2053
1549
1333
1597
2059
1550
1345
1588
2067
1545
1339
1613
2063
1527
1319
1593
2057
1534
1319
1598
2055
1557
1317
1586
2067
1537
1363
1593
2067
1552
1351
1588
2063
1544
1361
1593
2055
1537
1313
1585
2057
1547
1315
1599
2063
1528
1329
1601
2059
1555
1307
1605
2059
1539
1323
1587
2058
1534
1315
1589
2059
1535
1347
1605
2067
1537
1331
1599
2059
1533
1343
1583
2059
1522
1323
1587
2061
1531
1323
1583
2061
1541
1317
1593
2063
1549
1339
1593
2057
1541
1309
1587
2055
1525
1329
1581
2061
1539
1321
1595
2061
1538
1325
1598
2063
1539
1329
1591
2055
1541
1323
1585
2057
1555
1337
1603
2059
1555
1315
1607
2067
1531
1352
1587
2061
1549
1339
1593
2061
1537
1313
1581
2057
1547
1341
1581
2063
1557
1323
1603
2061
1559
1331
1594
2061
1539
1313
1580
2057
1545
1298
1591
2057
1543
1323
1591
2067
1539
1323
1585
2061
1530
1319
1590
2059
1528
1333
1599
2055
1544
1337
1600
2064
1545
1311
1590
2067
1541
1341
1597
2065
1529
1333
1597
2055
1524
1359
1591
2061
1543
1317
1587
2063
1561
1323
1605
2067
1537
1331
1581
2057
1537
1323
1581
2057
1539
1321
1579
2061
1543
1315
1603
2064
1559
1327
1599
2061
1541
1345
1599
2059
1539
1341
1589
2059
1538
1327
1585
2061
1535
1327
1589
2065
1541
1308
1599
2064
1522
1325
1575
2061
1537
1325
1581
2063
1543
1341
1607
2063
1541
1323
1589
2063
1558
1311
1595
2065
1524
1325
1601
2057
1541
1325
1587
2061
1544
1319
1601
2063
1551
1363
1595
2065
1535
1345
1591
2059
1538
1327
1595
2057
1557
1321
1605
2059
1563
1309
1595
2067
1525
1357
1593
2061
1541
1345
1589
2057
1533
1327
1589
2059
1549
1303
1589
2063
1557
1327
1597
2063
1548
1356
1603
2063
1555
1319
1575
2059
1537
1329
1585
2059
1553
1329
1597
2065
1551
1335
1603
2065
1539
1321
1593
2057
1547
1355
1595
2061
1522
1339
1587
2063
1539
1343
1599
2067
1545
1337
1595
2060
1534
1345
1592
2059
1530
1314
1587
2059
1541
1331
1593
2067
1557
1341
1599
2063
1550
1343
1589
2059
1543
1325
1585
2057
1541
1345
1597
2059
1537
1361
1597
2063
1539
1353
1590
2059
1545
1340
1599
2059
1547
1331
1601
2057
1541
1331
1589
2063
1537
1337
1599
2063
1562
1325
1587
2061
1546
1325
1579
2053
1533
1318
1586
2063
1557
1349
1587
2065
1540
1341
1593
2065
1529
1325
1594
2057
1531
1339
1587
2055
1549
1325
1599
2057
1551
1319
1589
2061
1541
1347
1591
2057
1533
1306
1583
2053
1530
1327
1597
2054
1545
1331
1594
2055
1541
1319
1603
2063
1543
1329
1587
2054
1536
1313
1587
2055
1524
1348
1601
2061
1548
1331
1601
2061
1539
1329
1599
2065
1531
1319
1587
2059
1536
1357
1579
2059
1540
1315
1597
2057
1557
1331
1592
2063
1541
1345
1597
2057
1541
1317
1585
2055
1557
1333
1583
2053
1547
1331
1583
2065
1541
1335
1587
2063
1565
1329
1605
2063
1544
1337
1595
2055
1525
1335
1583
2061
1553
1355
1609
2067
1546
1335
1592
2061
1543
1333
1607
2059
1548
1315
1593
2057
1536
1321
1595
2061
1555
1321
1602
2065
1543
1325
1599
2059
1549
1333
1591
2055
1534
1329
1591
2057
1537
1307
1591
2059
1559
1307
1593
2063
1547
1319
1608
2061
1539
1331
1585
2055
1541
1357
1589
2065
1530
1323
1593
2065
1555
1347
1589
2061
1535
1347
1589
2057
1543
1303
1587
2059
1537
1325
1587
2061
1551
1329
1589
2067
1541
1320
1587
2059
1546
1307
1591
2053
1542
1349
1590
2055
1537
1368
1591
2059
1547
1349
1593
2061
1525
1321
1592
2059
1551
1324
1593
2053
1539
1347
1603
2059
1545
1331
1599
2063
1547
1341
1599
2063
1551
1322
1593
2057
1537
1333
1595
2051
1543
1311
1587
2057
1539
1331
1592
2067
1557
1333
1591
2061
1545
1311
1609
2055
1536
1331
1591
2057
1545
1315
1589
2057
1557
1323
1599
2061
1553
1333
1593
2055
1547
1333
1583
2049
1551
1327
1585
2059
1532
1331
1612
2061
1547
1335
1596
2057
1539
1355
1585
2053
1535
1316
1601
2051
1534
1311
1589
2063
1543
1356
1596
2063
1531
1339
1597
2057
1531
1337
1587
2055
1530
1321
1595
2059
1543
1339
1589
2065
1534
1341
1610
2065
1553
1333
1600
2051
1533
1325
1591
2055
1534
1325
1591
2063
1549
1327
1589
2067
1541
1345
1593
2065
1527
1323
1587
2057
1545
1319
1593
2059
1539
1335
1592
2061
1547
1305
1603
2061
1537
1353
1612
2061
1542
1347
1587
2057
1551
1340
1589
2057
1533
1329
1593
2061
1542
1347
1587
2059
1553
1317
1596
2053
1545
1331
1588
2061
1535
1337
1597
2057
1538
1338
1597
2067
1541
1319
1595
2061
1527
1351
1591
2055
1532
1335
1595
2059
1547
1321
1586
2065
1545
1329
1593
2063
1547
1366
1593
2055
1527
1331
1581
2053
1547
1313
1583
2055
1534
1317
1591
2063
1543
1321
1599
2059
1535
1365
1590
2057
1541
1321
1593
2057
1529
1333
1594
2059
1545
1319
1591
2063
1539
1319
1594
2065
1545
1331
1589
2055
1538
1353
1591
2061
1538
1345
1583
2065
1541
1363
1591
2063
1546
1341
1593
2057
1527
1337
1585
2055
1531
1325
1581
2061
1527
1345
1591
2063
1552
1335
1595
2061
1549
1340
1595
2057
1539
1303
1589
2057
1549
1331
1595
2061
1543
1323
1591
2069
1539
1331
1599
2063
1531
1325
1587
2057
1534
1331
1595
2053
1533
1325
1589
2061
1529
1339
1601
2065
1530
1331
1591
2059
1539
1323
1593
2051
1528
1325
1590
2061
1557
1327
1603
2063
1541
1313
1593
2059
1545
1333
1587
2053
1551
1331
1593
2057
1530
1329
1593
2065
1548
1327
1593
2067
1533
1323
1596
2061
1525
1349
1591
2053
1561
1329
1593
2061
1539
1313
1587
2061
1542
1339
1595
2059
1547
1333
1599
2058
1534
1335
1598
2057
1525
1319
1581
2059
1546
1357
1589
2063
1535
1356
1583
2063
1549
1344
1593
2059
1537
1310
1585
2057
1536
1325
1604
2061
1547
1341
1597
2067
1531
1317
1589
2061
1541
1349
1597
2055
1535
1327
1581
2059
1557
1337
1593
2065
1547
1321
1597
2063
1545
1331
1591
2063
1545
1341
1589
2053
1533
1329
1603
2061
1545
1313
1592
2065
1557
1347
1591
2063
1533
1333
1587
2055
1545
1320
1597
2059
1534
1327
1597
2061
1541
1331
1597
2063
1549
1326
1607
2059
1544
1335
1591
2057
1551
1337
1589
2057
1537
1340
1591
2065
1540
1325
1587
2059
1532
1337
1593
2061
1537
1317
1595
2055
1534
1309
1587
2057
1541
1325
1595
2067
1537
1325
1594
2055
1529
1317
1588
2055
1533
1323
1595
2061
1543
1325
1585
2063
1541
1331
1604
2067
1531
1315
1597
2057
1539
1343
1588
2055
1529
1327
1583
2059
1543
1321
1601
2063
1544
1302
1595
2063
1543
1327
1605
2061
1549
1307
1604
2057
1545
1349
1593
2059
1552
1345
1601
2065
1551
1325
1589
2061
1543
1315
1591
2057
1542
1333
1595
2059
1541
1305
1593
2065
1545
1330
1599
2067
1551
1363
1599
2057
1535
1323
1583
2059
1530
1317
1595
2059
1551
1325
1601
2069
1554
1335
1599
2063
1549
1361
1583
2057
1535
1373
1595
2059
1543
1317
1595
2063
1536
1319
1595
2063
1537
1331
1595
2059
1547
1333
1593
2055
1530
1319
1577
2059
1537
1329
1591
2061
1531
1355
1599
2067
1551
1321
1581
2059
1530
1329
1587
2055
1547
1311
1591
2063
1541
1317
1595
2068
1549
1339
1597
2057
1547
1335
1589
2053
1533
1323
1583
2059
1535
72793
1664
2083
1636
1507
1406
1759
1971
1591
1345
1534
1956
1743
1573
1370
1623
2103
1571
1454
1462
1843
1874
1621
1557
1589
1625
2110
1575
1357
1624
2105
1573
63426
1597
2065
1545
1462
1372
1716
1914
1557
1319
1478
1899
1728
1487
1325
1589
2059
1540
1383
1355
1666
1587
2057
1547
1341
1595
2059
1554
1325
1595
2064
1545
1319
1609
2061
1543
1363
1589
2053
1537
1309
48715
2086
1575
1442
1498
1906
1782
1609
1369
1629
2105
1567
1456
1371
1711
1882
1480
2103
1577
1365
1615
2106
1579
1359
1634
2108
1579
42009
1586
2023
1569
1601
2051
1553
1488
1386
1696
1924
1544
1315
1543
2061
1558
1327
1597
2065
1529
1323
1587
2061
1537
1325
1589
2057
1524
1335
1589
2059
1529
1325
1600
2061
1549
1333
1599
2065
1552
1311
1593
2059
1539
1331
1583
2057
1537
1317
1589
2059
1533
1296
1599
2057
1532
1331
1593
2061
1535
1321
1583
2057
1545
1321
1599
2061
1538
1315
1592
2065
1551
1320
1596
2057
1545
1323
1593
2061
1540
1317
1585
2053
1553
1323
1599
2061
1545
1323
1583
2065
1547
1323
1595
2057
1541
1319
1575
2055
1539
1323
1583
2061
1549
1321
1601
2057
1549
1317
1589
2065
1534
1357
1595
2061
1553
1325
1595
2053
1525
1347
1587
2057
1548
1311
1592
2065
1540
1321
1599
2061
1539
1323
1599
2061
1543
1343
1593
2057
1536
1308
1589
2063
1530
1307
1587
2063
1541
1331
1593
2065
1544
1337
1600
2059
1555
1327
1591
2057
1531
1323
1591
2063
1548
1321
1581
2063
1538
1317
1594
2059
1531
1331
1594
2055
1546
1321
1589
2055
1532
1319
1579
2063
1549
1325
1599
2063
1547
1309
1585
2061
1535
1308
1599
2057
1541
1319
1589
2061
1541
1359
1603
2067
1549
1339
1591
2059
1547
1325
1588
2057
1537
1333
1595
2053
1539
1327
1589
2065
1541
1381
1598
2063
1538
1341
1587
2059
1528
1345
1586
2051
1537
1359
1583
2057
1532
1357
1583
2065
1548
1361
1594
2065
1551
1356
1589
2061
1549
1343
1590
2057
1546
1351
1593
2057
1545
1359
1591
2065
1551
1343
1591
2061
1555
1335
1598
2055
1543
1329
1588
2059
1561
1337
1595
2065
1551
1335
1603
2065
1535
1353
1592
2061
1535
1359
1586
2051
1541
1350
1597
2059
1537
1353
1591
2059
1547
1356
1585
2065
1531
1339
1593
2057
1547
1343
1591
2057
1545
1345
1593
2061
1541
1349
1593
2059
1543
1347
1606
2062
1544
1365
1589
2057
1545
1357
1587
2059
1540
1333
1595
2057
1549
1366
1593
2061
1543
1339
1595
2059
1535
1325
1579
2057
1537
1325
1591
2061
1535
1325
1599
2061
1534
1333
1604
2065
1551
1351
1591
2063
1540
1325
1591
2051
1531
1335
1595
2059
1553
1333
1591
2063
1545
1339
1590
2059
1551
1347
1585
2055
1549
1315
1589
2055
1534
1337
1601
2065
1557
1367
1601
2061
1556
1357
1584
2059
1543
1343
1597
2055
1545
1317
1599
2063
1528
1341
1599
2063
1547
1343
1601
2057
1545
1335
1591
2059
1543
1351
1590
2057
1539
1301
1591
2063
1547
1345
1581
2063
1549
1310
1603
2057
1542
1345
1596
2055
1535
1331
1585
2059
1551
1315
1591
2064
1547
1319
1590
2063
1537
1325
1583
2059
1549
1327
1583
2059
1531
1341
1597
2059
1534
1329
1594
2065
1541
1358
1589
2059
1617
1365
1589
2053
1544
1365
1579
2057
1545
1344
1658
2089
1571
1450
1489
1869
1833
1593
1367
1605
2096
1585
1480
1397
42321
2063
1539
1466
1446
1798
1833
1541
1315
1551
2021
1571
1431
1368
1619
1952
1543
1357
1746
1357
1801
1305
1585
2057
1526
1361
1591
2063
1545
1347
1585
2065
1530
1351
1601
2057
1520
1325
1597
2061
1537
1349
1597
2059
1550
1333
1585
2066
1559
1346
1605
2059
1547
1319
1599
2053
1549
1326
1593
2057
1539
1325
1607
2065
1528
1311
1591
2063
1553
1323
1597
2059
1548
1335
1585
2055
1542
1331
1589
2061
1549
1329
1607
2063
1557
1335
1595
2060
1532
1322
1595
2055
1532
1347
1585
2057
1549
1321
1593
2063
1555
1327
1591
2061
1545
1347
1588
2059
1541
1333
1583
2057
1536
1331
1589
2057
1549
1321
1601
2059
1542
1349
1591
2063
1531
1337
1593
2055
1537
1329
1585
2055
1537
1333
1595
2061
1541
1331
1595
2067
1535
1335
1593
2059
1540
1333
1585
2053
1537
1331
1584
2057
1533
1327
1595
2065
1535
1325
1598
2063
1551
1359
1601
2059
1543
1337
1591
2053
1533
1315
1585
2059
1545
1335
1595
2059
1555
1317
1595
2065
1547
1337
1595
2055
1543
1343
1591
2061
1546
1350
1599
2063
1555
1315
1601
2065
1538
1361
1603
2061
1555
1309
1585
2053
1535
1333
1583
2059
1537
1321
1607
2061
1533
1357
1591
2065
1543
1320
1600
2061
1539
1326
1589
2057
1540
1345
1589
2057
1547
1354
1593
2067
1549
1339
1591
2063
1545
1331
1585
2061
1544
1323
1595
2053
1557
1317
1593
2061
1535
1339
1597
2065
1548
1327
1589
2059
1544
1361
1581
2059
1542
1313
1585
2059
1517
1329
1591
2063
1543
1325
1595
2065
1555
1345
1596
2059
1547
1351
1593
2053
1545
1307
1585
2057
1538
1343
1596
2063
1541
1321
1596
2059
1539
1329
1585
2055
1534
1314
1587
2057
1531
1347
1589
2061
1537
1364
1591
2063
1537
1343
1583
2057
1551
1345
1581
2057
1547
1357
1587
2059
1553
1341
1603
2061
1551
1323
1600
2067
1545
1339
1583
2061
1541
1357
1599
2055
1532
1341
1573
2057
1541
1353
1604
2067
1549
1351
1591
2059
1553
1331
1583
2057
1547
1347
1585
2059
1537
1313
1596
2063
1543
1354
1595
2067
1553
1363
1608
2059
1547
1337
1587
2057
1545
1329
1585
2055
1542
1329
1610
2057
1549
1317
1590
2061
1555
1367
1585
2057
1536
1321
1585
2055
1545
1349
1603
2057
1534
1315
1596
2063
1537
1346
1593
2063
1532
1317
1583
2057
1524
1357
1581
2059
1541
1335
1598
2063
1529
1333
1593
2061
1541
1363
1601
2061
1543
1326
1592
2057
1521
1327
1585
2057
1527
1351
1599
2065
1546
1339
1583
2065
1551
1327
1598
2061
1539
1343
1583
2055
1553
1325
1598
2061
1544
1329
1602
2063
1535
1348
1587
2063
1531
1313
1567
2059
1539
1335
1588
2055
1545
1356
1589
2059
1547
1355
1611
2061
1527
1319
1605
2057
1528
1319
1591
2051
1553
1337
1591
2059
1552
1363
1593
2063
1535
1325
1590
2063
1545
1311
1606
2055
1541
1361
1593
2059
1544
1323
1581
2059
1541
1329
1585
2063
1539
1339
1595
2055
1540
1317
1593
2057
1555
1321
1583
2059
1539
1297
1595
2065
1549
1337
1597
2063
1551
1341
1583
2057
1531
1744
1593
2051
1553
1329
1585
2063
1546
1341
1593
2063
1553
1346
1595
2063
1541
1315
1585
2059
1542
1325
1597
2061
1559
1309
1581
2061
1553
1329
1593
2065
1539
1325
1589
2059
1543
1335
1585
2055
1537
1327
1591
2057
1543
1327
1593
2065
1531
1341
1595
2061
1539
1343
1589
2051
1535
1305
1583
2055
1535
1319
1597
2065
1543
1349
1591
2063
1537
1343
1610
2061
1555
1323
1591
2059
1537
1306
1589
2057
1550
1329
1597
2057
1543
1319
1589
2061
1543
1325
1587
2057
1539
1329
1593
2053
1533
1309
1596
2059
1547
1343
1605
2065
1538
1319
1600
2067
1549
1361
1595
2057
1551
1355
1593
2061
1541
1335
1581
2061
1551
1315
1590
2066
1553
1333
1597
2061
1549
1311
1595
2055
1537
1321
1589
2057
1537
1329
1595
2063
1549
1325
1599
2067
1546
1348
1583
2057
1546
1361
1589
2055
1535
1341
1581
2059
1536
1323
1595
2057
1545
1353
1583
2061
1540
1329
1599
2059
1541
1307
1601
2053
1547
1323
1583
2061
1545
1331
1588
2064
1545
1323
1593
2061
1547
1331
1591
2061
1547
1323
1601
2057
1537
1333
1598
2063
1531
1349
1593
2065
1532
1320
1591
2059
1552
1346
1585
2055
1537
1349
1581
2061
1545
1331
1595
2063
1544
1339
1599
2059
1535
1333
1593
2059
1531
1341
1593
2053
1541
1339
1592
2059
1532
1325
1593
2064
1555
1331
1603
2055
1551
1351
1579
2053
1545
1329
1587
2061
1546
1357
1601
2063
1533
1325
1599
2061
1551
1341
1595
2055
1548
1319
1585
2053
1541
1302
1585
2057
1541
1315
1597
2063
1544
1339
1592
2066
1542
1373
1590
2053
1525
1325
1581
2059
1547
1329
1603
2061
1537
1325
1593
2063
1551
1352
1585
2055
1543
1331
1587
2057
1538
1335
1605
2057
1551
1339
1601
2063
1541
1333
1599
2061
1545
1355
1592
2055
1533
1343
1579
2053
1555
1333
1583
2061
1552
1315
1615
2065
1545
1363
1587
2063
1539
1352
1583
2057
1537
1339
1593
2059
1531
1321
1597
2061
1549
1358
1604
2065
1543
1335
1603
2061
1544
1359
1601
2051
1545
1356
1589
2061
1543
1337
1593
2063
1555
1355
1591
2067
1524
1321
1605
2057
1537
1313
1588
2055
1529
1329
1591
2061
1531
1327
1597
2063
1555
1325
1597
2063
1537
1348
1602
2059
1539
1331
1589
2059
1532
1325
1600
2059
1539
1351
1590
2061
1539
1341
1591
2055
1551
1363
1596
2056
1529
1339
1598
2059
1542
1315
1603
2063
1541
1325
1595
2065
1544
1358
1599
2055
1533
1343
1571
2053
1549
1321
1595
2061
1552
1317
1603
2062
1555
1323
1602
2063
1529
1321
1599
2059
1545
1307
1591
2057
1542
1331
1588
2061
1538
1358
1591
2065
1539
1335
1583
2059
1526
1353
1585
2057
1537
1323
1579
2056
1555
1325
1599
2061
1563
1349
1593
2063
1530
1331
1587
2061
1545
1345
1581
2055
1532
1353
1595
2059
1542
1325
1602
2063
1554
1313
1581
2061
1545
1339
1590
2057
1545
1319
1595
2057
1532
1323
1607
2061
1555
1351
1596
2063
1537
1315
1589
2063
1531
1351
1591
2055
1551
1321
1593
2059
1543
1333
1593
2065
1536
1365
1597
2061
1551
1367
1593
2055
1539
1318
1596
2053
1540
1309
1589
2064
1555
1361
1593
2068
1551
1331
1599
2063
1543
1329
1603
2059
1532
1327
1591
2057
1557
1333
1595
2061
1563
1335
1585
2065
1537
1331
1603
2059
1547
1345
1589
2057
1539
1327
1597
2059
1543
1345
1605
2063
1553
1341
1583
2055
1538
1347
1593
2057
1539
1313
1600
2055
1536
1325
1587
2059
1561
1331
1601
2063
1553
1364
1594
2059
1549
1337
1591
2053
1540
1323
1597
2059
1539
1315
1593
2059
1537
1331
1589
2063
1546
1341
1587
2055
1559
1333
1597
2057
1547
1349
1583
2061
1543
1321
1587
2065
1543
1327
1601
2059
1546
1377
1583
2055
1551
1335
1587
2057
1548
1325
1595
2061
1534
1319
1597
2063
1553
1329
1595
2061
1541
1315
1587
2053
1538
1321
1589
2061
1532
1349
1595
2065
1527
1333
1597
2061
1535
1323
1595
2057
1543
1325
1593
2057
1561
1348
1591
2057
1543
1331
1605
2065
1543
1333
1587
2061
1547
1325
1590
2061
1549
1333
1595
2059
1532
1327
1585
2057
1562
1333
1590
2065
1547
1361
1598
2057
1545
1325
1585
2055
1543
1325
1589
2057
1551
1337
1587
2065
1543
1327
1589
2059
1551
1343
1575
2061
1563
1353
1591
2057
1547
1335
1591
2061
1555
1319
1599
2067
1542
1337
1594
2055
1544
1343
1587
2059
1537
1339
1601
2057
1542
1333
1599
2061
1535
1329
1589
2063
1547
1374
1589
2055
1536
1349
1577
2056
1542
1351
1589
2061
1551
1343
1593
2061
1555
1346
1585
2063
1553
1343
1592
2059
1536
1337
1596
2057
1541
1333
1597
2057
1534
1317
1599
2065
1547
1313
1595
2059
1569
1331
1585
2057
1531
1339
1605
2059
1532
1329
1591
2063
1558
1337
1602
2063
1545
1331
1595
2059
1532
1301
1591
2053
1539
1338
1593
2063
1541
1329
1583
2065
1545
1331
1603
2061
1561
1321
1589
2057
1532
1335
1581
2055
1521
1310
1591
2061
1546
1329
1597
2063
1546
1331
1601
2061
1533
1333
1599
2057
1533
1327
1587
2055
1530
1315
1600
2067
1536
1325
1590
2063
1541
1356
1593
2057
1526
1323
1587
2053
1522
1356
1594
2063
1555
1331
1589
2067
1553
1351
1593
2061
1542
1339
1591
2057
1535
1319
1589
2055
1543
1317
1591
2063
1537
1337
1585
2065
1549
1358
1597
2061
1543
1346
1593
2057
1531
1333
1595
2057
1536
1315
1595
2063
1547
1335
1589
2061
1543
1300
1595
2057
1548
1347
1583
2057
1530
1321
1589
2059
1547
1327
1598
2063
1553
1339
1599
2061
1527
1343
1589
2059
1559
1323
1594
2059
1549
1305
1583
2063
1551
1333
1596
2062
1537
1349
1595
2057
1547
1311
1583
2053
1525
1333
1593
2057
1547
1322
1584
2065
1547
1317
1596
2061
1563
1345
1605
2057
1525
1335
1579
2059
1536
1351
1588
2059
1539
1345
1608
2063
1535
1331
1591
2061
1539
1311
1589
2055
1536
1343
1590
2053
1545
1335
1583
2057
1528
1329
1591
2065
1551
1353
1598
2057
1539
1298
1601
2059
1544
1313
1601
2061
1542
1309
1583
2065
1541
1313
1587
2061
1537
1316
1593
2055
1543
1317
1583
2057
1525
1339
1603
2061
1541
1315
1585
2067
1559
1337
1593
2062
1526
1347
1592
2055
1538
1331
1579
2057
1537
1329
1581
2059
1549
1355
1600
2065
1542
1317
1587
2057
1525
1352
1577
2057
1522
1359
1593
2061
1526
1337
1596
2065
1531
1345
1593
2063
1550
1351
1593
2055
1537
1341
1588
2057
1541
1363
1586
2063
1547
1337
1597
2066
1557
1308
1595
2059
1539
1343
1600
2053
1531
1327
1585
2055
1533
1355
1595
2061
1557
1344
1582
2061
1547
1333
1591
2061
1536
1349
1583
2053
1544
1339
1599
2063
1540
1327
1591
2067
1535
1323
1593
2061
1553
1301
1593
2055
1541
1337
1575
2057
1547
1312
1599
2063
1541
1337
1609
2063
1545
1339
1594
2059
1548
1363
1583
2053
1533
1380
1589
2059
1555
1329
1595
2061
1539
1329
1597
2061
1545
1351
1591
2057
1552
1339
1595
2051
1537
1323
1595
2061
1535
1337
1579
2063
1553
1335
1593
2061
1545
1311
1602
2055
1532
1325
1595
2055
1537
1321
1604
2057
1547
1344
1585
2065
1551
1335
1597
2057
1531
1355
1589
2055
1533
1321
1589
2059
1536
1309
1592
2063
1552
1323
1589
2063
1545
1359
1592
2057
1537
1325
1573
2054
1549
1339
1597
2062
1555
1311
1599
2063
1545
1341
1591
2063
1538
1357
1583
2059
1540
1317
1579
2057
1539
1318
1591
2057
1527
1328
1603
2061
1540
1337
1603
2061
1527
1353
1590
2055
1531
1321
1585
2057
1548
1331
1594
2063
1555
1362
1590
2061
1531
1329
1591
2059
1544
1325
1589
2055
1532
1323
1591
2057
1545
1341
1595
2063
1549
1323
1597
2059
1547
1333
1599
2055
1543
1321
1591
2059
1543
1327
1593
2061
1539
1321
1603
2067
1543
1337
1586
2061
1528
1321
1599
2053
1531
1312
1597
2055
1555
1323
1588
2063
1538
1341
1591
2063
1535
1319
1577
2061
1529
1323
1581
2055
1538
1329
1600
2057
1551
1325
1589
2065
1545
1323
1593
2059
1544
1333
1583
2055
1543
1314
1585
2057
1549
1339
1583
2061
1543
1343
1593
2063
1559
1335
1587
2057
1537
1333
1593
2057
1525
1333
1585
2059
1552
1363
1592
2067
1543
1341
1597
2063
1527
1341
1589
2057
1541
1333
1591
2055
1526
1345
1614
2065
1563
1319
1599
2063
1543
1335
1585
2059
1539
1301
1593
2053
1532
1347
1591
2055
1541
1333
1611
2057
1537
1339
1589
2059
1534
1343
1600
2053
1547
1323
1587
2055
1529
1343
1585
2057
1536
1331
1595
2067
1559
1329
1597
2059
1549
1337
1593
2059
1549
1329
1579
2057
1536
1331
1590
2061
1545
1323
1591
2067
1554
1343
1595
2059
1537
1346
1585
2057
1530
1319
1595
2059
1525
1333
1593
2065
1547
1335
1599
2059
1557
1331
1582
2061
1547
1331
1581
2057
1545
1303
1583
2061
1548
1319
1590
2065
1551
1353
1593
2059
1543
1333
1583
2057
1536
1343
1585
2059
1536
1327
1593
2063
1533
1321
1595
2067
1547
1339
1603
2059
1528
1319
1592
2053
1535
1314
1593
2059
1539
1325
1589
2061
1534
1333
1596
2057
1551
1341
1593
2061
1543
1333
1601
2055
1533
1300
1597
2060
1528
1327
1587
2064
1537
1327
1603
2061
1553
1325
1589
2059
1557
1327
1581
2057
1547
1327
1595
2063
1551
1331
1607
2065
1559
1301
1591
2059
1552
1301
1583
2057
1535
1327
1597
2059
1536
1333
1603
2064
1557
1329
1602
2057
1533
1313
1593
2055
1531
1323
1587
2056
1549
1329
1606
2065
1534
1339
1593
2063
1551
1329
1597
2059
1534
1331
1597
2055
1524
1319
1589
2059
1549
1341
1601
2063
1557
1349
1607
2063
1551
1321
1585
2057
1539
1299
1583
2055
1545
1339
1599
2059
1544
1319
1590
2063
1533
1337
1589
2063
1551
1337
1599
2055
1547
1323
1595
2055
1538
1325
1606
2059
1565
1333
1579
2063
1549
1311
1593
2061
1548
1339
1593
2057
1549
1340
1585
2059
1553
1319
1585
2063
1545
1323
1595
2065
1551
1343
1591
2063
1537
1347
1587
2053
1557
1335
1583
2061
1547
1341
1583
2067
1532
1319
1603
2065
1535
1327
1589
2059
1531
1327
1587
2059
1543
1329
1595
2057
1549
1335
1597
2065
1541
1334
1599
1718
1589
1329
1595
2055
1535
1331
1605
2057
1541
1323
1593
2063
1538
1329
1593
2059
1547
1323
1586
2055
1535
1321
1599
2055
1559
1341
1587
2061
1541
1305
1604
2065
1541
1351
1603
2057
1535
1329
1593
2059
1549
1310
1587
2057
1555
1331
1591
2057
1543
1343
1595
2061
1555
1306
1597
2055
1545
1321
1594
2050
1546
1362
1589
2059
1547
1317
1601
2057
1559
1312
1599
2059
1546
1323
1589
2057
1543
1337
1583
2055
1536
1349
1585
2059
1538
1358
1587
2065
1543
1321
1586
2061
1557
1312
1589
2059
1545
1319
1583
2058
1534
1327
1601
2065
1538
1329
1593
2065
1531
1314
1595
2055
1545
1372
1601
2057
1543
1321
1579
2059
1547
1321
1603
2063
1540
1343
1597
2064
1542
1353
1585
2055
1547
1345
1591
2059
1551
1307
1589
2061
1557
1325
1605
2063
1563
1325
1594
2059
1541
1341
1601
2061
1541
1343
1589
2057
1543
1359
1585
2063
1543
1327
1606
2069
1544
1339
1587
2065
1541
1341
1584
2055
1545
1343
1585
2057
1531
1315
1601
2061
1547
1325
1590
2067
1545
1349
1591
2057
1547
1321
1595
2055
1524
1351
1601
2059
1538
1321
1591
2065
1553
1329
1597
2061
1541
1337
1583
2055
1549
1349
1585
2059
1531
1337
1588
2065
1557
1354
1595
2063
1543
1313
1599
2059
1553
1327
1592
2051
1537
1351
1600
2061
1531
1341
1597
2065
1544
1331
1599
2062
1532
1333
1581
2059
1521
1365
1593
2053
1551
1359
1585
2061
1547
1351
1611
2067
1553
1331
1591
2063
1543
1331
1585
2057
1537
1351
1583
2057
1537
1347
1590
2063
1547
1376
1599
2067
1557
1331
1583
2059
1537
1329
1575
2053
1547
1353
1599
2057
1537
1327
1603
2065
1543
1313
1606
2063
1543
1359
1588
2061
1557
1363
1597
2057
1545
1325
1600
2059
1545
1363
1601
2065
1545
1351
1597
2059
1543
1345
1589
2057
1535
1327
1587
2061
1537
1319
1600
2061
1541
1349
1599
2063
1537
1347
1581
2063
1541
1324
1585
2055
1543
1341
1585
2061
1535
1325
1583
2059
1550
1329
1589
2063
1543
1329
1597
2059
1528
1331
1595
2057
1537
1335
1595
2059
1538
1343
1597
2069
1551
1339
1591
2061
1551
1357
1589
2053
1545
1339
1591
2061
1551
1341
1605
2063
1553
1331
1595
2065
1541
1353
1589
2059
1539
1335
1596
2055
1543
1346
1589
2061
1541
1325
1589
2067
1551
1339
1593
2061
1545
1353
1596
2059
1540
1315
1583
2059
1553
1345
1599
2063
1537
1355
1589
2063
1555
1361
1599
2059
1545
1335
1595
2059
1543
1355
1592
2061
1543
1341
1585
2061
1548
1339
1577
2066
1535
1349
1591
2057
1543
1317
1583
2053
1545
1327
1591
2061
1530
1361
1595
2065
1553
1335
1593
2061
1541
1327
1602
2055
1535
1307
1589
2057
1543
1337
1590
2065
1547
1319
1593
2065
1549
1338
1591
2059
1525
1351
1583
2057
1543
1323
1593
2059
1541
1337
1598
2061
1541
1321
1604
2064
1545
1337
1597
2058
1521
1339
1584
2059
1533
1333
1591
2059
1543
1320
1589
2065
1545
1345
1585
2061
1561
1337
1587
2057
1553
1333
1579
2055
1555
1313
1605
2059
1545
1329
1603
2057
1553
1327
1597
2059
1559
1315
1597
2057
1539
1349
1591
2057
1545
1339
1597
2059
1543
1339
1587
2061
1542
1351
1595
2061
1531
1333
1571
2059
1549
1306
1599
2057
1552
1345
1593
2059
1560
1323
1583
2063
1531
1347
1587
2055
1538
1339
1593
2059
1559
1339
1597
2065
1547
1329
1595
2065
1537
1349
1585
2057
1539
1335
1587
2055
1538
1315
1592
2059
1553
1329
1591
2063
1542
1319
1577
2064
1532
1329
1575
2055
1541
1357
1585
2057
1528
1333
1595
2059
1553
1359
1604
2066
1555
1319
1597
2059
1539
1307
1577
2055
1524
1315
1585
2057
1549
1331
1596
2061
1539
1335
1589
2065
1546
1323
1595
2063
1551
1331
1583
2057
1547
1329
1593
2061
1555
1333
1585
2063
1540
1327
1590
2061
1553
1325
1591
2059
1543
1336
1592
2055
1529
1341
1589
2063
1545
1347
1615
2067
1545
1327
1604
2063
1543
1339
1591
2057
1546
1317
1593
2057
1542
1333
1594
2061
1543
1349
1597
2063
1535
1325
1592
2059
1537
1329
1591
2057
1543
1325
1586
2059
1525
1327
1587
2063
1539
1345
1593
2060
1553
1313
1597
2057
1551
1315
1585
2057
1538
1323
1598
2061
1542
1329
1587
2065
1541
1311
1583
2057
1549
1372
1593
2057
1527
1323
1587
2059
1536
1323
1591
2065
1543
1329
1599
2063
1523
1321
1583
2059
1551
1323
1583
2057
1547
1321
1595
2059
1559
1314
1589
2063
1540
1347
1597
2061
1545
1333
1586
2059
1545
1321
1587
2059
1547
1339
1587
2060
1538
1339
1591
2060
1545
1358
1597
2059
1556
1357
1593
2057
1543
1333
1586
2063
1549
1321
1606
2061
1539
1335
1603
2065
1531
1309
1587
2061
1540
1315
1595
2059
1543
1331
1599
2059
1543
1323
1581
2067
1528
1329
1591
2061
1532
1351
1586
2059
1546
1319
1589
2055
1549
1325
1593
2063
1537
1325
1585
2065
1547
1331
1583
2055
1545
1323
1598
2057
1561
1311
1591
2061
1532
1329
1589
2059
1545
1331
1593
2057
1552
1327
1597
2059
1537
1327
1591
2059
1531
1324
1597
2061
1550
1328
1601
2065
1532
1315
1583
2061
1544
1339
1587
2055
1545
1337
1581
2057
1537
1313
1579
2065
1555
1351
1602
2065
1539
1319
1591
2059
1541
1321
1585
2053
1547
1319
1585
2057
1547
1319
1601
2061
1541
1317
1601
2059
1542
1323
1596
2063
1549
1329
1590
2057
1527
1347
1589
2067
1545
1329
1593
2065
1546
1343
1592
2062
1536
1295
1587
2055
1532
1331
1591
2061
1534
1331
1592
2061
1545
1339
1590
2059
1561
1345
1573
2059
1541
1297
1589
2055
1537
1329
1594
2059
1545
1313
1601
2061
1547
1342
1603
2063
1534
1323
1592
2059
1531
1325
1577
2059
1539
1299
1593
2059
1548
1327
1587
2065
1554
1319
1580
2059
1537
1325
1597
2053
1535
1313
1593
2057
1541
1345
1600
2061
1559
1311
1587
2065
1557
1333
1583
2059
1543
1319
1589
2057
1537
1317
1589
2061
1547
1331
1607
2065
1562
1345
1595
2061
1546
1329
1597
2061
1530
1339
1585
2057
1547
1351
1595
2057
1545
1319
1591
2067
1540
1329
1584
2065
1539
1319
1585
2053
1531
1351
1595
2061
1545
1345
1593
2057
1551
1337
1601
1208
1888
1531
