3039
2265
1952
2393
3045
2289
1967
2372
3053
2283
1944
2350
3041
2266
1948
2333
3046
2265
1918
2335
3049
2278
1956
2334
3047
2264
1908
2341
3040
2265
1936
2336
3043
2269
1968
2344
3053
2283
1918
2349
3051
2277
1934
2347
3041
2273
1940
2329
3041
2287
1932
2366
3047
2265
1952
2356
3045
2257
1930
2339
3041
2252
1920
2346
3043
2267
1946
2353
3053
2278
1928
2362
3049
2266
1946
2341
3041
2263
1948
2338
3051
2283
1944
2349
3052
2283
1904
2346
3047
2253
1948
2343
3043
2255
1928
2345
3045
2275
1956
2348
3051
2258
1919
2339
3045
2268
1938
2347
3036
2257
1936
2346
3049
2261
1934
2361
3047
2278
1940
2351
3051
2269
1954
2333
3039
2273
1934
2362
3051
2289
1942
2361
3047
2273
1910
2342
3049
2260
1944
2347
2313
2281
1930
2347
3055
2249
1934
2362
3049
2276
1926
2331
3042
2272
1966
2351
3045
2269
1950
2342
3057
2277
1929
2347
3055
2283
1964
2333
3043
2267
1924
2342
3043
2281
1926
2347
3047
2277
1957
2354
3041
2265
1936
2334
3041
2245
1908
2337
3049
2267
1948
2346
3053
2289
1916
2335
3039
2269
1928
2335
3039
2251
1948
2346
3045
2263
1932
2336
3055
2272
1944
2347
3043
2271
1928
2337
3039
2248
1958
2340
3049
2271
1940
2361
3053
2259
1940
2344
3043
2266
1914
2339
3041
2268
1936
2329
3049
2289
1954
2346
3051
2282
1917
2357
3048
2270
1926
2341
3039
2263
1936
2352
3051
2259
1930
2359
3047
2265
1926
2348
3045
2279
1952
2338
3053
2278
1942
2345
3047
2283
1954
2345
3047
2269
1948
2360
3041
2261
1904
2350
3050
2259
1920
2345
3051
2265
1944
2338
3051
2287
1926
2335
3037
2256
1903
2339
3043
2270
1936
2341
3059
2265
1914
2366
3047
2285
1942
2332
3037
2269
1940
2337
3046
2277
1936
2333
3056
2263
1926
2339
3047
2259
1928
2341
3039
2259
1955
2336
3047
2259
1952
2340
3049
2267
1934
2331
3053
2265
1940
2340
3047
2261
1968
2347
3053
2270
1942
2349
3049
2273
1946
2343
3043
2255
1938
2343
3047
2269
1936
2337
3055
2272
1942
2361
3055
2281
1952
2346
3041
2259
1932
2351
3039
2283
1906
2349
3053
2291
1913
2358
3055
2265
1930
2337
3039
2275
1934
2337
3039
2275
1946
2354
3049
2289
1946
2343
3050
2283
1922
2336
3045
2281
1936
2337
3045
2259
1940
2348
3050
2273
1928
2346
3051
2269
1922
2329
3041
2268
1928
2353
3047
2273
1954
2356
3055
2276
1963
2337
3049
2260
1916
2345
3044
2269
1932
2342
3049
2250
1962
2345
3056
2263
1949
2343
3043
2277
1936
2335
3039
2263
1968
2335
3045
2285
1932
2352
3053
2277
1968
2338
3043
2269
1946
2339
3043
2281
1932
2340
3045
2279
1956
2356
3051
2274
1969
2331
3041
2262
1918
2339
3038
2251
1922
2342
3049
2257
1930
2349
3054
2279
1916
2352
3039
2269
1958
2353
3041
2271
1932
2337
3051
2257
1938
2338
3049
2266
1916
2350
3039
2267
1934
2341
3047
2263
1966
2362
3047
2285
1942
2353
3048
2285
1926
2333
3041
2261
1936
2343
3045
2271
1916
2353
3053
2281
1938
2343
3043
2285
1938
2324
3039
2259
1932
2352
3043
2266
1928
2343
3053
2275
1922
2349
3045
2273
1914
2328
3039
2270
1964
2339
3045
2279
1952
2358
3053
2255
1944
2337
3049
2289
1936
2345
3035
2261
1952
2339
3051
2266
1928
2349
3053
2279
1912
2326
3039
2285
1936
2327
3041
2273
1934
2367
3048
2275
1926
2365
3055
2269
1938
2340
3047
2273
1924
2327
3039
2267
1940
2354
3049
2289
1946
2353
3053
2277
1922
2343
3039
2277
1932
2337
3043
2265
1950
2349
3055
2284
1913
2333
3045
2277
1922
2340
3043
2270
1932
2345
3043
2273
1936
2343
3049
2275
1938
2338
3051
2259
1936
2331
3039
2244
1930
2333
3068
2245
1952
2346
3052
2266
1962
2347
3049
2285
1920
2346
3037
2265
1934
2358
3057
2263
1944
2341
3064
2261
1928
2342
3049
2269
1936
2344
3039
2272
1922
2343
3045
2281
1936
2353
3051
2271
1924
2343
3045
2257
1938
2335
3043
2249
1944
2351
3049
2264
1940
2349
3050
2258
1942
2341
3041
2251
1966
2339
3045
2253
1926
2337
3049
2275
1942
2346
3050
2279
1940
2358
3045
2283
1946
2344
3043
2264
1938
2339
3053
2269
1950
2353
3049
2252
1966
2353
3036
2268
1955
2341
3043
2285
1944
2343
3055
2277
1954
2347
3048
2281
1926
2335
3045
2249
1948
2338
3043
2263
1928
2345
3055
2251
1942
2337
3047
2277
1928
2348
3043
2266
1954
2341
3046
2255
1968
2341
3051
2281
1973
2349
3049
2273
1924
2341
3037
2266
1926
2350
3045
2259
1930
2351
3058
2275
1968
2341
3045
2295
1942
2336
3035
2269
1918
2345
3051
2261
1928
2345
3054
2283
1960
2342
3047
2273
1918
2331
3042
2261
1938
2343
3045
2249
1956
2352
3053
2279
1953
2341
3041
2258
1938
2341
3039
2269
1948
2333
3053
2278
1926
2336
3049
2269
1938
2338
3043
2283
1928
2337
3047
2259
1946
2349
3050
2269
1948
2345
3049
2273
1944
2341
3039
2265
1956
2349
3041
2277
1932
2362
3049
2261
1936
2343
3049
2257
1952
2337
3045
2253
1930
2349
3049
2276
1940
2343
3055
2265
1969
2341
3050
2269
1932
2344
3043
2252
1920
2341
3046
2262
1950
2331
3051
2283
1938
2329
3045
2268
1922
2342
3039
2259
1922
2358
3045
2253
1960
2349
3057
2270
1928
2360
3047
2262
1944
2345
3043
2265
1927
2347
3049
2258
1958
2355
3049
2281
1911
2346
3048
2267
1936
2337
3037
2256
1944
2343
3049
2275
1956
2335
3047
2271
1962
2330
3043
2257
1942
2342
3045
2283
1934
2349
3049
2281
1940
2343
3058
2269
1942
2347
3046
2273
1938
2335
3035
2267
1948
2341
3051
2263
1954
2346
3047
2257
1916
2348
3041
2263
1944
2347
3047
2266
1932
2345
3054
2283
1950
2350
3049
2284
1926
2334
3041
2279
1958
2336
3047
2269
1960
2346
3047
2277
1930
2345
3048
2263
1912
2345
3039
2265
1930
2337
3041
2279
1946
2346
3059
2287
1926
2346
3050
2259
1960
2348
3043
2281
1920
2336
3049
2275
1942
2340
3053
2283
1936
2336
3047
2259
1954
2335
3037
2271
1958
2339
3057
2273
1948
2363
3057
2260
1942
2353
3043
2275
1906
2340
3042
2273
1930
2339
3048
2284
1920
2337
3048
2269
1936
2342
3045
2265
1918
2334
3040
2264
1942
2357
3054
2267
1952
2338
3053
2260
1926
2345
3047
2279
1934
2349
3041
2285
1914
2343
3049
2285
1922
2341
3054
2266
1948
2346
3041
2269
1932
2332
3049
2279
1948
2352
3055
2275
1956
2353
3047
2273
1944
2340
3041
2255
1929
2343
3047
2272
1957
2349
3051
2277
1950
2352
3045
2266
1917
2345
3043
2269
1952
2331
3044
2275
1934
2344
3051
2282
1962
2339
3045
2285
1952
2336
3037
2261
1938
2350
3048
2281
1930
2361
3053
2287
1952
2362
3045
2282
1930
2352
3039
2272
1950
2339
3045
2271
1938
2344
3049
2287
1947
2325
3047
2268
1922
2346
3041
2265
1938
2344
3049
2279
1936
2351
3047
2266
1916
2362
3041
2253
1910
2334
3045
2255
1946
2350
3051
2264
1926
2356
3051
2269
1920
2344
3043
2256
1946
2350
3043
2267
1928
2340
3051
2287
1938
2350
3051
2275
1960
2334
3039
2267
1940
2338
3043
2269
1918
2352
3055
2286
1942
2356
3050
2281
1940
2348
3037
2267
1963
2335
3047
2262
1954
2349
3053
2275
1924
2338
3045
2265
1932
2344
3037
2266
1919
2347
3048
2257
1976
2347
3051
2267
1916
2338
3045
2275
1932
2323
3037
2248
1928
2340
3047
2266
1946
2359
3057
2263
1958
2349
3049
2257
1944
2337
3041
2281
1922
2338
3043
2287
1940
2350
3051
2265
1942
2343
3043
2266
1942
2339
3041
2274
1933
2337
3049
2273
1928
2353
3051
2273
1926
2333
3043
2293
1930
2343
3042
2247
1926
2341
3051
2256
1940
2345
3051
2271
1942
2344
3044
2267
1936
2336
3041
2289
1934
2337
3047
2287
1954
2352
3051
2272
1904
2334
3039
2279
1928
2329
3043
2249
1918
2340
3053
2261
1940
2344
3043
2258
1934
2345
3037
2249
1938
2338
3047
2281
1932
2356
3048
2291
1940
2342
3047
2263
1916
2354
3043
2269
1904
2351
3048
2267
1926
2337
3056
2263
1958
2357
3049
2281
1938
2321
3037
2261
1930
2353
3045
2267
1932
2351
3057
2257
1950
2345
3043
2281
1928
2339
3049
2251
1942
2346
3057
2264
1936
2345
3052
2261
1920
2349
3043
2269
1952
2338
3041
2275
1938
2339
3049
2273
1962
2341
3051
2273
1944
2328
3041
2256
1918
2323
3039
2270
1950
2332
3049
2267
1956
2347
3051
2278
1956
2349
3043
2263
1940
2340
3045
2267
1954
2342
3047
2262
1946
2339
3050
2269
1930
2344
3043
2263
1932
2337
3050
2254
1910
2345
3050
2275
1952
2352
3051
2285
1924
2339
3042
2275
1948
2343
3041
2269
1926
2358
3053
2266
1960
2347
3050
2262
1916
2329
3040
2255
1938
2338
3049
2293
1918
2345
3053
2271
1946
2336
3045
2261
1930
2348
3041
2258
1922
2345
3050
2273
1938
2368
3053
2285
1940
2332
3045
2250
1947
2335
3041
2285
1906
2346
3049
2278
1932
2337
3055
2279
1928
2331
3043
2250
1934
2343
3045
2267
1950
2339
3052
2273
1918
2353
3051
2285
1938
2330
3045
2262
1947
2336
3041
2267
1970
2335
3054
2279
1926
2346
3049
2275
1938
2343
3039
2268
1938
2331
3043
2265
1944
2351
3053
2283
1928
2345
3045
2276
1936
2345
3044
2261
1884
2336
3043
2270
1958
2341
3051
2285
1940
2352
3047
2265
1956
2341
3045
2263
1918
2347
3045
2275
1921
2350
3053
2265
1942
2354
3047
2265
1922
2349
3037
2257
1928
2323
3045
2262
1958
2344
3055
2271
1952
2341
3051
2281
1950
2336
3041
2257
1934
2339
3047
2281
1932
2345
3052
2261
1934
2353
3043
2257
1956
2343
3041
2246
1936
2366
3057
2275
1944
2348
3055
2266
1922
2341
3043
2269
1934
2339
3039
2265
1940
2347
3047
2271
1954
2335
3049
2264
1960
2329
3044
2265
1914
2333
3039
2275
1952
2349
3049
2273
1942
2360
3049
2271
1960
2343
3043
2247
1921
2358
3040
2258
1944
2344
3055
2269
1926
2346
3051
2270
1903
2337
3040
2258
1930
2349
3045
2271
1926
2339
3051
2266
1916
2364
3046
2277
1934
2329
3040
2255
1934
2345
3045
2273
1926
2357
3053
2285
1942
2340
3049
2267
1920
2355
3037
2254
1922
2337
3047
2265
1948
2351
3053
2270
1948
2341
3051
2259
1926
2341
3040
2263
1936
2337
3047
2281
1920
2355
3050
2263
1932
2350
3044
2257
1920
2346
3037
2271
1936
2336
3046
2265
1936
2349
3055
2265
1926
8006
2943
2398
3071
2835
3054
2979
3049
3031
3055
1698
1879
1898
2761
2924
3182
3019
2977
3047
3003
3050
2170
1712
2135
2989
2589
2289
2194
2587
1930
2757
2268
2309
2299
1934
3043
2170
2343
2287
1977
2765
2033
2517
2277
2204
2494
1930
2852
2260
2330
2269
1932
2930
2104
2323
2268
2144
2587
1934
2686
2269
2329
2325
1928
2341
3045
2273
1932
2336
3049
2254
1916
2349
3057
2254
1938
2343
3049
2265
1946
2338
3037
2267
1946
2337
3048
2252
1952
2341
3057
2271
1948
2352
3045
2253
1956
2323
3041
2260
1938
2337
3048
2261
1950
2347
3053
2271
1918
2335
3052
2266
1910
2341
3047
2275
1950
2361
3045
2264
1954
2347
3050
2267
1928
2338
3043
2265
1928
2349
3046
2272
1952
2343
3056
2252
1940
2336
3055
2267
1918
2334
3047
2264
1906
2339
3041
2261
1952
2344
3051
2271
1940
2348
3055
2273
1938
2333
3043
2273
1932
2340
3045
2277
1936
2338
3050
2268
1954
2343
3044
2263
1928
2336
3047
2247
1930
2333
3045
2260
1950
2347
3056
2269
1930
2329
3051
2256
1951
2353
3041
2277
1940
2344
3045
2281
1962
2344
3055
2289
1932
2349
3046
2269
1938
2333
3039
2265
1950
2352
3049
2275
1922
2335
3053
2274
1942
2340
3044
2255
1932
2335
3039
2257
1920
2359
3047
2270
1960
2345
3055
2267
1944
2349
3041
2254
1910
2339
3035
2267
1920
2350
3047
2276
1946
2352
3058
2285
1910
2333
3045
2255
1906
2330
3043
2285
1916
2355
3053
2271
1928
2337
3050
2281
1927
2351
3043
2254
1930
2341
3046
2270
1926
2342
3055
2279
1936
2352
3053
2254
1926
2341
3046
2238
1930
2331
3043
2263
1948
2354
3047
2264
1934
2361
3050
2277
1957
2339
3041
2269
1907
2350
3047
2277
1945
2349
3057
2289
1944
2350
3047
2277
1924
2342
3037
2270
1953
2337
3050
2256
1916
2349
3057
2263
1946
2357
3049
2254
1929
2347
3041
2258
1950
2341
3047
2265
1965
2348
3055
2275
1968
2368
3045
2269
1952
2335
3039
2279
1930
2343
3041
2273
1936
2354
3051
2293
1936
2352
3045
2266
1944
2357
3050
2269
1934
2331
3048
2275
1934
2337
3045
2274
1930
2335
3045
2260
1956
2340
3046
2265
1922
2340
3090
2291
1972
2383
3053
2293
1955
2336
3042
2263
1936
2349
3041
2271
1932
2333
3049
2263
1956
2342
3055
2283
1946
2349
3041
2277
1920
2337
3044
2273
1932
2344
3051
2267
1912
2345
3049
2267
1930
2351
3041
2265
1946
2346
3045
2289
1932
2360
3050
2274
1912
2345
3049
2263
1913
2339
3045
2261
1960
2348
3047
2273
1926
2349
3055
2275
1968
2350
3043
2258
1924
2331
3037
2241
1950
2345
3053
2263
1952
2341
3051
2283
1934
2341
3043
2267
1942
2347
3039
2245
1954
2338
3047
2265
1960
2351
3051
2266
1950
2345
3045
2263
1937
2340
3043
2275
1926
2345
3047
2273
1973
2344
3047
2269
1913
2352
3043
2269
1956
2331
3043
2259
1946
2354
3047
2262
1938
2343
3049
2263
1934
2341
3041
2283
1910
2348
3043
2251
1916
2348
3051
2260
1943
2357
3047
2267
1932
2345
3041
2251
1926
2338
3051
2260
1916
2345
3055
2279
1938
2350
3049
2269
1946
2333
3037
2262
1900
2337
3047
2267
1930
2354
3061
2268
1932
2356
3052
2275
1916
2341
3039
2249
1912
2346
3043
2250
1915
2340
3052
2287
1936
2344
3051
2261
1926
2335
3041
2241
1921
2336
3049
2277
1953
2364
3054
2265
1934
2345
3047
2265
1924
2344
3042
2269
1940
2345
3050
2288
1952
2342
3053
2272
1930
2347
3047
2265
1946
2343
3041
2255
1928
2344
3053
2249
1922
2363
3055
2271
1920
2350
3046
2269
1936
2332
3041
2257
1936
2350
3055
2279
1938
2356
3057
2260
1957
2355
3041
2258
1938
2347
3041
2259
1946
2354
3049
2289
1950
2336
3051
2246
1966
2347
3045
2255
1960
2330
3047
2265
1932
2366
3052
2291
1916
2347
3049
2267
1921
2336
3039
2271
1924
2331
3047
2265
1928
2354
3059
2279
1930
2337
3047
2266
1918
2350
3047
2264
1938
2335
3049
2279
1928
2341
3053
2263
1970
2345
3045
2259
1934
2340
3039
2259
1930
2341
3047
2267
1946
2359
3051
2266
1932
2342
3045
2277
1930
2339
3039
2260
1944
2357
3052
2259
1956
2354
3049
2263
1916
2343
3044
2252
1936
2333
3039
2258
1912
2345
3051
2253
1954
2351
3053
2270
1920
2345
3043
2261
1922
2331
3051
2259
1916
2339
3051
2274
1934
2339
3047
2273
1952
2345
3041
2268
1921
2337
3049
2262
1959
2351
3049
2265
1968
2356
3051
2272
1918
2342
3041
2269
1944
2337
3042
2269
1916
2353
3057
2267
1950
2345
3053
2273
1928
2339
3043
2261
1938
2325
3045
2284
1938
2347
3051
2261
1928
2342
3042
2261
1932
2346
3041
2261
1924
2339
3049
2275
1944
2338
3055
2272
1942
2337
3043
2268
1932
2333
3039
2261
1964
2347
3043
2267
1948
2337
3052
2273
1948
2341
3045
2263
1944
2331
3037
2277
1936
2337
3045
2262
1940
2337
3049
2269
1946
2344
3047
2257
1901
2349
3042
2267
1914
2356
3047
2279
1924
2352
3049
2271
1942
2351
3044
2252
1934
2339
3049
2261
1938
2353
3051
2283
1930
2359
3051
2265
1928
2333
3039
2263
1936
2337
3049
2262
1900
2345
3068
2281
1960
2386
3049
2275
1910
2340
3039
2273
1950
2343
3049
2247
1928
2357
3055
2285
1926
2350
3045
2263
1960
2337
3043
2255
1940
2349
3049
2281
1924
2345
3053
2275
1936
2347
3043
2267
1927
2343
3041
2261
1983
2335
3049
2267
1940
2345
3052
2253
1942
2352
3041
2252
1940
2323
3039
2261
1930
2344
3048
2275
1947
2350
3057
2273
1942
2343
3043
2262
1917
2349
3043
2257
1934
2333
3049
2273
1947
2343
3054
2269
1956
2345
3045
2247
1952
2337
3041
2279
1944
2339
3049
2265
1928
2352
3051
2263
1926
2342
3045
2268
1940
2345
3043
2273
1946
2348
3055
2263
1938
2347
3048
2256
1928
2347
3039
2243
1924
2339
3045
2259
1950
2353
3051
2270
1964
2346
3052
2279
1946
2345
3039
2257
1942
2355
3045
2261
1962
2341
3055
2261
1942
2338
3045
2278
1948
2341
3037
2258
1950
2331
3051
2237
1922
2343
3053
2271
1934
2333
3046
2254
1936
2334
3043
2297
1950
2338
3057
2285
1956
2340
3049
2276
1962
2345
3044
2273
1978
2325
3039
2267
1936
2343
3058
2281
1954
2337
3055
2253
1920
2334
3043
2265
1925
2335
3036
2268
1938
2354
3050
2265
1958
2369
3056
2262
1930
2335
3043
2277
1959
2325
3041
2281
1922
2341
3047
2263
1930
2335
3051
2277
1950
2336
3043
2283
1936
2337
3043
2254
1964
2357
3051
2277
1976
2341
3051
2275
1926
2333
3045
2279
1960
2345
3053
2255
1944
2337
3053
2293
1944
2343
3047
2256
1928
2325
3039
2281
1936
2350
3045
2267
1924
2347
3053
2273
1948
2336
3051
2285
1922
2331
3037
2258
1950
2339
3045
2274
1916
2351
3053
2247
1936
2343
3049
2282
1920
2343
3045
2264
1940
2343
3047
2267
1932
2348
3055
2274
1920
2341
3044
2285
1952
2339
3041
2258
1913
2354
3047
2291
1936
2346
3051
2279
1950
2360
3043
2293
1940
2335
3045
2265
1916
2342
3052
2299
1960
2346
3053
2279
1897
2340
3041
2257
1934
2337
3041
2263
1929
2346
3047
2255
1938
2345
3052
2252
1952
2352
3043
2257
1914
2335
3047
2285
1950
2352
3052
2277
1961
2345
3043
2255
1944
2347
3047
2244
1944
2329
3045
2270
1903
2337
3057
2263
1925
2353
3045
2263
1941
2362
3041
2261
1916
2365
3050
2265
1919
2344
3051
2275
1944
2341
3046
2275
1940
2348
3040
2255
1926
2344
3051
2265
1938
2343
3059
2268
1928
2348
3051
2255
1950
2337
3039
2259
1961
2341
3052
2259
1964
2351
3053
2272
1956
2349
3048
2270
1922
2349
3043
2263
1957
2337
3049
2283
1966
2349
3052
2273
1920
2333
3045
2265
1918
2331
3045
2262
1934
2341
3053
2279
1940
2345
3049
2283
1954
2342
3043
2237
1964
2357
3048
2269
1934
2345
3049
2251
1938
2348
3051
2262
1953
2335
3039
2258
1944
2345
3043
2265
1926
2356
3063
2281
1943
2355
3052
2265
1944
2338
3039
2263
1924
2347
3043
2279
1930
2341
3049
2271
1938
2344
3053
2269
1928
2341
3043
2254
1936
2335
3041
2281
1928
2350
3077
2255
1926
2343
3046
2264
1930
2335
3041
2241
1909
2352
3045
2277
1958
2337
3055
2265
1918
2338
3045
2261
1929
2341
3041
2270
1920
2350
3053
2271
1967
2358
3054
2271
1950
2333
3041
2254
1926
2349
3037
2252
1952
2352
3051
2285
1944
2356
3057
2277
1944
2332
3041
2280
1934
2321
3039
2265
1897
2354
3051
2259
1938
2343
3051
2275
1925
2338
3045
2259
1950
2338
3045
2277
1940
2337
3051
2271
1915
2341
3051
2273
1930
2334
3039
2268
1919
2349
3053
2277
1906
2335
3061
2273
1926
2348
3045
2264
1930
2327
3044
2259
1964
2335
3045
2253
1936
2338
3046
2269
1952
2363
3043
2275
1914
2337
3039
2269
1924
2346
3047
2266
1932
2356
3053
2291
1948
2353
3041
2268
1916
2345
3040
2271
1936
2326
3057
2261
1926
2339
3055
2278
1946
2349
3043
2277
1918
2336
3037
2281
1936
2352
3047
2264
1928
2353
3050
2267
1926
2347
3041
2264
1926
2337
3041
2256
1936
2351
3051
2271
1960
2341
3051
2273
1942
2333
3041
2273
1911
2337
3049
2269
1930
2346
3047
2270
1950
2338
3047
2270
1938
2351
3040
2268
1932
2348
3041
2279
1918
2333
3049
2275
1938
2341
3047
2259
1928
2330
3041
2252
1940
2333
3043
2263
1930
2335
3055
2279
1946
2360
3049
2260
1968
2331
3039
2263
1946
2340
3044
2265
1956
2351
3055
2266
1928
2348
3046
2277
1954
2335
3037
2255
1956
2347
3041
2275
1922
2341
3059
2279
1938
2352
3043
2285
1922
2345
3045
2250
1940
2359
3049
2273
1940
2337
3051
2279
1928
2339
3043
2252
1934
2345
3037
2249
1954
2340
3051
2259
1956
2360
3053
2297
1944
2339
3049
2262
1920
2343
3041
2271
1924
2343
3045
2261
1950
2347
3056
2277
1940
2346
3041
2267
1914
2330
3043
2262
1952
2343
3048
2271
1954
2342
3049
2283
1948
2348
3045
2271
1905
2339
3043
2267
1946
2353
3049
2261
1940
2358
3052
2266
1936
2347
3041
2259
1946
2349
3041
2283
1954
2351
3048
2271
1915
2348
3048
2261
1914
2345
3039
2281
1944
2341
3043
2273
1932
2350
3057
2261
1931
2348
3045
2259
1922
2337
3038
2269
1926
2335
3045
2271
1924
2362
3048
2271
1924
2347
3045
2285
1926
2332
3037
2250
1962
2341
3045
2270
1905
2347
3059
2277
1958
2354
3045
2264
1950
2343
3037
2275
1928
2343
3047
2281
1967
2347
3051
2272
1932
2344
3040
2260
1928
2329
3047
2261
1940
2355
3049
2283
1948
2351
3053
2284
1918
2337
3048
2251
1932
2344
3041
2267
1926
2336
3049
2269
1942
2337
3049
2275
1932
2334
3043
2269
1936
2341
3042
2267
1929
2349
3049
2273
1950
2333
3048
2287
1926
2337
3043
2261
1938
2335
3041
2267
1946
2356
3049
2269
1965
2343
3054
2263
1932
2331
3035
2253
1950
2333
3041
2267
1914
2335
3055
2267
1923
2344
3048
2291
1940
2345
3034
2261
1914
2340
3047
2273
1920
2342
3051
2277
1936
2351
3045
2256
1938
2339
3040
2281
1918
2340
3043
2283
1949
2347
3060
2256
1942
2339
3048
2281
1940
2334
3039
2270
1967
2341
3052
2258
1924
2358
3045
2269
1941
7490
2880
2273
1995
2345
3045
2275
1917
2349
3055
2277
1932
2352
3049
2291
1940
2341
3043
2291
1942
2323
3045
2260
1950
2337
3053
2274
1928
2347
3051
2279
1919
2327
3039
2261
1932
2335
3043
2254
1930
2343
3055
2287
1930
2346
3049
2249
1970
2343
3045
2275
1951
2335
3044
2263
1924
2339
3051
2265
1942
2360
3054
2266
1914
2345
3039
2263
1961
2345
3055
2283
1944
2359
3053
2281
1952
2349
3043
2271
1922
2348
3041
2250
1952
2339
3047
2262
1918
2347
3049
2275
1950
2346
3045
2267
1948
2337
3042
2265
1903
2341
3051
2277
1956
2348
3059
2283
1965
2343
3043
2267
1966
2337
3041
2271
1954
2337
3049
2277
1958
2343
3048
2287
1926
2345
3045
2271
1926
2347
3051
2267
1946
2343
3049
2269
1950
2344
3049
2259
1967
2341
3037
2257
1926
2337
3049
2251
1918
2348
3047
2293
1958
2353
3047
2278
1948
2345
3041
2253
1934
2334
3045
2265
1980
2353
3053
2277
1950
2337
3048
2281
1913
2332
3041
2276
1944
2319
3046
2293
1946
2338
3063
2257
1982
2350
3051
2281
1948
2335
3037
2253
1942
2340
3048
2283
1967
2346
3055
2273
1928
2349
3052
2273
1928
2337
3040
2255
1946
2351
3043
2265
1928
2345
3049
2265
1944
2342
3051
2275
1899
2338
3043
2258
1938
2343
3044
2275
1916
2333
3053
2271
1942
2337
3041
2266
1936
2345
3041
2269
1936
2362
3049
2299
1901
2337
3055
2273
1974
2341
3044
2271
1926
2337
3045
2271
1940
2351
3055
2269
1934
2363
3053
2259
1932
2346
3045
2270
1950
2345
3045
2278
1934
2345
3053
2269
1952
2349
3049
2256
1940
2329
3044
2268
1930
2333
3044
2261
1920
2346
3049
2271
1963
2358
3045
2268
1930
2337
3037
2275
1908
2356
3045
2262
1930
2353
3047
2267
1954
2341
3047
2277
1950
2341
3041
2252
1940
2335
3044
2265
1924
2351
3053
2283
1928
2344
3043
2271
1940
2343
3038
2277
1920
2348
3047
2281
1944
2353
3053
2266
1932
2363
3049
2281
1924
2336
3041
2275
1924
2351
3047
2269
1940
2358
3056
2273
1912
2352
3045
2270
1940
2337
3039
2275
1940
2344
3050
2263
1941
2340
3049
2280
1938
2345
3045
2266
1943
2339
3043
2265
1940
2337
3045
2266
1942
2343
3051
2289
1960
2343
3043
2279
1942
2338
3045
2255
1934
2349
3051
2263
1940
2341
3049
2261
1944
2340
3039
2263
1926
2353
3042
2265
1962
2350
3061
2265
1992
2350
3049
2274
1945
2327
3043
2259
1934
2352
3039
2277
1938
2345
3056
2283
1954
2331
3054
2287
1908
2348
3039
2272
1940
2341
3044
2295
1918
2363
3053
2265
1972
2351
3057
2269
1924
2340
3042
2271
1925
2346
3046
2287
1960
2361
3055
2275
1952
2354
3044
2258
1923
2334
3045
2265
1909
2329
3055
2253
1953
2344
3052
2266
1956
2341
3046
2259
1932
2324
3037
2255
1950
2351
3050
2281
1922
2344
3089
2263
1954
2356
3047
2283
1938
2339
3038
2275
1960
2349
3056
2283
1936
2340
3049
2266
1951
2341
3039
2279
1950
2333
3043
2268
1915
2342
3053
2267
1931
2363
3050
2244
1937
2330
3046
2283
1958
2351
3049
2263
1922
2353
3057
2273
1955
2342
3049
2281
1944
2339
3039
2261
1948
2333
3047
2257
1948
2354
3057
2263
1932
2348
3050
2267
1938
2333
3039
2263
1962
2355
3047
2265
1930
2358
3056
2258
1962
2334
3045
2267
1945
2333
3041
2252
1899
2341
3045
2264
1938
2350
3052
2299
1924
2335
3045
2261
1940
2339
3041
2252
1971
2343
3052
2259
1938
2340
3051
2274
1946
2337
3043
2265
1940
2338
3035
2267
1922
2355
3053
2269
1947
2343
3051
2276
1926
2347
3039
2263
1948
2340
3041
2278
1938
2357
3051
2251
1950
2357
3049
2275
1940
2339
3044
2262
1920
2325
3045
2261
1930
2351
3049
2271
1954
2357
3047
2264
1932
2339
3051
2253
1926
2341
3049
2257
1940
2347
3055
2287
1948
2349
3045
2267
1946
2345
3041
2273
1966
2355
3045
2260
1934
2350
3058
2271
1958
2339
3045
2258
1938
2343
3039
2256
1906
2343
3041
2253
1964
2340
3059
2274
1928
2347
3041
2255
1959
2344
3037
2247
1928
2352
3051
2272
1974
2345
3052
2269
1948
2346
3043
2261
1936
2325
3045
2271
1938
2347
3055
2268
1926
2356
3047
2281
1954
2351
3045
2260
1952
2321
3050
2283
1954
2338
3051
2264
1924
2360
3053
2274
1925
2345
3041
2265
1922
2338
3041
2262
1955
2345
3057
2289
1960
2339
3049
2265
1936
2324
3041
2258
1938
2339
3043
2276
1927
2367
3054
2281
1940
2336
3051
2266
1950
2331
3039
2261
1919
2349
3047
2277
1934
2344
3047
2285
1936
2355
3056
2283
1956
2339
3045
2270
1954
2340
3043
2275
1908
2343
3056
2273
1917
2348
3041
2269
1938
2339
3039
2252
1929
2357
3046
2287
1962
2342
3051
2283
1920
2343
3043
2277
1912
2345
3037
2275
1919
2340
3047
2265
1924
2345
3051
2251
1942
2353
3043
2267
1944
2325
3041
2268
1934
2359
3047
2273
1920
2339
3050
2279
1905
2333
3045
2284
1965
2339
3047
2257
1924
2359
3049
2273
1968
2342
3049
2273
1920
2345
3045
2266
1916
2336
3047
2261
1938
2338
3057
2273
1915
2335
3052
2277
1946
2348
3043
2281
1946
2335
3047
2283
1940
2349
3048
2289
1932
2346
3049
2275
1950
2340
3037
2275
1971
2331
3044
2269
1964
2344
3051
2273
1930
2351
3049
2254
1930
2346
3039
2267
1936
2346
3049
2272
1984
2351
3050
2289
1930
2347
3043
2283
1956
2335
3039
2268
1938
2349
3047
2277
1965
2339
3053
2249
1948
2360
3047
2272
1910
2341
3037
2264
1922
2347
3044
2279
1945
2349
3055
2271
1934
2349
3040
2284
1938
2337
3037
2269
1946
2342
3051
2280
1914
2355
3050
2267
1936
2339
3046
2261
1936
2347
3041
2257
1938
2331
3049
2256
1916
2357
3049
2271
1922
2340
3041
2250
1938
2339
3049
2269
1944
2347
3049
2273
1954
2353
3060
2283
1928
2355
3041
2256
1926
2338
3045
2283
1914
2348
3049
2278
1940
2337
3046
2273
1932
2331
3037
2273
1946
2343
3047
2273
1946
2341
3053
2257
1944
2352
3049
2269
1946
2345
3043
2267
1970
2348
3044
2263
1930
2362
3053
2260
1920
2346
3048
2270
1934
2327
3041
2251
1926
2346
3047
2266
1947
2354
3054
2262
1930
2347
3045
2259
1932
2348
3045
2252
1921
2355
3045
2279
1936
2347
3047
2269
1940
2353
3039
2243
1918
2345
3041
2255
1932
2333
3046
2306
1946
2361
3051
2253
1958
2333
3045
2287
1914
2336
3047
2278
1958
2337
3055
2272
1944
2349
3051
2293
1940
2342
3045
2250
1924
2326
3037
2273
1926
2342
3055
2271
1958
2355
3047
2261
1928
2346
3047
2258
1898
2333
3048
2273
1960
2348
3053
2269
1920
2354
3046
2260
1950
2359
3045
2253
1974
2350
3049
2295
1964
2329
3052
2279
1924
2355
3045
2265
1932
2337
3037
2265
1918
2343
3045
2273
1936
2340
3059
2277
1940
2348
3049
2281
1920
2335
3041
2255
1921
2342
3059
2277
1946
2349
3055
2259
1938
2345
3043
2239
1916
2332
3039
2269
1924
2343
3048
2277
1938
2343
3047
2263
1954
2340
3045
2263
1916
2349
3041
2293
1952
2345
3053
2267
1940
2358
3053
2260
1938
2336
3045
2271
1927
2341
3041
2273
1940
2347
3049
2271
1934
2341
3047
2266
1944
2351
3041
2269
1926
2338
3045
2289
1916
2339
3049
2274
1958
2341
3049
2283
1945
2343
3041
2263
1946
2345
3043
2283
1936
2342
3055
2269
1964
2343
3045
2253
1938
2325
3043
2251
72133
2295
2486
3015
2319
2249
1952
2250
2557
2886
44885
2170
1934
2394
2761
2551
2283
2057
1960
2341
2828
52679
2329
2106
1982
2404
2898
2513
2328
2025
2022
2394
2920
2470
2309
1990
2031
2396
2988
2357
2314
1983
2077
2388
44531
2248
2226
1964
2271
2521
2777
2268
2168
1932
2322
2618
2662
2277
2049
1938
2938
2115
2341
2277
2084
2601
1916
2676
2261
2311
2347
1958
3007
2189
2325
2267
1973
2785
2063
2493
2279
2182
2515
1954
2825
2263
2339
2244
1928
2363
3049
2275
1930
2329
3049
2271
1936
2345
3059
2281
1978
2343
3047
2272
1902
2350
3039
2269
1926
2338
3047
2273
1896
2346
3051
2273
1958
2353
3045
2265
1918
2334
3039
2249
1948
2341
3043
2255
1934
2356
3063
2291
1920
2335
3047
2280
1922
2335
3041
2263
1930
2334
3041
2266
1950
2335
3046
2285
1924
2355
3045
2259
1916
2339
3039
2285
1950
2331
3047
2256
1913
2353
3051
2285
1953
2347
3045
2275
1946
2319
3042
2269
1974
2352
3057
2259
1946
2347
3053
2253
1938
2342
3045
2293
1949
2341
3041
2273
1940
2336
3053
2270
1904
2343
3052
2269
1938
2345
3047
2265
1940
2338
3045
2258
1951
2351
3050
2287
1952
2354
3048
2269
1958
2345
3037
2269
1924
2341
3045
2271
1914
2354
3053
2266
1936
2350
3049
2267
1914
2354
3033
2273
1914
2348
3047
2271
1926
2349
3053
2281
1915
2355
3053
2255
1962
2332
3039
2257
1928
2335
3058
2254
1930
2341
3054
2257
1970
2352
3045
2259
1926
2340
3041
2272
1914
2339
3045
2275
1964
2354
3055
2273
1934
2339
3049
2253
1948
2325
3039
2267
1940
2338
3055
2268
1938
2337
3053
2253
1930
2346
3048
2255
1950
2343
3041
2270
1946
2337
3047
2254
1936
2352
3056
2283
1914
2346
3043
2280
1956
2339
3045
2279
1920
2336
3049
2263
1956
2351
3049
2281
1930
2339
3041
2259
1910
2332
3045
2262
1936
2344
3055
2270
1927
2355
3053
2261
1962
2351
3041
2250
1914
2361
3045
2253
1959
2351
3049
2267
1924
2344
3043
2276
1930
2349
3040
2264
1924
2345
3041
2289
1952
2340
3055
2271
1928
2341
3050
2266
1913
2340
3042
2275
1950
2340
3047
2269
1963
2357
3055
2278
1926
2343
3052
2259
1930
2341
3039
2269
1944
2335
3045
2281
1944
2350
3057
2285
1940
2337
3049
2263
1940
2337
3043
2263
1954
2337
3057
2275
1946
2351
3063
2265
1904
2345
3041
2275
1936
2349
3039
2272
1946
2353
3051
2267
1938
2335
3053
2281
1960
2348
3055
2269
1944
2331
3043
2272
1928
2342
3054
2281
1948
2336
3049
2273
1930
2356
3045
2277
1946
2338
3041
2257
1970
2344
3047
2271
1942
2351
3050
2268
1938
2335
3047
2273
1920
2354
3045
2266
1916
2345
3050
2259
1938
2348
3045
2259
1962
2337
3041
2261
1932
2345
3047
2283
1934
2340
3052
2285
1956
2349
3045
2273
1966
2339
3042
2261
1934
2340
3051
2271
1936
2354
3050
2268
1948
2349
3041
2273
1942
2325
3037
2283
1922
2347
3045
2266
1936
2347
3053
2269
1926
2346
3047
2263
1930
2337
3043
2279
1948
2337
3045
2257
1942
2337
3049
2267
1940
2349
3045
2266
1927
2335
3041
2259
1922
2366
3053
2267
1928
2349
3053
2271
1930
2341
3047
2259
1928
2334
3043
2269
1938
2342
3051
2266
1952
2359
3054
2265
1936
2346
3049
2252
1912
2331
3043
2265
1950
2335
3051
2279
1958
2341
3045
2275
1932
2339
3040
2247
1912
2337
3046
2265
1952
2344
3051
2287
1924
2345
3045
2273
1924
2344
3039
2267
1926
2355
3045
2277
1930
2347
3055
2283
1928
2342
3051
2268
1909
2353
3041
2254
1928
2341
3044
2273
1944
2351
3051
2277
1938
2350
3048
2277
1941
2347
3039
2263
1928
2351
3047
2276
1924
2338
3051
2268
1956
2337
3044
2279
1924
2333
3039
2281
1934
2345
3042
2282
1918
2353
3051
2267
1932
6251
2819
2277
1932
2337
3047
2267
1958
2333
3049
2277
1940
2395
2977
2501
2319
2019
2162
2408
3075
2345
2336
1973
2185
2396
3118
2336
2337
1982
2186
2414
2995
53119
2290
1930
2192
2410
2934
2280
2234
1944
2311
2543
2731
2271
2095
1944
2319
2273
1936
3049
2160
2333
2281
2010
2757
2020
2523
2269
2200
2513
1915
2843
2281
2339
3047
2252
1956
2334
3061
2268
1930
2324
3055
2289
1925
2347
3047
2247
1949
2331
3041
2266
1946
2333
3049
2262
1920
2347
3057
2285
1928
2341
3069
2269
1970
2345
3035
2261
1938
2339
3053
2275
1934
2346
3055
2276
1948
2339
3049
2267
1924
2346
3044
2255
1950
2347
3047
2270
1952
2343
3053
2275
1934
2329
3043
2261
1930
2334
3047
2273
1934
2335
3054
2289
1936
2358
3046
2274
1928
2344
3045
2273
1915
2341
3044
2263
1972
2340
3051
2275
1973
2358
3046
2262
1938
2353
3043
2261
1954
2338
3041
2267
1930
2341
3059
2263
1934
2341
3046
2263
1909
2342
3041
2250
1920
2347
3042
2278
1948
2344
3051
2283
1930
2356
3049
2263
1958
2339
3037
2265
1908
2351
3041
2271
1942
2349
3051
2260
1928
2353
3045
2258
1926
2330
3041
2271
1908
2338
3047
2252
1928
2347
3056
2275
1934
2350
3049
2279
1934
2333
3049
2262
1943
2343
3047
2273
1955
2353
3051
2279
1926
2348
3043
2256
1936
2351
3047
2267
1962
2346
3051
2260
1930
2347
3053
2276
1953
2346
3051
2275
1938
2347
3041
2287
1939
2343
3047
2262
1930
2350
3052
2238
1954
2341
3045
2273
1926
2345
3045
2264
1940
2340
3049
2255
1948
2344
3047
2273
1920
2341
3039
2257
1909
2337
3046
2271
1925
2329
3071
2273
1960
2353
3050
2267
1926
2337
3039
2281
1920
2357
3043
2254
1942
2354
3054
2265
1948
2327
3047
2275
1924
2348
3039
2269
1929
2337
3043
2265
1962
2343
3053
2255
1926
2350
3051
2261
1936
2341
3044
2289
1950
2360
3047
2273
1966
2347
3052
2268
1950
2343
3049
2263
1940
2349
3053
2261
1928
2342
3043
2268
1930
2347
3055
2277
1946
2340
3043
2267
1968
2341
3039
2287
1918
2349
3049
2301
1942
2350
3051
2279
1926
2346
3045
2248
1928
2347
3039
2279
1934
2346
3049
2268
1938
2350
3056
2280
1910
2350
3045
2273
1956
2343
3041
2262
1956
2351
3052
2261
1934
2350
3055
2269
1960
2356
3043
2255
1936
2333
3042
2267
1918
2338
3048
2274
1916
2342
3050
2275
1936
2327
3048
2242
1926
2342
3049
2265
1930
2350
3052
2263
1977
2353
3047
2259
1958
2339
3039
2249
1932
2352
3047
2271
1942
2351
3055
2261
1944
2347
3045
2277
1938
2330
3037
2265
1952
2341
3045
2259
1946
2345
3055
2265
1948
2345
3051
2258
1948
2345
3039
2275
1927
2347
3049
2285
1920
2339
3048
2275
1936
2344
3046
2257
1934
2352
3045
2262
1957
2341
3051
2273
1968
2345
3052
2263
1909
2347
3043
2252
1907
2333
3042
2254
1944
2352
3051
2267
1986
2329
3053
2250
1954
2337
3041
2271
1958
2335
3041
2273
1918
2356
3057
2274
1932
2351
3047
2267
1936
2347
3045
2253
1922
2331
3045
2269
1932
2348
3049
2283
1932
2346
3047
2280
1948
2345
3049
2271
1922
2341
3045
2259
1932
2347
3051
2263
1910
2337
3048
2277
1926
2335
3040
2277
1954
2347
3047
2269
1954
2337
3055
2256
1949
2344
3046
2257
1958
2350
3041
2261
1954
2347
3045
2293
1968
2357
3056
2289
1918
2354
3045
2277
1956
2343
3039
2253
1944
2336
3049
2289
1930
2347
3053
2271
1920
2337
3055
2272
1940
2331
3043
2281
1905
2359
3049
2275
1950
2357
3046
2283
1898
2335
3041
2264
1954
2327
3041
2253
1952
2339
3052
2297
1938
2352
3051
2273
1952
2351
3041
2281
1927
2335
3045
2271
1948
2353
3051
2293
1950
2343
3055
2264
1912
2333
3041
2257
1934
2350
3045
2272
1934
2345
3053
2273
1946
2347
3051
2259
1958
2333
3037
2258
1928
2339
3047
2273
1942
2337
3059
2275
1958
2354
3047
2272
1948
2331
3037
2257
1936
2342
3048
2269
1930
2349
3051
2278
1950
2359
3054
2253
1944
2327
3035
2265
1940
2340
3049
2262
1942
2347
3048
2268
1946
2346
3043
2271
1926
2340
3041
2281
1950
2351
3043
2275
1940
2347
3049
2257
1918
2339
3050
2271
1930
2339
3039
2249
1936
2349
3055
2265
1928
2342
3049
2249
1938
2355
3043
2275
1926
2336
3045
2268
1926
2343
3051
2271
1958
2363
3059
2269
1948
2338
3051
2261
1924
2343
3043
2247
1920
2335
3051
2259
1932
2346
3047
2269
1940
2352
3041
2264
1924
2351
3049
2263
1956
2338
3057
2256
1956
2355
3046
2250
1911
2341
3037
2277
1922
2349
3051
2272
1912
2345
3059
2263
1942
2331
3047
2269
1948
2345
3041
2255
1957
2347
3049
2277
1921
2354
3061
2291
1944
2348
3047
2265
1916
2335
3045
2244
1940
2342
3053
2273
1928
2346
3052
2262
1972
2348
3054
2261
1952
2339
3037
2257
1924
2341
3052
2252
1932
2345
3049
2269
1940
2362
3053
2269
1946
2339
3043
2264
1946
2353
3061
2287
1954
2350
3051
2247
1912
2336
3041
2255
1932
2335
3047
2267
1926
2349
3057
2280
1930
2355
3051
2283
1928
2339
3042
2267
1936
2347
3043
2258
1940
2356
3070
2283
1940
2331
3049
2281
1909
2322
3041
2254
1936
2348
3043
2256
1942
2335
3049
2281
1958
2349
3051
2274
1976
2337
3041
2257
1920
2336
3050
2267
1943
2344
3060
2260
1915
2347
3045
2261
1918
2352
3043
2277
1934
2345
3051
2277
1914
2345
3053
2287
1954
2356
3045
2252
1938
2341
3040
2258
1917
2346
3043
2267
1954
2349
3049
2289
1930
2347
3045
2242
1914
2339
3045
2259
1936
2346
3051
2289
1956
2358
3048
2263
1936
2345
3037
2259
1926
2340
3043
2261
1950
2335
3051
2267
1938
2359
3049
2267
1926
2342
3041
2281
1916
2325
3045
2262
1960
2347
3053
2253
1942
2341
3055
2275
1926
2339
3041
2255
1940
2338
3044
2273
1930
2333
3053
2258
1965
2355
3053
2271
1940
2334
3045
2259
1938
2347
3043
2255
1944
2353
3051
2271
1958
2337
3047
2271
1932
2332
3041
2267
1942
2342
3048
2249
1906
2357
3051
2267
1944
2339
3045
2260
1932
2349
3035
2263
1916
2330
3051
2260
1930
2339
3053
2281
1932
2341
3045
2265
1942
2340
3039
2269
1954
2339
3045
2289
1918
2341
3061
2269
1942
2342
3041
2267
1940
2349
3043
2259
1940
2341
3053
2253
1960
2340
3051
2282
1944
2359
3043
2273
1930
2341
3047
2256
1936
2349
3051
2266
1965
2361
3063
2247
1960
2347
3051
2273
1930
2333
3045
2254
1928
2351
3053
2251
1970
2343
3053
2269
1916
2341
3045
2256
1932
2349
3050
2287
1946
2352
3049
2272
1924
2341
3047
2266
1944
2334
3051
2257
1938
2337
3047
2278
1926
2333
3055
2271
1928
2345
3049
2281
1942
2342
3041
2268
1922
2333
3047
2255
1934
2344
3061
2278
1960
2343
3047
2258
1930
2346
3038
2242
1944
2340
3046
2271
1976
2333
3057
2276
1930
2339
3052
2263
1938
2332
3039
2265
1932
2344
3047
2265
1910
2353
3054
2263
1940
2357
3043
2257
1922
2362
3048
2271
1952
2341
3053
2265
1963
2350
3055
2281
1946
2361
3041
2281
1912
2337
3041
2273
1922
2345
3049
2275
1959
2346
3051
2270
1940
2341
3044
2269
1952
2343
3043
2277
1942
2337
3051
2274
1952
2351
3047
2275
1946
2341
3047
2279
1934
2346
3043
2266
1956
2357
3049
2277
1913
2361
3051
2257
1934
2333
3039
2261
1914
2345
3050
2278
1948
2358
3045
2269
1932
2359
3043
2271
1916
2343
3038
2279
1954
2340
3043
2262
1946
2365
3051
2245
1942
2352
3044
2269
1976
2351
3038
2279
1950
2347
3047
2261
1930
2341
3051
2259
1934
2351
3048
2256
1942
2333
3041
2273
1946
2352
3051
2268
1923
2351
3043
2259
1934
2350
3041
2265
1946
2346
3037
2268
1938
2355
3053
2273
1922
2346
3051
2275
1911
2340
3041
2257
1950
2339
3041
2261
1938
2349
3049
2267
1954
2342
3045
2287
1938
2347
3040
2250
1908
2337
3046
2259
1928
2358
3053
2285
1934
2342
3049
2287
1960
2331
3049
2289
1932
2337
3043
2278
1950
2337
3049
2275
1922
2347
3045
2241
1974
2327
3040
2260
1961
2337
3045
2265
1938
2349
3053
2261
1932
2334
3047
2263
1926
2338
3039
2249
1950
2341
3045
2287
1946
2359
3054
2295
1944
2347
3047
2269
1948
2335
3041
2251
1946
2333
3049
2267
1922
2352
3051
2263
1944
2338
3041
2261
1956
2337
3042
2273
1944
2346
3046
2273
1948
2349
3051
2281
1934
2343
3043
2281
1925
2346
3039
2265
1932
2351
3055
2281
1920
2347
3051
2265
1938
2344
3043
2266
1934
2330
3045
2265
1932
2337
3047
2256
1942
2332
3048
2285
1944
2356
3047
2272
1946
2347
3043
2268
1926
2350
3055
2269
1940
2348
3047
2281
1940
2339
3043
2255
1944
2357
3041
2267
1963
2347
3055
2275
1950
2345
3042
2275
1948
2329
3041
2277
1920
2337
3043
2276
1930
2335
3052
2273
1928
2346
3043
2289
1932
2339
3041
2277
1940
2337
3049
2271
1966
2349
3055
2275
1949
2355
3049
2270
1938
2336
3038
2257
1924
2340
3051
2275
1932
2351
3057
2279
1932
2350
3050
2253
1952
2338
3037
2273
1948
2337
3050
2269
1956
2328
3057
2269
1926
2336
3045
2242
1950
2331
3043
2283
1969
2340
3055
2267
1920
2346
3051
2277
1960
2351
3045
2249
1936
2331
3043
2279
1956
2345
3055
2281
1946
2353
3053
2249
1926
2344
3041
2267
1910
2337
3046
2273
1956
2345
3050
2285
1950
2341
3051
2272
1938
2351
2633
2269
1934
2416
3043
2279
1956
2349
3049
2269
1932
2341
3050
2255
1948
2331
3039
2267
1934
2342
3045
2278
1940
2361
3054
2273
1938
2341
3051
2259
1956
2344
3041
2251
1956
2348
3047
2289
1944
2363
3049
2287
1964
2348
3049
2251
1928
2345
3044
2271
1938
2329
3049
2251
1944
2340
3056
2261
1924
2329
3040
2287
1938
2345
3043
2262
1909
2343
3051
2283
1940
2347
3047
2269
1934
2343
3043
2262
1960
2325
3043
2281
1954
2325
3051
2283
1936
2345
3051
2268
1936
2343
3040
2264
1940
2343
3043
2263
1966
2344
3053
2291
1945
2339
3047
2271
1912
2338
3045
2281
1924
2342
3045
2262
1928
2345
3057
2265
1938
2348
3045
2287
1930
2356
3039
2251
1926
2341
3045
2256
1969
2345
3051
2275
1944
2354
3047
2261
1934
2335
3035
2253
1957
2336
3049
2265
1930
2345
3057
2276
1948
2339
3049
2285
1940
2337
3041
2245
1934
2339
3049
2287
1928
2347
3051
2265
1956
2342
3049
2261
1924
2331
3039
2270
1932
2331
3049
2257
1926
2352
3055
2291
1919
2353
3041
2266
1940
2341
3041
2251
1962
2344
3055
2261
1956
2341
3047
2277
1948
2336
3047
2259
1914
2352
3043
2274
1929
2346
3050
2273
1942
2351
3047
2271
1930
2339
3041
2260
1924
2333
3043
2273
1930
2343
3052
2268
1946
2350
3053
2257
1910
2339
3045
2281
1940
2339
3045
2273
1917
2353
3053
2259
1956
2351
3050
2271
1923
2343
3039
2255
1934
2334
3043
2264
1938
2341
3053
2269
1956
2347
3047
2277
1932
2332
3037
2240
1940
2335
3048
2250
1946
2342
3051
2278
1936
2344
3048
2242
1928
2335
3041
2277
1946
2337
3049
2267
1926
2349
3046
2265
1958
2347
3045
2277
1919
2327
3041
2277
1930
2341
3044
2261
1968
2350
3055
2271
1936
6780
2166
3049
2309
2225
1992
2396
2713
2747
2320
2176
2027
2408
2860
2567
2311
2065
2029
2394
62551
2305
2297
1966
2193
2371
2946
2274
2216
1918
2273
2495
2785
2279
2136
1952
2269
2594
2680
2168
2350
2266
2005
2735
1986
2543
2267
2244
2472
1916
2849
2276
2342
2270
1930
2954
2137
2341
3055
2274
1934
2349
3049
2267
1931
2344
3046
2261
1925
2340
3055
2279
1958
2347
3060
2275
1952
2343
3045
2287
1969
2335
3033
2255
1930
2349
3049
2261
1920
2357
3053
2257
1918
2346
3043
2279
1948
2329
3035
2269
1944
2331
3047
2277
1948
2355
3055
2255
1938
2353
3045
2255
1934
2343
3041
2263
1938
2352
3051
2285
1958
2345
3049
2261
1950
2332
3041
2248
1920
2347
3041
2262
1938
2343
3049
2265
1962
2346
3051
2273
1946
2325
3043
2269
1928
2339
3045
2267
1940
2347
3055
2269
1983
2363
3051
2278
1910
2345
3038
2279
1954
2336
3041
2247
1944
2337
3051
2285
1936
2327
3046
2248
1900
2331
3045
2254
1936
2344
3045
2279
1918
2357
3054
2277
1942
2346
3045
2281
1910
2333
3041
2261
1970
2346
3044
2261
1923
2351
3053
2264
1942
2341
3047
2268
1958
2339
3055
2267
1930
2357
3047
2277
1956
2353
3055
2287
1950
2344
3047
2251
1928
2339
3043
2261
1940
2364
3049
2276
1930
2348
3051
2307
1965
2340
3043
2247
1922
2335
3045
2263
1928
2346
3049
2265
1938
2343
3049
2258
1936
2339
3043
2271
1908
2324
3043
2273
1918
2337
3050
2289
1948
2337
3050
2277
1924
2344
3039
2259
1949
2342
3041
2272
1921
2335
3055
2273
1954
2348
3047
2269
1911
2339
3046
2287
1936
2349
3043
2281
1932
2338
3049
2282
1926
2337
3047
2257
1942
2349
3041
2243
1924
2341
3049
2280
1948
2343
3053
2250
1930
2339
3049
2259
1960
2356
3037
2257
1936
2341
3045
2273
1928
2344
3053
2263
1962
2348
3043
2283
1958
2343
3041
2273
1938
2332
3047
2281
1930
2347
3052
2267
1946
2347
3047
2261
1940
2356
3039
2257
1930
2336
3049
2234
1972
2349
3053
2273
1914
2345
3039
2289
1906
2331
3041
2262
1944
2339
3052
2263
1936
2355
3047
2277
1959
2329
3045
2257
1928
2342
3044
2275
1942
2346
3047
2257
1912
2347
3058
2269
1946
2339
3043
2251
1918
2341
3043
2263
1930
2341
3049
2276
1942
2357
3051
2279
1936
2341
3045
2265
1939
2341
3045
2264
1946
2342
3051
2267
1984
2345
3043
2281
1928
2331
3037
2263
1960
2338
3055
2264
1928
2337
3053
2267
1922
2353
3053
2269
1932
2338
3040
2257
1960
2351
3047
2268
1952
2349
3056
2267
1958
2348
3051
2258
1934
2342
3039
2272
1924
2339
3045
2275
1934
2346
3051
2285
1950
2340
3046
2251
1918
2345
3037
2263
1926
2350
3045
2280
1936
2353
3053
2281
1922
2329
3043
2271
1940
2335
3041
2270
1924
2345
3048
2273
1952
2338
3053
2259
1956
2336
3043
2283
1922
2323
3042
2253
1940
2342
3049
2277
1944
2349
3051
2268
1962
2337
3043
2281
1932
2337
3041
2269
1938
2349
3050
2283
1948
2335
3048
2273
1962
2345
3044
2261
1934
2341
3044
2258
1942
2343
3051
2273
1918
2344
3047
2279
1946
2326
3034
2257
1956
2337
3045
2265
1921
2354
3053
2271
1938
2339
3047
2276
1953
2344
3038
2255
1956
2353
3043
2269
1968
2340
3058
2287
1942
2347
3045
2261
1926
2336
3039
2276
1924
2333
3051
2251
1932
2347
3058
2267
1954
2340
3047
2252
1920
2333
3039
2259
1948
2333
3047
2259
1948
2340
3052
2275
1930
2333
3047
2261
1934
2336
3045
2263
1904
2346
3047
2281
1938
2349
3049
2283
1918
2335
3041
2255
1946
2332
3043
2267
1934
2343
3047
2267
1944
2344
3053
2277
1942
2342
3042
2270
1910
2341
3041
2258
1967
2331
3049
2277
1914
2353
3053
2267
1934
2347
3039
2257
1936
2348
3045
2265
1926
2341
3050
2264
1954
2345
3044
2267
1924
2355
3043
2265
1940
2343
3049
2276
1957
2351
3053
2277
1962
2343
3041
2272
1934
2335
3039
2265
1965
2331
3047
2263
1942
2360
3053
2283
1918
2337
3048
2273
1954
2333
3037
2259
1958
2335
3051
2257
1942
2347
3050
2281
1920
2357
3047
2250
1926
2334
3041
2270
1963
2349
3053
2283
1952
2361
3053
2273
1942
2334
3043
2251
1936
2323
3043
2269
1914
2339
3047
2280
1942
2343
3051
2279
1930
2337
3045
2265
1950
2329
3043
2285
1938
2330
3051
2277
1948
2339
3055
2255
1922
2353
3041
2262
1914
2341
3043
2268
1940
2349
3051
2281
1930
2345
3045
2261
1936
2347
3041
2266
1936
2335
3043
2267
1910
2347
3051
2279
1940
2347
3045
2262
1972
2340
3043
2277
1917
2319
3047
2262
1917
2361
3057
2291
1930
2341
3048
2285
1928
2334
3043
2250
1898
2335
3046
2289
1942
2362
3057
2293
1938
2347
3043
2273
1926
2346
3044
2267
1940
2350
3049
2289
1916
2346
3052
2282
1949
2345
3045
2261
1938
2343
3041
2279
1934
2337
3051
2258
1965
2351
3051
2273
1957
2348
3043
2269
1934
2337
3042
2262
1903
2333
3050
2259
1934
2346
3051
2266
1926
2327
3041
2279
1921
2347
3042
2269
1940
2340
3047
2256
1958
2342
3049
2277
1916
2341
3041
2267
1917
2340
3045
2269
1924
2341
3051
2275
1938
2337
3052
2256
1948
2331
3043
2264
1902
2345
3051
2267
1926
2352
3051
2265
1936
2353
3046
2278
1972
2333
3037
2275
1944
2342
3045
2263
1916
2347
3053
2283
1944
2353
3042
2251
1931
2333
3037
2257
1926
2340
3048
2274
1930
2350
3051
2267
1938
2334
3045
2269
1944
2333
3039
2277
1916
2347
3047
2305
1944
2351
3053
2269
1936
2343
3047
2279
1918
2330
3043
2267
1922
2331
3049
2264
1924
2347
3051
2275
1924
2332
3045
2261
1926
2344
3041
2269
1936
2345
3051
2273
1932
2345
3049
2285
1926
2344
3051
2261
1948
2337
3036
2271
1926
2344
3049
2271
1956
2342
3045
2287
1914
2343
3040
2254
1936
2337
3053
2268
1924
2330
3055
2279
1946
2361
3049
2273
1928
2345
3041
2261
1934
2352
3043
2267
1928
2347
3058
2265
1930
2357
3047
2263
1964
2339
3038
2259
1944
2345
3043
2273
1950
2351
3055
2279
1965
2342
3049
2254
1930
2352
3041
2245
1914
2348
3047
2273
1944
2349
3053
2281
1952
2346
3043
2253
1934
2340
3041
2252
1942
2337
3048
2266
1960
2364
3051
2265
1942
2347
3043
2257
1977
2331
3041
2281
1946
2332
3047
2283
1958
2350
3051
2271
1922
2349
3042
2285
1932
2333
3041
2250
1932
2336
3054
2279
1973
2356
3052
2273
1920
2340
3039
2272
1918
2335
3045
2280
1962
2347
3049
2271
1960
2346
3049
2262
1938
2356
3039
2259
1958
2337
3044
2257
1948
2346
3057
2283
1942
2355
3049
2273
1950
2336
3040
2265
1938
2340
3043
2267
1944
2349
3053
2279
1948
2348
3045
2277
1922
2346
3041
2273
1954
2339
3047
2265
1942
2351
3057
2289
1950
2339
3051
2249
1948
2333
3037
2254
1936
2344
3046
2275
1919
2350
3053
2286
1949
2335
3043
2252
1956
2334
3041
2270
1926
2341
3047
2267
1938
2348
3051
2268
1928
2337
3043
2278
1928
2348
3034
2270
1961
2331
3051
2255
1950
2360
3055
2297
1952
2354
3043
2278
1930
2335
3047
2271
1946
2330
3055
2261
1946
2336
3045
2261
1924
2327
3040
2245
1938
2336
3043
2256
1928
2349
3055
2268
1975
2337
3045
2271
1948
2344
3039
2259
1930
2339
3045
2287
1946
2352
3053
2269
1920
2346
3049
2267
1942
2348
3037
2269
1922
2356
3047
2261
1954
2345
3053
2266
1970
2353
3043
2271
1919
2351
3039
2251
1950
2347
3043
2275
1985
2327
3057
2266
1955
2342
3045
2263
1912
2338
3040
2272
1906
2341
3050
2263
1922
2354
3051
2263
1936
2337
3045
2275
1942
2329
3043
2261
1926
2348
3051
2274
1942
2350
3054
2256
1906
2350
3044
2283
1930
2346
3043
2279
1962
2339
3049
2275
1947
2349
3049
2269
1920
2344
3041
2263
1917
2337
3041
2260
1977
2344
3049
2265
1954
2356
3053
2262
1950
2337
3041
2264
1944
2340
3045
2263
1968
2345
3057
2261
1922
2341
3047
2260
1952
2348
3040
2257
1920
2347
3046
2277
1930
2325
3056
2279
1944
2348
3047
2259
1944
2341
3041
2291
1930
2343
3046
2254
1944
2350
3053
2297
1920
2347
3047
2287
1964
2337
3041
2259
1948
2338
3041
2259
1948
2346
3053
2283
1944
2353
3047
2271
1920
2331
3039
2265
1948
2334
3049
2281
1911
2351
3054
2285
1936
2343
3041
2254
1921
2347
3043
2263
1930
2340
3047
2295
1942
2346
3051
2260
1940
2353
3045
2268
1922
2343
3043
2251
1960
2354
3049
2268
1943
2355
3051
2269
1932
2341
3045
2261
1913
2332
3043
2266
1922
2335
3046
2275
1966
2376
3045
2259
1932
2344
3043
2267
1916
2341
3043
2261
1956
2343
3053
2277
1928
2337
3047
2271
1922
2343
3043
2275
1950
2339
3043
2278
1938
2331
3050
2269
1923
2349
3046
2273
1946
2317
3041
2277
1946
2339
3045
2273
1932
2350
3053
2285
1926
2345
3047
2275
1957
2355
3040
2262
1951
2333
3049
2283
1924
2363
3053
2285
1934
2341
3046
2258
1934
2339
3041
2247
1926
2339
3045
2279
1926
2365
3057
2271
1928
2350
3040
2247
1917
2331
3043
2260
1936
2358
3045
2279
1914
2333
3053
2277
1934
2336
3043
2256
1982
2327
3040
2255
1944
2345
3051
2263
1924
2353
3049
2278
1940
2329
3047
2255
1928
2342
3047
2271
1946
2351
3050
2263
1962
2335
3047
2281
1914
2333
3035
2285
1942
2335
3048
2266
1934
2340
3055
2263
1963
2351
3049
2265
1912
2345
3043
2273
1940
2327
3046
2265
1948
2349
3053
2277
1940
2341
3045
2260
1966
2351
3041
2271
1920
2341
3045
2255
1930
2349
3051
2271
1954
2335
3043
2261
1938
2347
3041
2252
1930
2333
3049
2269
1948
2345
3054
2278
1926
2345
3041
2257
1910
2347
3043
2252
1944
2331
3051
2272
1938
2355
3055
2273
1932
2348
3043
2258
1953
2336
3043
2257
1940
2350
3046
2271
1934
2355
3051
2267
1978
2332
3045
2270
1928
2340
3041
2257
1912
2353
3051
2277
1960
2355
3053
2281
1955
2333
3041
2265
1926
2341
3045
2255
1955
2358
3049
2287
1920
2347
3053
2265
1920
2351
3041
2249
1922
2338
3059
2270
1942
2353
3055
2261
1936
2342
3047
2255
1944
2350
3039
2241
1946
2363
3046
2275
1904
2349
3055
2275
1936
2347
3053
2280
1934
2331
3039
2256
1910
2341
3049
2257
1942
2349
3053
2293
1952
2355
3045
2277
1924
2340
3037
2287
1950
2352
3047
2287
1938
2342
3053
2265
1936
2342
3043
2265
1910
2335
3039
2275
1926
2343
3048
2261
1946
2348
3049
2285
1920
2336
3043
2259
1922
2335
3039
2269
1947
2350
3047
2269
1908
2350
3052
2279
1920
2339
3043
2273
1944
2352
3041
2259
1938
2343
3062
2240
1942
2345
3049
2273
1934
2343
3039
2275
1924
2335
3049
2269
1924
2344
3049
2263
1993
2353
3049
2267
1942
2332
3039
2259
1940
2336
3045
2276
1946
2340
3053
2299
1942
2339
3062
2281
1985
2346
3043
2262
1903
2332
3046
2265
1926
2329
3058
2281
1934
2352
3047
2272
1911
2325
3035
2267
1936
2335
3050
2283
1934
2337
3053
2281
1926
2359
3046
2273
1944
2339
3040
2275
1924
2344
3049
2262
1936
2347
3057
2283
1944
2345
3044
2267
1948
2333
3035
2267
1920
2341
3051
2275
1965
2345
3049
2285
1960
6192
2844
2262
1985
2341
3045
2266
1950
2337
3051
2289
1946
2364
3049
2256
1928
77623
2950
2523
2317
2041
2113
2401
3055
2360
2342
1969
2190
2414
3092
2313
2311
1980
2303
2497
2894
2317
2186
2025
2928
2335
2408
42943
2291
1964
2194
2406
2910
2261
2201
1936
2259
2497
2783
2281
2291
2368
1934
2963
2273
2353
2275
1910
2868
2059
2388
2263
1954
2352
3049
2277
1944
2357
3053
2284
1944
2333
3048
2252
1942
2333
3043
2267
1936
2345
3049
2273
1950
2337
3051
2275
1962
2347
3047
2258
1948
2341
3042
2271
1932
2339
3046
2259
1944
2349
3051
2250
1930
2341
3049
2249
1938
2333
3045
2261
1930
2340
3053
2261
1946
2351
3060
2266
1950
2336
3043
2267
1920
2332
3041
2238
1938
2333
3051
2277
1980
2352
3061
2272
1936
2331
3043
2272
1936
2319
3044
2255
1946
2350
3043
2283
1942
2359
3051
2270
1938
2345
3045
2262
1938
2340
3051
2285
1946
2365
3053
2273
1968
2343
3051
2258
1956
2342
3039
2271
1920
2333
3053
2287
1944
2355
3049
2271
1940
2340
3049
2258
1938
2341
3039
2256
1927
2342
3045
2281
1926
2357
3063
2276
1956
2343
3051
2267
1928
2344
3037
2291
1932
2337
3041
2285
1930
2348
3055
2261
1946
2359
3045
2263
1910
2333
3041
2246
1952
2343
3050
2275
1964
2366
3049
2277
1934
2346
3045
2255
1950
2335
3043
2261
1950
2346
3049
2277
1936
2349
3055
2269
1932
2343
3045
2259
1922
2326
3049
2263
1948
2338
3064
2274
1938
2345
3051
2267
1934
2346
3045
2277
1926
2344
3045
2264
1974
2342
3054
2251
1938
2349
3057
2259
1938
2355
3045
2261
1910
2344
3049
2289
1942
2340
3049
2262
1946
2347
3045
2264
1946
2342
3041
2257
1952
2345
3041
2281
1968
2339
3052
2263
1920
2337
3047
2265
1944
2341
3039
2246
1924
2355
3085
2283
1971
2372
3057
2279
1944
2340
3045
2254
1945
2348
3039
2257
1944
2345
3047
2269
1930
2344
3055
2273
1938
2351
3045
2269
1928
2340
3037
2265
1910
2358
3044
2270
1938
2356
3054
2283
1940
2346
3049
2267
1932
2340
3037
2268
1957
2345
3051
2287
1956
2338
3047
2275
1938
2351
3044
2264
1930
2345
3041
2277
1932
2343
3049
2297
1930
2343
3049
2257
1920
2346
3037
2259
1938
2325
3045
2257
1931
2335
3051
2268
1944
2341
3052
2264
1944
2356
3041
2252
1920
2346
3048
2267
1949
2345
3054
2283
1936
2338
3049
2279
1940
2331
3045
2249
1922
2350
3048
2273
1950
2358
3052
2267
1922
2351
3045
2265
1944
2344
3041
