1823
1565
1402
1598
1827
1540
1325
1605
1813
1549
1321
1593
1813
1539
1333
1595
1813
1540
1297
1595
1811
1550
1343
1591
1819
1544
1339
1599
1823
1537
1341
1592
1817
1547
1325
1583
1813
1552
1341
1595
1813
1541
1312
1599
1817
1545
1337
1605
1821
1557
1321
1583
1819
1539
1349
1585
1815
1543
1337
1597
1811
1543
1344
1593
1817
1541
1315
1602
1817
1543
1325
1603
1819
1541
1341
1593
1819
1541
1345
1597
1817
1542
1331
1597
1813
1521
1319
1579
1813
1527
1343
1597
1817
1553
1350
1603
1823
1533
1339
1601
1819
1557
1329
1598
1814
1549
1315
1584
1811
1549
1343
1597
1817
1559
1325
1597
1817
1534
1345
1601
1819
1537
1331
1577
1817
1553
1335
1607
1817
1534
1331
1597
1813
1545
1329
1587
1813
1541
1337
1591
1821
1549
1315
1590
1821
1559
1321
1598
1813
1539
1339
1595
1815
1541
1343
1599
1815
1559
1343
1586
1815
1545
1319
1609
1819
1545
1333
1585
1819
1539
1341
1585
1817
1551
1353
1585
1811
1541
1335
1587
1813
1541
1311
1589
1815
1541
1307
1589
1821
1537
1376
1597
1817
1551
1331
1595
1819
1541
1327
1593
1811
1528
1329
1583
1813
1545
1325
1591
1821
1528
1346
1597
1825
1542
1325
1603
1819
1547
1369
1593
1815
1541
1341
1591
1813
1545
1299
1590
1815
1547
1311
1599
1817
1565
1339
1603
1825
1557
1327
1597
1817
1549
1337
1601
1815
1553
1307
1597
1811
1518
1353
1591
1817
1534
1331
1597
1819
1539
1329
1604
1819
1539
1331
1594
1819
1543
1319
1589
1815
1545
1325
1591
1813
1553
1331
1597
1817
1543
1351
1587
1821
1551
1343
1597
1819
1551
1347
1591
1815
1535
1325
1593
1813
1545
1313
1597
1813
1536
1333
1581
1817
1542
1331
1589
1823
1555
1355
1604
1819
1551
1359
1593
1815
1537
1355
1587
1813
1533
1301
1587
1813
1543
1339
1595
1815
1537
1315
1593
1821
1536
1310
1597
1817
1544
1327
1593
1817
1545
1313
1591
1811
1555
1345
1591
1813
1533
1343
1591
1819
1541
1349
1597
1821
1538
1351
1599
1819
1549
1321
1601
1817
1535
1353
1589
1813
1537
1325
1591
1815
1559
1333
1597
1819
1536
1347
1607
1819
1549
1337
1522
1365
1508
1542
1569
1817
1545
1327
1585
1815
1546
1345
1603
1821
1533
1329
1595
1825
1531
1313
1600
1820
1536
1343
1591
1817
1530
1329
1587
1815
1546
1339
1587
1815
1565
1321
1599
1817
1553
1339
1583
1819
1528
1343
1601
1819
1551
1337
1595
1817
1549
1353
1600
1813
1549
1315
1592
1815
1532
1347
1581
1821
1549
1351
1590
1819
1547
1353
1595
1817
1549
1336
1591
1817
1528
1337
1594
1811
1540
1343
1593
1813
1532
1335
1595
1817
1549
1337
1602
1819
1555
1333
1585
1815
1535
1347
1589
1817
1538
1329
1587
1811
1549
1347
1600
1815
1541
1317
1593
1815
1534
1335
1589
1821
1546
1337
1597
1813
1525
1323
1597
1817
1531
1317
1591
1813
1545
1335
1597
1813
1557
1333
1601
1819
1535
1369
1601
1825
1545
1337
1586
1815
1553
1356
1593
1813
1542
1331
1584
1811
1543
1341
1593
1815
1531
1321
1605
1819
1548
1351
1590
1819
1541
1339
1591
1815
1537
1333
1597
1813
1543
1337
1591
1815
1543
1325
1599
1817
1539
1324
1599
1823
1540
1321
1595
1821
1543
1357
1591
1815
1543
1367
1591
1811
1531
1317
1594
1817
1553
1319
1583
1820
1553
1315
1601
1819
1553
1341
1593
1819
1531
1337
1605
1815
1538
1331
1587
1809
1529
1325
1599
1819
1563
1342
1591
1819
1545
1337
1595
1821
1549
1339
1593
1823
1543
1315
1594
1813
1551
1313
1591
1811
1547
1329
1591
1815
1547
1359
1589
1817
1557
1342
1604
1817
1557
1310
1591
1817
1549
1351
1595
1815
1546
1317
1596
1815
1531
1331
1591
1819
1541
1349
1603
1821
1551
1339
1589
1819
1557
1355
1598
1815
1551
1337
1579
1813
1542
1365
1587
1813
1536
1325
1597
1815
1549
1329
1602
1819
1536
1349
1596
1821
1548
1359
1591
1815
1529
1325
1589
1813
1537
1345
1581
1819
1554
1327
1598
1823
1540
1333
1583
1821
1545
1333
1575
1817
1545
1344
1585
1815
1527
1317
1592
1813
1545
1359
1585
1817
1563
1327
1583
1817
1537
1335
1602
1823
1557
1340
1587
1817
1548
1331
1603
1815
1548
1325
1583
1811
1539
1343
1587
1819
1535
1323
1606
1819
1557
1319
1600
1819
1536
1329
1597
1815
1549
1323
1595
1813
1533
1323
1589
1811
1539
1343
1593
1817
1557
1331
1591
1819
1555
1323
1593
1819
1555
1343
1599
1819
1535
1339
1585
1815
1546
1335
1593
1817
1542
1343
1615
1815
1537
1355
1593
1821
1547
1327
1591
1821
1549
1341
1583
1817
1552
1353
1599
1815
1525
1335
1585
1815
1543
1339
1603
1817
1535
1337
1585
1823
1555
1350
1590
1819
1533
1324
1589
1815
1536
1345
1593
1811
1549
1316
1584
1815
1557
1339
1598
1819
1549
1329
1593
1821
1549
1378
1593
1819
1535
1339
1591
1815
1545
1339
1595
1813
1538
1351
1591
1815
1543
1317
1585
1821
1539
1363
1597
1821
1556
1347
1581
1817
1555
1321
1581
1813
1541
1331
1599
1813
1536
1331
1589
1813
1543
1322
1591
1820
1537
1341
1599
1823
1547
1329
1603
1819
1561
1331
1583
1811
1531
1370
1595
1812
1550
1319
1585
1817
1545
1325
1591
1821
1541
1373
1595
1821
1535
1344
1587
1817
1561
1325
1583
1813
1532
1317
1591
1813
1549
1335
1589
1817
1546
1331
1597
1821
1545
1352
1590
1817
1518
1313
1595
1819
1551
1345
1597
1813
1543
1323
1597
1813
1541
1333
1593
1821
1541
1350
1596
1825
1539
1329
1599
1821
1543
1331
1595
1815
1533
1343
1583
1817
1528
1327
1593
1815
1531
1335
1595
1817
1537
1363
1587
1821
1549
1333
1593
1815
1549
1327
1601
1815
1535
1341
1585
1813
1538
1325
1595
1815
1542
1341
1601
1817
1545
1359
1598
1821
1536
1335
1593
1821
1535
1333
1598
1813
1527
1319
1591
1813
1527
1335
1593
1817
1532
1307
1593
1817
1540
1339
1599
1819
1541
1327
1591
1819
1553
1329
1581
1811
1549
1337
1587
1817
1551
1342
1589
1817
1549
1363
1591
1821
1545
1315
1595
1817
1533
1325
1600
1815
1529
1313
1580
1815
1533
1323
1585
1815
1546
1319
1601
1815
1543
1360
1601
1821
1543
1347
1597
1817
1533
1329
1587
1818
1535
1318
1599
1813
1553
1323
1581
1817
1543
1313
1603
1819
1541
1337
1605
1819
1553
1335
1597
1821
1529
1337
1605
1817
1553
1321
1593
1811
1534
1313
1587
1817
1544
1339
1593
1823
1538
1337
1589
1817
1547
1339
1597
1819
1545
1392
1593
1815
1521
1321
1579
1817
1544
1339
1597
1817
1538
1345
1593
1821
1563
1345
1597
1819
1545
1345
1586
1819
1543
1357
1587
1817
1533
1345
1595
1815
1545
1355
1590
1817
1557
1321
1592
1821
1551
1331
1595
1821
1547
1379
1597
1815
1537
1323
1581
1813
1537
1344
1571
1818
1545
1343
1597
1819
1569
1329
1595
1823
1543
1351
1579
1819
1529
1329
1589
1815
1534
1331
1585
1811
1551
1337
1593
1815
1537
1361
1589
1819
1553
1339
1597
1825
1549
1347
1591
1819
1557
1317
1589
1815
1547
1329
1589
1809
1533
1320
1606
1817
1553
1339
1595
1819
1551
1325
1597
1825
1551
1313
1603
1821
1541
1315
1598
1817
1547
1325
1589
1813
1536
1328
1591
1819
1541
1335
1589
1823
1525
1319
1587
1819
1539
1327
1595
1815
1549
1297
1590
1809
1549
1304
1594
1813
1537
1311
1587
1815
1549
1341
1585
1819
1558
1346
1597
1823
1555
1355
1595
1817
1550
1355
1585
1811
1537
1345
1601
1817
1535
1345
1585
1817
1549
1321
1593
1819
1538
1353
1603
1819
1549
1315
1601
1819
1549
1343
1583
1815
1548
1322
1584
1817
1547
1311
1601
1819
1551
1325
1593
1821
1551
1311
1587
1819
1541
1339
1587
1813
1533
1321
1585
1811
1532
1321
1593
1815
1551
1331
1597
1819
1543
1349
1603
1825
1531
1320
1583
1817
1545
1331
1583
1811
1544
1347
1587
1815
1545
1323
1599
1817
1549
1333
1597
1821
1557
1339
1603
1821
1548
1331
1589
1819
1545
1325
1580
1815
1537
1321
1587
1813
1546
1311
1597
1817
1543
1347
1591
1821
1561
1363
1607
1819
1551
1345
1587
1817
1567
1331
1593
1813
1536
1331
1599
1815
1547
1333
1591
1817
1545
1363
1588
1821
1567
1337
1598
1817
1540
1296
1597
1817
1528
1369
1599
1813
1557
1333
1569
1817
1539
1331
1588
1817
1555
1349
1594
1817
1551
1347
1587
1819
1536
1303
1592
1817
1551
1357
1594
1813
1538
1335
1591
1817
1548
1347
1591
1819
1545
1329
1589
1819
1545
1321
1601
1820
1540
1323
1591
1813
1538
1351
1597
1811
1534
1341
1589
1815
1547
1329
1591
1821
1535
1351
1601
1819
1534
1355
1588
1817
1547
1323
1587
1815
1530
1331
1583
1811
1550
1319
1591
1817
1569
1347
1593
1817
1538
1347
1599
1819
1537
1357
1585
1817
1537
1329
1593
1815
1524
1315
1591
1815
1537
1371
1584
1817
1549
1349
1599
1821
1547
1345
1605
1819
1547
1325
1597
1813
1535
1364
1584
1811
1526
1331
1583
1815
1561
1331
1601
1821
1545
1315
1588
1819
1558
1333
1603
1819
1536
1339
1589
1813
1541
1317
1585
1813
1533
1356
1580
1815
1535
1325
1595
1821
1529
1361
1599
1821
1541
1325
1595
1815
1537
1335
1600
1815
1539
1351
1585
1815
1528
1312
1575
1817
1536
1335
1601
1819
1551
1350
1597
1817
1536
1343
1599
1819
1545
1329
1583
1815
1549
1317
1597
1815
1537
1331
1595
1819
1551
1319
1593
1821
1545
1327
1597
1819
1554
1345
1583
1819
1541
1345
1591
1815
1531
1347
1589
1815
1537
1339
1599
1819
1537
1307
1599
1821
1545
1341
1589
1823
1525
1337
1599
1815
1541
1317
1591
1815
1551
1331
1596
1815
1546
1322
1601
1819
1543
1327
1595
1821
1535
1345
1587
1819
1535
1329
1602
1815
1528
1346
1587
1813
1531
1313
1595
1813
1553
1313
1595
1817
1523
1325
1595
1821
1537
1344
1595
1819
1538
1359
1589
1817
1531
1357
1587
1813
1557
1337
1594
1815
1551
1319
1599
1819
1536
1331
1599
1821
1537
1331
1598
1818
1539
1327
1581
1815
1543
1339
1583
1813
1540
1359
1591
1819
1540
1310
1585
1821
1549
1311
1609
1819
1541
1331
1593
1819
1555
1319
1589
1813
1535
1347
1585
1815
1531
1317
1587
1817
1544
1333
1597
1819
1537
1335
1589
1817
1548
1321
1595
1817
1539
1361
1589
1811
1531
1327
1598
1815
1540
1337
1589
1817
1542
1337
1597
1823
1544
1329
1593
1815
1531
1345
1589
1817
1530
1349
1586
1813
1551
1329
1583
1815
1535
1329
1591
1819
1545
1321
1597
1821
1551
1331
1588
1815
1550
1355
1589
1817
1539
1315
1595
1811
1549
1345
1587
1815
1549
1323
1596
1817
1553
1313
1594
1819
1551
1337
1595
1817
1531
1335
1581
1815
1533
1307
1596
1813
1558
1335
1585
1817
1553
1341
1602
1821
1537
1343
1593
1819
1567
1349
1591
1817
1525
1325
1592
1815
1535
1347
1597
1817
1558
1329
1591
1819
1533
1343
1595
1817
1545
1333
1591
1815
1541
1342
1591
1817
1551
1335
1587
1811
1533
1329
1581
1813
1535
1331
1591
1815
1534
1327
1594
1821
1538
1309
1585
1823
1540
1316
1593
1815
1527
1331
1596
1813
1547
1325
1585
1819
1533
1331
1593
1823
1529
1357
1607
1817
1539
1349
1605
1819
1553
1347
1597
1817
1547
1323
1590
1813
1544
1327
1591
1817
1547
1343
1597
1821
1567
1331
1596
1823
1535
1319
1594
1817
1545
1329
1591
1817
1537
1329
1583
1815
1551
1353
1587
1817
1533
1323
1593
1821
1535
1315
1597
1819
1551
1323
1595
1815
1531
1323
1589
1813
1535
1311
1585
1813
1523
1321
1603
1819
1535
1323
1598
1821
1535
1347
1589
1821
1549
1327
1601
1817
1535
1315
1587
1815
1531
1329
1589
1815
1525
1329
1577
1819
1539
1345
1595
1821
1541
1327
1594
1821
1549
1323
1593
1817
1548
1327
1585
1815
1529
1305
1591
1817
1543
1363
1595
1817
1549
1357
1594
1823
1547
1335
1595
1815
1541
1331
1599
1815
1541
1333
1583
1811
1541
1331
1600
1815
1550
1343
1599
1815
1541
1343
1597
1821
1535
1349
1601
1819
1555
1323
1588
1817
1561
1325
1583
1811
1538
1329
1603
1815
1551
1331
1589
1821
1541
1333
1596
1823
1545
1329
1599
1817
1555
1359
1595
1815
1534
1337
1591
1813
1538
1337
1595
1819
1536
1337
1587
1819
1536
1345
1588
1819
1543
1333
1593
1815
1549
1320
1595
1815
1549
1343
1591
1815
1530
1347
1581
1817
1552
1333
1595
1821
1543
1327
1598
1821
1534
1347
1596
1815
1536
1324
1587
1815
1540
1339
1583
1815
1529
1331
1600
1821
1545
1331
1598
1819
1545
1331
1587
1821
1551
1333
1591
1815
1544
1349
1599
1811
1539
1347
1584
1815
1533
1331
1597
1819
1561
1341
1581
1821
1543
1355
1597
1817
1535
1357
1595
1813
1551
1339
1585
1811
1543
1339
1587
1815
1533
1341
1591
1821
1547
1315
1602
1823
1553
1366
1597
1819
1547
1339
1599
1811
1537
1349
1591
1815
1541
1361
1593
1813
1533
1335
1603
1819
1536
1325
1599
1819
1547
1349
1581
1817
1542
1333
1583
1813
1529
1309
1581
1815
1539
1323
1601
1817
1530
1343
1596
1821
1540
1319
1589
1817
1553
1351
1587
1815
1545
1367
1595
1813
1530
1335
1591
1815
1542
1319
1597
1817
1549
1339
1597
1823
1539
1325
1593
1819
1555
1353
1587
1819
1552
1325
1591
1815
1539
1327
1589
1813
1541
1341
1587
1819
1549
1343
1594
1826
1550
1348
1595
1820
1538
1327
1597
1813
1533
1347
1586
1814
1541
1319
1593
1817
1535
1310
1581
1819
1555
1341
1602
1821
1561
1337
1597
1819
1535
1325
1595
1815
1538
1347
1589
1815
1547
1325
1587
1817
1545
1333
1589
1821
1537
1329
1593
1817
1552
1327
1593
1820
1539
1305
1592
1813
1543
1321
1591
1815
1547
1309
1595
1819
1533
1356
1591
1824
1548
1337
1593
1817
1552
1327
1595
1817
1551
1331
1591
1813
1545
1323
1587
1815
1536
1339
1585
1815
1543
1319
1593
1819
1551
1325
1601
1817
1541
1327
1595
1819
1554
1319
1585
1815
1540
1339
1595
1815
1550
1337
1581
1819
1547
1377
1599
1819
1535
1333
1590
1817
1547
1351
1609
1813
1552
1321
1589
1811
1545
1343
1598
1817
1549
1315
1583
1817
1537
1335
1588
1821
1538
1341
1592
1819
1530
1333
1587
1811
1551
1327
1589
1811
1545
1327
1586
1819
1532
1339
1586
1818
1548
1308
1595
1819
1534
1321
1593
1811
1549
1339
1604
1813
1538
1341
1591
1815
1531
1313
1591
1817
1565
1343
1589
1821
1543
1333
1608
1819
1541
1331
1587
1817
1528
1341
1596
1815
1537
1361
1591
1817
1539
1351
1593
1819
1561
1321
1619
1819
1549
1305
1597
1817
1529
1319
1589
1819
1531
1303
1591
1815
1533
1325
1581
1815
1548
1333
1597
1819
1563
1321
1597
1821
1551
1345
1595
1817
1555
1313
1591
1819
1533
1350
1589
1811
1558
1325
1597
1815
1539
1345
1589
1815
1531
1338
1601
1821
1549
1325
1587
1817
1537
1327
1596
1815
1547
1345
1577
1813
1547
1343
1593
1819
1545
1339
1599
1819
1539
1341
1590
1821
1559
1317
1585
1817
1547
1337
1595
1813
1537
1325
1585
1817
1547
1315
1600
1819
1537
1329
1593
1823
1550
1355
1599
1819
1545
1329
1589
1817
1555
1339
1594
1813
1531
1364
1595
1815
1545
1333
1603
1815
1559
1351
1597
1823
1548
1345
1605
1817
1536
1360
1595
1817
1547
1331
1577
1815
1922
1648
1355
1809
1549
1319
1589
1823
1538
1353
1591
1819
1559
1335
1589
1819
1533
1333
1593
1811
1539
1339
1593
1811
1547
1333
1603
1815
1546
1335
1605
1819
1554
1321
1595
1823
1555
1371
1596
1817
1542
1330
1592
1813
1547
1336
1579
1813
1555
1322
1585
1815
1553
1331
1599
1823
1537
1327
1599
1823
1545
1343
1585
1819
1544
1357
1589
1815
1541
1329
1596
1813
1541
1323
1597
1815
1544
1337
1583
1819
1557
1327
1607
1819
1544
1325
1591
1815
1549
1352
1593
1811
1527
1347
1585
1815
1544
1327
1595
1819
1541
1343
1597
1819
1535
1335
1585
1821
1543
1315
1588
1817
1541
1311
1593
1811
1532
1323
1583
1817
1536
1341
1603
1819
1547
1347
1587
1823
1541
1339
1609
1817
1563
1309
1587
1817
1543
1321
1585
1811
1547
1301
1595
1815
1549
1367
1599
1819
1535
1370
1595
1819
1542
1335
1591
1819
1537
1351
1597
1813
1535
1319
1589
1815
1537
1347
1601
1815
1541
1359
1595
1819
1543
1321
1603
1821
1547
1341
1601
1817
1547
1349
1593
1813
1543
1331
1585
1813
1537
1335
1601
1819
1541
1335
1593
1817
1553
1343
1605
1819
1552
1343
1593
1817
1548
1345
1579
1813
1539
1333
1591
1815
1535
1325
1596
1817
1546
1331
1590
1819
1543
1321
1585
1819
1559
1321
1595
1817
1539
1347
1583
1811
1533
1349
1589
1815
1541
1349
1602
1819
1543
1331
1589
1819
1551
1351
1599
1819
1547
1347
1589
1816
1532
1335
1583
1813
1543
1327
1579
1817
1537
1325
1599
1819
1529
1319
1599
1819
1556
1333
1589
1817
1542
1333
1597
1819
1535
1335
1589
1811
1555
1339
1585
1815
1538
1339
1605
1819
1539
1335
1595
1821
1545
1325
1595
1819
1533
1357
1595
1813
1543
1353
1581
1813
1549
1331
1590
1819
1549
1323
1597
1817
1555
1327
1608
1821
1553
1320
1601
1815
1546
1331
1586
1813
1532
1343
1579
1817
1543
1321
1595
1819
1543
1325
1607
1823
1547
1343
1599
1817
1555
1341
1585
1815
1549
1347
1599
1815
1519
1327
1589
1815
1541
1349
1587
1819
1550
1365
1591
1821
1551
1337
1597
1815
1545
1333
1589
1817
1549
1338
1592
1812
1559
1378
1584
1815
1548
1367
1587
1819
1545
1347
1599
1823
1539
1341
1593
1821
1541
1323
1585
1815
1543
1345
1589
1813
1539
1321
1615
1815
1533
1365
1593
1821
1547
1351
1591
1821
1533
1314
1593
1819
1536
1319
1575
1811
1541
1321
1598
1815
1535
1339
1596
1815
1546
1333
1591
1819
1537
1354
1599
1819
1545
1323
1601
1813
1537
1324
1589
1815
1526
1318
1593
1815
1547
1317
1585
1817
1543
1327
1593
1823
1551
1321
1597
1819
1540
1349
1599
1821
1539
1317
1590
1815
1543
1335
1585
1815
1541
1333
1593
1815
1545
1327
1604
1821
1534
1345
1600
1819
1548
1327
1600
1813
1537
1323
1589
1815
1534
1313
1595
1815
1549
1339
1592
1819
1543
1331
1603
1823
1536
1355
1587
1821
1539
1311
1587
1815
1517
1339
1597
1815
1541
1325
1589
1815
1547
1323
1589
1819
1533
1356
1595
1821
1555
1315
1593
1821
1532
1317
1595
1817
1542
1319
1581
1811
1539
1341
1585
1817
1549
1370
1597
1815
1553
1325
1600
1819
1544
1365
1594
1817
1545
1325
1599
1817
1535
1309
1591
1817
1538
1333
1591
1819
1523
1339
1597
1823
1548
1341
1587
1817
1541
1323
1595
1815
1543
1344
1585
1811
1537
1329
1586
1813
1541
1351
1591
1819
1555
1347
1597
1821
1543
1319
1607
1817
1561
1327
1594
1815
1528
1325
1603
1813
1539
1356
1583
1813
1539
1317
1597
1819
1545
1323
1593
1821
1545
1327
1597
1819
1535
1349
1589
1815
1547
1365
1591
1811
1547
1313
1603
1815
1533
1337
1592
1819
1544
1331
1589
1821
1567
1379
1606
1820
1531
1363
1585
1815
1539
1351
1594
1810
1541
1317
1595
1815
1537
1345
1597
1817
1544
1329
1601
1821
1536
1327
1589
1815
1534
1337
1596
1813
1536
1335
1595
1817
1539
1365
1590
1817
1536
1325
1593
1819
1557
1373
1584
1821
1538
1331
1589
1817
1535
1325
1600
1813
1535
1329
1598
1815
1525
1311
1593
1817
1533
1357
1593
1823
1539
1323
1591
1815
1538
1339
1598
1813
1561
1347
1591
1811
1530
1352
1579
1817
1533
1347
1589
1817
1547
1349
1589
1819
1544
1329
1592
1821
1541
1353
1585
1815
1530
1331
1583
1813
1533
1356
1579
1815
1541
1344
1602
1819
1549
1335
1593
1823
1540
1335
1599
1817
1518
1325
1583
1815
1553
1333
1591
1813
1536
1347
1589
1815
1537
1317
1595
1819
1543
1343
1603
1823
1525
1353
1596
1815
1529
1351
1593
1811
1524
1345
1595
1813
1543
1333
1603
1817
1537
1343
1597
1821
1535
1331
1597
1819
1542
1307
1594
1819
1537
1325
1597
1809
1524
1320
1595
1821
1525
1317
1585
1819
1538
1351
1593
1823
1544
1349
1577
1821
1543
1335
1585
1813
1565
1329
1587
1815
1530
1311
1595
1815
1542
1319
1581
1817
1534
1333
1599
1821
1553
1341
1594
1817
1542
1347
1597
1817
1552
1349
1591
1811
1538
1324
1581
1815
1532
1321
1587
1819
1535
1339
1591
1820
1539
1317
1595
1817
1545
1351
1596
1815
1536
1329
1591
1815
1521
1347
1579
1815
1535
1320
1597
1817
1545
1321
1589
1821
1549
1349
1591
1819
1541
1323
1593
1819
1537
1343
1589
1813
1546
1325
1591
1819
1544
1315
1591
1821
1547
1335
1599
1821
1553
1333
1594
1815
1538
1315
1589
1814
1534
1321
1589
1817
1530
1337
1589
1813
1539
1339
1587
1821
1547
1368
1593
1817
1542
1333
1591
1815
1546
1331
1589
1817
1525
1327
1585
1819
1529
1333
1593
1815
1545
1348
1591
1821
1537
1323
1597
1817
1553
1319
1591
1815
1541
1331
1589
1813
1523
1307
1586
1815
1541
1349
1585
1817
1537
1333
1608
1823
1543
1321
1600
1817
1531
1311
1579
1819
1529
1311
1593
1817
1537
1319
1595
1815
1543
1339
1592
1821
1541
1367
1596
1822
1540
1329
1590
1819
1545
1341
1591
1815
1529
1295
1575
1815
1541
1321
1591
1819
1552
1329
1597
1819
1537
1337
1591
1819
1549
1327
1597
1819
1537
1311
1587
1817
1532
1339
1595
1815
1529
1327
1593
1817
1541
1335
1589
1821
1553
1347
1596
1821
1553
1374
1599
1815
1528
1335
1583
1815
1538
1331
1591
1815
1535
1327
1596
1817
1547
1311
1604
1819
1543
1335
1593
1815
1542
1349
1593
1817
1550
1339
1589
1811
1533
1323
1593
1817
1545
1319
1589
1819
1551
1325
1595
1819
1539
1327
1591
1823
1543
1351
1589
1814
1552
1319
1599
1815
1530
1339
1599
1817
1530
1329
1597
1821
1547
1317
1601
1823
1541
1303
1595
1817
1534
1325
1589
1813
1525
1333
1589
1813
1529
1329
1589
1817
1546
1322
1591
1821
1547
1337
1591
1817
1545
1331
1593
1819
1557
1337
1585
1813
1535
1345
1589
1815
1536
1357
1591
1815
1541
1327
1603
1821
1528
1319
1581
1819
1536
1347
1601
1817
1547
1337
1587
1813
1519
1323
1589
1815
1539
1329
1593
1815
1541
1337
1593
1821
1547
1329
1605
1815
1563
1313
1594
1817
1549
1331
1592
1811
1525
1347
1593
1813
1549
1331
1597
1819
1547
1355
1593
1821
1552
1347
1599
1821
1565
1317
1601
1815
1553
1341
1583
1813
1531
1325
1589
1815
1537
1309
1595
1815
1545
1310
1589
1823
1543
1327
1597
1817
1537
1349
1599
1813
1542
1361
1591
1815
1529
1333
1587
1817
1547
1321
1585
1821
1553
1311
1593
1823
1533
1315
1601
1817
1556
1315
1595
1813
1535
1327
1585
1815
1549
1333
1591
1817
1557
1322
1597
1819
1539
1351
1597
1819
1535
1341
1591
1815
1538
1347
1589
1817
1547
1331
1607
1817
1547
1331
1599
1819
1555
1325
1583
1823
1553
1359
1591
1817
1559
1325
1604
1817
1540
1361
1597
1813
1540
1303
1583
1817
1533
1327
1603
1823
1541
1319
1597
1825
1539
1333
1586
1817
1542
1351
1599
1817
1549
1319
1589
1811
1539
1339
1594
1815
1551
1295
1589
1817
1531
1344
1603
1822
1543
1321
1601
1819
1551
1356
1587
1815
1543
1323
1581
1815
1546
1309
1588
1815
1553
1368
1589
1821
1547
1327
1603
1817
1559
1333
1592
1815
1529
1355
1595
1813
1538
1325
1599
1815
1516
1309
1595
1819
1547
1329
1599
1823
1543
1363
1597
1819
1556
1331
1590
1821
1536
1323
1591
1813
1541
1341
1601
1815
1535
1337
1593
1817
1541
1335
1587
1821
1565
1311
1593
1821
1549
1343
1593
1817
1545
1313
1585
1813
1546
1341
1583
1811
1547
1360
1603
1817
1551
1315
1607
1821
1555
1343
1608
1817
1539
1347
1591
1815
1532
1341
1585
1813
1538
1307
1591
1817
1548
1319
1595
1817
1547
1307
1583
1821
1559
1341
1603
1819
1557
1341
1601
1815
1540
1324
1595
1811
1541
1305
1591
1815
1537
1347
1591
1817
1553
1321
1609
1821
1552
1339
1593
1819
1559
1345
1589
1815
1530
1318
1587
1817
1541
1333
1598
1817
1550
1321
1595
1821
1561
1315
1593
1819
1549
1337
1593
1819
1534
1333
1585
1815
1541
1327
1590
1813
1537
1315
1595
1815
1551
1345
1595
1825
1549
1333
1593
1819
1545
1349
1601
1815
1526
1323
1591
1813
1528
1311
1581
1815
1533
1327
1597
1817
1553
1338
1591
1823
1559
1319
1601
1819
1541
1349
1585
1817
1541
1320
1597
1815
1551
1339
1589
1819
1549
1315
1605
1817
1563
1319
1603
1819
1545
1349
1602
1817
1553
1317
1595
1817
1553
1333
1593
1813
1533
1337
1591
1815
1534
1331
1599
1821
1551
1321
1595
1821
1555
1337
1583
1815
1538
1325
1575
1815
1537
1325
1587
1815
1541
1333
1597
1817
1536
1317
1597
1821
1553
1327
1589
1817
1547
1321
1597
1817
1541
1326
1593
1815
1529
1307
1581
1813
1537
1323
1601
1818
1567
1341
1587
1819
1551
1331
1595
1819
1553
1349
1589
1817
1546
1355
1605
1811
1544
1317
1595
1819
1536
1337
1602
1819
1537
1337
1589
1817
1549
1327
1603
1819
1552
1317
1589
1815
1541
1345
1591
1813
1537
1333
1593
1815
1543
1339
1593
1819
1536
1355
1606
1823
1544
1341
1595
1815
1551
1327
1585
1817
1527
1323
1591
1815
1532
1299
1597
1817
1547
1310
1597
1823
1547
1335
1599
1819
1549
1313
1601
1819
1551
1333
1596
1815
1531
1327
1573
1813
1539
1369
1591
1817
1531
1321
1595
1821
1547
1323
1593
1817
1535
1346
1594
1815
1560
1349
1589
1813
1539
1303
1591
1811
1537
1339
1601
1817
1520
1343
1595
1819
1538
1335
1587
1817
1540
1325
1591
1817
1553
1325
1609
1817
1532
1337
1587
1813
1539
1343
1599
1813
1536
1375
1593
1821
1537
1351
1598
1819
1533
1333
1599
1815
1541
1324
1593
1815
1530
1319
1585
1813
1535
1323
1593
1821
1543
1325
1593
1819
1550
1323
1586
1818
1543
1345
1593
1815
1547
1349
1595
1813
1531
1333
1579
1813
1547
1343
1590
1817
1550
1369
1587
1821
1541
1331
1602
1817
1553
1359
1590
1815
1533
1349
1593
1815
1542
1349
1598
1815
1545
1319
1595
1821
1541
1373
1594
1819
1547
1327
1592
1817
1546
1333
1585
1813
1544
1339
1583
1813
1555
1355
1591
1819
1539
1340
1587
1819
1549
1323
1587
1821
1540
1347
1586
1819
1549
1323
1587
1811
1537
1343
1593
1813
1549
1313
1587
1817
1539
1344
1595
1821
1544
1343
1605
1819
1543
1345
1591
1817
1545
1333
1585
1813
1550
1339
1587
1817
1542
1341
1595
1817
1547
1329
1579
1825
1547
1343
1593
1817
1540
1316
1592
1817
1529
1341
1589
1813
1533
1357
1581
1815
1553
1335
1598
1817
1539
1323
1592
1821
1538
1313
1597
1817
1547
1353
1605
1815
1535
1327
1581
1815
1525
1337
1593
1815
1549
1323
1595
1819
1546
1306
1589
1821
1549
1323
1589
1817
1566
1327
1590
1811
1532
1312
1593
1815
1549
1335
1591
1817
1529
1351
1595
1821
1537
1325
1594
1821
1538
1320
1597
1815
1532
1335
1593
1815
1547
1340
1583
1815
1545
1327
1583
1817
1537
1321
1594
1817
1561
1335
1601
1819
1547
1305
1589
1815
1539
1354
1589
1813
1546
1309
1583
1815
1543
1355
1591
1819
1532
1337
1593
1819
1551
1337
1589
1815
1537
1335
1601
1819
1525
1314
1577
1813
1537
1325
1593
1817
1537
1323
1591
1819
1551
1315
1591
1823
1543
1331
1583
1819
1543
1315
1589
1815
1531
1313
1587
1813
1549
1323
1587
1815
1539
1323
1595
1819
1539
1337
1602
1821
1545
1337
1585
1817
1547
1339
1589
1811
1531
1345
1589
1813
1534
1337
1589
1815
1545
1333
1593
1823
1535
1349
1593
1821
1547
1337
1583
1817
1531
1327
1595
1815
1545
1327
1595
1813
1539
1323
1597
1819
1551
1359
1598
1819
1535
1341
1596
1817
1536
1319
1591
1819
1530
1335
1593
1813
1537
1349
1587
1813
1563
1329
1594
1819
1530
1349
1601
1819
1540
1337
1599
1815
1543
1317
1597
1817
1543
1346
1593
1811
1541
1355
1583
1815
1542
1327
1597
1823
1538
1323
1601
1821
1543
1345
1595
1819
1535
1331
1588
1817
1528
1329
1589
1811
1543
1310
1593
1817
1541
1335
1593
1817
1555
1313
1597
1821
1536
1355
1597
1819
1537
1302
1585
1813
1543
1345
1583
1815
1535
1309
1589
1817
1535
1343
1595
1819
1549
1355
1595
1819
1535
1359
1593
1817
1541
1347
1591
1815
1533
1341
1600
1815
1546
1335
1587
1817
1537
1357
1589
1823
1553
1335
1587
1819
1551
1329
1595
1819
1543
1323
1592
1815
1529
1353
1598
1815
1543
1323
1593
1821
1543
1333
1595
1821
1545
1339
1581
1821
1549
1343
1599
1815
1546
1329
1593
1815
1534
1310
1606
1815
1541
1333
1606
1817
1542
1364
1593
1821
1548
1363
1597
1819
1538
1327
1577
1811
1551
1317
1594
1813
1545
1339
1591
1815
1537
1335
1593
1819
1557
1349
1593
1819
1547
1317
1591
1819
1534
1327
1593
1817
1541
1343
1594
1815
1529
1335
1591
1821
1547
1341
1577
1819
1547
1319
1604
1819
1535
1353
1601
1817
1534
1317
1577
1815
1549
1327
1587
1811
1542
1303
1590
1819
1541
1331
1595
1823
1551
1360
1591
1821
1539
1341
1593
1819
1553
1313
1585
1813
1539
1323
1594
1812
1557
1331
1599
1813
1537
1345
1595
1821
1557
1324
1591
1821
1533
1319
1587
1813
1543
1335
1587
1815
1537
1337
1603
1815
1539
1333
1587
1817
1537
1365
1606
1820
1536
1325
1597
1817
1557
1313
1591
1815
1531
1315
1589
1809
1549
1323
1598
1817
1537
1365
1597
1819
1531
1315
1593
1819
1535
1347
1595
1819
1549
1321
1597
1815
1545
1337
1583
1813
1542
1329
1589
1815
1535
1319
1597
1819
1555
1347
1591
1819
1535
1351
1597
1817
1536
1318
1585
1815
1544
1327
1589
1815
1537
1329
1599
1817
1551
1331
1595
1817
1537
1317
1591
1819
1538
1337
1587
1817
1547
1343
1591
1815
1529
1345
1588
1813
1535
1341
1599
1815
1539
1329
1589
1823
1553
1353
1595
1819
1541
1327
1599
1815
1531
1323
1591
1811
1544
1349
1593
1811
1528
1343
1579
1817
1543
1341
1595
1823
1549
1329
1603
1817
1547
1331
1583
1815
1536
1341
1596
1813
1534
1294
1587
1817
1545
1345
1593
1821
1553
1351
1601
1821
1535
1339
1607
1821
1567
1341
1583
1815
1529
1323
1589
1815
1533
1337
1577
1813
1529
1347
1595
1822
1540
1339
1605
1819
1541
1333
1591
1819
1547
1335
1593
1812
1549
1333
1595
1815
1531
1339
1595
1815
1543
1355
1601
1821
1531
1375
1591
1819
1541
1333
1589
1817
1537
1329
1583
1815
1524
1308
1579
1815
1535
1329
1597
1817
1540
1321
1610
1819
1553
1329
1591
1817
1561
1339
1597
1819
1547
1321
1597
1813
1527
1311
1599
1817
1525
1359
1581
1817
1552
1377
1597
1823
1547
1329
1605
1823
1537
1349
1591
1815
1531
1327
1587
1811
1542
1327
1591
1811
1541
1323
1591
1819
1542
1339
1601
1820
1547
1325
1591
1817
1535
1329
1598
1819
1551
1335
1583
1813
1547
1327
1595
1815
1537
1337
1587
1819
1530
1327
1583
1821
1546
1335
1601
1819
1538
1315
1585
1811
1547
1337
1583
1811
1547
1333
1593
1817
1547
1335
1589
1823
1544
1347
1599
1819
1559
1325
1604
1815
1536
1357
1597
1813
1540
1313
1593
1815
1536
1329
1593
1817
1527
1365
1605
1825
1523
1374
1587
1819
1548
1342
1593
1816
1536
1315
1599
1811
1527
1335
1599
1815
1528
1323
1587
1817
1551
1331
1595
1821
1551
1335
1598
1819
1538
1323
1603
1819
1543
1313
1591
1815
1539
1321
1590
1815
1530
1335
1595
1817
1532
1321
1585
1823
1549
1313
1599
1817
1533
1325
1598
1815
1529
1319
1585
1811
1543
1337
1591
1819
1540
1335
1595
1819
1563
1346
1613
1821
1548
1321
1599
1817
1549
1327
1591
1817
1549
1345
1585
1813
1535
1329
1603
1817
1536
1331
1583
1819
1555
1331
1597
1819
1553
1321
1597
1817
1535
1333
1585
1811
1547
1288
1582
1818
1559
1313
1598
1819
1551
1321
1595
1821
1537
1319
1597
1819
1531
1331
1598
1817
1563
1320
1583
1815
1529
1335
1589
1811
1532
1339
1595
1817
1551
1333
1605
1819
1542
1323
1596
1818
1533
1347
1596
1813
1545
1339
1603
1813
1553
1446
1583
1813
1542
1349
1610
1819
1530
1353
1600
1823
1535
1353
1600
1819
1539
1371
1589
1815
1553
1351
1591
1813
1541
1341
1588
1819
1552
1317
1598
1819
1569
1357
1591
1821
1541
1347
1589
1815
1543
1335
1593
1815
1538
1339
1591
1814
1541
1335
1593
1821
1534
1357
1591
1819
1551
1356
1604
1821
1540
1299
1604
1819
1528
1333
1581
1815
1529
1311
1595
1817
1545
1347
1591
1816
1554
1331
1588
1817
1539
1325
1599
1819
1535
1337
1599
1819
1551
1359
1600
1811
1529
1335
1589
1813
1551
1327
1595
1815
1548
1327
1599
1827
1553
1327
1591
1821
1537
1349
1595
1819
1534
1333
1601
1815
1542
1357
1597
1813
1557
1345
1597
1817
1539
1327
1591
1825
1549
1354
1597
1819
1567
1335
1585
1815
1537
1331
1583
1811
1541
1331
1591
1817
1529
1325
1594
1821
1544
1341
1591
1821
1548
1341
1589
1819
1541
1307
1587
1815
1535
1311
1583
1815
1531
1319
1595
1819
1543
1331
1585
1819
1541
1341
1591
1821
1551
1325
1602
1819
1524
1354
1589
1813
1538
1331
1595
1813
1529
1347
1595
1817
1539
1329
1602
1819
1561
1311
1595
1819
1543
1314
1599
1819
1536
1331
1591
1811
1549
1331
1605
1815
1527
1327
1595
1817
1547
1331
1593
1819
1544
1319
1593
1819
1541
1327
1593
1817
1546
1307
1588
1815
1530
1352
1595
1815
1535
1321
1592
1819
1539
1321
1589
1819
1537
1331
1591
1817
1546
1327
1591
1815
1547
1348
1589
1811
1532
1335
1597
1815
1547
1317
1593
1819
1541
1320
1600
1823
1543
1339
1597
1819
1537
1345
1593
1817
1557
1331
1587
1815
1541
1337
1579
1813
1533
1333
1593
1819
1534
1321
1592
1821
1552
1359
1593
1817
1543
1311
1595
1815
1554
1341
1593
1813
1540
1313
1583
1815
1555
1311
1595
1817
1551
1349
1605
1821
1544
1344
1597
1815
1544
1313
1591
1813
1553
1347
1591
1813
1547
1343
1577
1817
1549
1337
1597
1823
1549
1343
1589
1819
1551
1315
1589
1815
1532
1349
1587
1817
1545
1319
1591
1817
1551
1331
1595
1819
1545
1335
1593
1823
1541
1335
1593
1819
1531
1341
1591
1815
1555
1353
1591
1809
1526
1317
1603
1817
1557
1319
1581
1817
1555
1309
1593
1817
1525
1331
1591
1820
1553
1343
1599
1815
1551
1331
1582
1813
1547
1341
1587
1815
1529
1331
1597
1819
1541
1323
1591
1822
1538
1335
1590
1817
1555
1343
1589
1813
1545
1340
1584
1813
1533
1347
1591
1816
1553
1350
1593
1819
1544
1351
1591
1823
1547
1339
1583
1817
1547
1319
1600
1815
1531
1327
1592
1813
1548
1321
1587
1819
1538
1329
1595
1821
1551
1331
1581
1819
1549
1325
1596
1821
1540
1323
1587
1811
1518
1310
1601
1815
1549
1349
1598
1817
1538
1354
1581
1821
1541
1337
1599
1817
1535
1341
1593
1819
1532
1347
1589
1813
1541
1343
1591
1815
1559
1325
1591
1819
1540
1361
1610
1825
1541
1341
1591
1819
1541
1327
1588
1813
1541
1331
1581
1813
1532
1339
1589
1817
1537
1345
1593
1819
1543
1343
1597
1819
1564
1323
1598
1817
1543
1325
1599
1813
1556
1359
1593
1811
1537
1341
1591
1817
1547
1349
1601
1817
1559
1359
1594
1821
1528
1321
1583
1819
1547
1325
1593
1813
1531
1343
1585
1813
1545
1325
1594
1820
1548
1319
1584
1823
1557
1323
1591
1823
1535
1329
1592
1815
1553
1317
1577
1811
1527
1311
1585
1815
1539
1322
1593
1817
1561
1359
1593
1823
1535
1315
1598
1818
1532
1315
1593
1817
1554
1331
1589
1811
1547
1311
1583
1815
1551
1327
1600
1819
1547
1331
1595
1820
1545
1312
1591
1821
1536
1343
1587
1815
1539
1353
1600
1815
1531
1337
1599
1815
1539
1342
1583
1817
1535
1339
1593
1821
1567
1317
1587
1819
1537
1347
1583
1815
1546
1327
1593
1811
1520
1349
1597
1817
1551
1335
1589
1819
1545
1329
1597
1821
1560
1325
1597
1817
1561
1339
1593
1817
1530
1321
1591
1813
1559
1331
1593
1815
1547
1331
1581
1819
1561
1347
1599
1821
1535
1339
1599
1821
1557
1353
1591
1813
1537
1323
1588
1815
1539
1321
1585
1817
1536
1313
1605
1817
1537
1325
1601
1821
1539
1320
1592
1817
1542
1329
1591
1813
1531
1325
1593
1815
1525
1315
1591
1819
1533
1351
1593
1821
1547
1319
1596
1817
1551
1325
1590
1815
1563
1306
1583
1811
1529
1313
1593
1819
1541
1327
1601
1819
1545
1329
1593
1817
1551
1333
1592
1817
1563
1333
1583
1813
1541
1335
1583
1815
1542
1329
1591
1815
1545
1339
1591
1819
1539
1339
1591
1819
1549
1347
1602
1815
1545
1363
1607
1813
1555
1329
1591
1813
1545
1319
1585
1817
1541
1341
1597
1823
1541
1355
1602
1819
1534
1339
1585
1817
1538
1339
1593
1815
1539
1325
1589
1815
1547
1325
1589
1817
1541
1349
1583
1819
1547
1339
1601
1821
1536
1359
1591
1817
1539
1323
1587
1813
1551
1317
1590
1817
1533
1345
1591
1821
1564
1337
1593
1821
1539
1335
1601
1819
1549
1354
1586
1815
1545
1318
1591
1811
1540
1329
1603
1815
1551
1315
1599
1817
1533
1325
1600
1819
1553
1333
1591
1815
1540
1335
1593
1813
1543
1321
1593
1815
1539
1315
1597
1819
1534
1313
1598
1821
1545
1329
1583
1821
1547
1325
1589
1817
1527
1345
1583
1813
1555
1325
1587
1819
1527
1327
1589
1817
1540
1351
1589
1817
1539
1327
1607
1819
1553
1345
1597
1817
1535
1331
1599
1813
1546
1329
1590
1813
1537
1341
1593
1815
1537
1325
1587
1823
1541
1339
1594
1819
1551
1339
1587
1816
1545
1303
1591
1815
1534
1341
1583
1815
1541
1324
1597
1821
1543
1355
1593
1821
1539
1343
1589
1817
1545
1329
1600
1813
1540
1357
1594
1811
1539
1323
1595
1815
1536
1333
1593
1817
1545
1341
1599
1823
1547
1337
1594
1817
1547
1356
1585
1817
1516
1331
1589
1815
1557
1335
1587
1815
1539
1339
1595
1821
1555
1339
1591
1821
1549
1345
1593
1815
1535
1317
1589
1815
1551
1317
1587
1815
1527
1343
1584
1816
1539
1341
1602
1819
1536
1335
1599
1819
1539
1327
1579
1815
1543
1309
1589
1813
1546
1333
1583
1815
1518
1329
1597
1817
1545
1343
1599
1819
1537
1303
1600
1817
1539
1361
1591
1817
1532
1355
1595
1811
1530
1345
1587
1817
1559
1347
1589
1817
1539
1325
1599
1821
1539
1313
1597
1817
1555
1345
1593
1817
1541
1329
1587
1813
1543
1341
1590
1813
1539
1327
1589
1819
1553
1346
1593
1821
1547
1327
1599
1815
1545
1313
1595
1815
1537
1319
1601
1811
1528
1351
1583
1817
1533
1355
1599
1819
1539
1307
1597
1821
1542
1337
1593
1819
1547
1297
1583
1815
1527
1347
1603
1813
1553
1311
1583
1817
1545
1310
1594
1821
1539
1359
1599
1819
1545
1351
1603
1819
1537
1331
1589
1815
1551
1337
1585
1811
1551
1351
1598
1815
1535
1341
1607
1817
1549
1325
1587
1819
1547
1325
1598
1817
1552
1333
1592
1815
1539
1370
1591
1815
1537
1353
1595
1821
1531
1305
1592
1821
1553
1329
1583
1817
1570
1323
1604
1815
1531
1347
1596
1813
1530
1299
1585
1819
1535
1351
1587
1817
1553
1333
1601
1821
1535
1339
1591
1819
1544
1325
1589
1811
1543
1329
1585
1811
1547
1317
1595
1815
1534
1345
1580
1822
1545
1321
1595
1819
1529
1329
1597
1821
1537
1356
1597
1813
1541
1306
1585
1815
1546
1341
1587
1817
1530
1331
1597
1821
1563
1329
1587
1815
1553
1335
1595
1817
1538
1317
1595
1813
1531
1329
1589
1817
1543
1319
1589
1817
1551
1365
1588
1821
1538
1345
1602
1821
1554
1314
1603
1819
1530
1325
1595
1813
1531
1355
1581
1815
1535
1317
1592
1817
1545
1337
1613
1821
1533
1325
1597
1819
1535
1321
1597
1817
1545
1313
1596
1811
1553
1303
1593
1813
1553
1357
1585
1815
1541
1333
1593
1819
1539
1312
1595
1821
1531
1353
1593
1817
1543
1327
1585
1811
1534
1317
1596
1815
1523
1351
1597
1817
1545
1344
1599
1821
1546
1343
1586
1813
1552
1325
1597
1813
1535
1341
1595
1813
1534
1331
1589
1815
1548
1315
1591
1819
1544
1371
1597
1819
1555
1331
1591
1815
1527
1337
1579
1817
1532
1348
1597
1811
1547
1345
1595
1819
1553
1349
1603
1819
1549
1319
1594
1823
1533
1325
1598
1815
1542
1341
1605
1815
1532
1321
1583
1815
1547
1341
1589
1816
1536
1329
1595
1821
1544
1337
1594
1817
1533
1355
1579
1817
1531
1333
1598
1813
1531
1323
1581
1815
1532
1323
1591
1817
1537
1347
1597
1821
1539
1337
1583
1817
1547
1327
1603
1815
1548
1323
1584
1815
1531
1300
1595
1815
1523
1319
1591
1819
1547
1335
1587
1825
1529
1341
1596
1823
1534
1339
1583
1813
1553
1351
1589
1811
1528
1313
1611
1817
1548
1313
1597
1819
1533
1331
1599
1823
1533
1327
1593
1819
1553
1313
1593
1813
1545
1323
1591
1815
1536
1353
1589
1815
1548
1333
1587
1823
1559
1309
1595
1819
1555
1357
1597
1813
1537
1311
1589
1813
1536
1327
1593
1813
1563
1329
1593
1819
1549
1327
1602
1821
1550
1341
1609
1819
1541
1315
1592
1815
1522
1355
1587
1815
1521
1343
1591
1817
1543
1339
1589
1815
1549
1327
1597
1819
1547
1331
1589
1821
1538
1311
1597
1817
1543
1355
1583
1813
1551
1317
1589
1813
1538
1359
1586
1819
1537
1335
1591
1821
1543
1323
1597
1819
1544
1311
1595
1815
1533
1328
1589
1813
1534
1329
1599
1815
1537
1341
1598
1819
1547
1365
1605
1821
1542
1341
1599
1815
1536
1339
1583
1815
1529
1329
1579
1813
1541
1324
1585
1817
1531
1339
1589
1821
1569
1391
1595
1821
1545
1337
1595
1815
1535
1347
1583
1815
1539
1319
1585
1817
1538
1342
1595
1815
1544
1363
1599
1817
1573
1325
1589
1819
1553
1319
1589
1817
1547
1333
1585
1815
1528
1331
1591
1815
1539
1315
1590
1817
1545
1323
1593
1823
1549
1335
1597
1819
1535
1354
1601
1815
1539
1327
1587
1813
1541
1357
1587
1817
1539
1335
1583
1821
1562
1366
1599
1825
1542
1327
1581
1815
1530
1329
1601
1813
1519
1329
1593
1815
1544
1339
1589
1815
1551
1331
1591
1821
1547
1341
1575
1817
1547
1325
1603
1815
1543
1335
1595
1813
1523
1331
1589
1815
1534
1341
1593
1821
1541
1333
1592
1821
1537
1325
1591
1819
1547
1323
1589
1819
1536
1335
1595
1815
1551
1333
1591
1813
1513
1333
1593
1817
1551
1341
1593
1821
1544
1347
1601
1821
1543
1327
1599
1821
1546
1321
1597
1815
1541
1346
1589
1815
1555
1329
1603
1815
1529
1329
1587
1821
1539
1335
1601
1819
1557
1347
1591
1813
1529
1361
1593
1815
1548
1337
1591
1813
1543
1325
1597
1819
1537
1317
1585
1821
1544
1333
1589
1817
1545
1341
1591
1815
1531
1329
1585
1813
1543
1315
1581
1815
1534
1339
1592
1821
1551
1335
1591
1819
1543
1319
1593
1817
1547
1335
1587
1817
1539
1319
1586
1813
1528
1315
1591
1815
1550
1327
1595
1821
1539
1327
1606
1823
1545
1333
1590
1819
1523
1338
1599
1813
1542
1321
1583
1813
1537
1349
1596
1821
1545
1346
1595
1821
1569
1319
1602
1819
1557
1318
1591
1819
1534
1343
1600
1813
1541
1315
1595
1817
1541
1333
1589
1817
1542
1327
1597
1819
1547
1355
1601
1817
1547
1352
1589
1819
1538
1374
1595
1811
1544
1335
1593
1815
1538
1335
1603
1817
1547
1361
1595
1825
1559
1323
1593
1819
1545
1327
1587
1815
1532
1353
1583
1811
1553
1323
1593
1815
1541
1359
1608
1817
1549
1347
1585
1821
1546
1335
1593
1817
1545
1311
1579
1817
1539
1319
1586
1813
1538
1319
1591
1817
1539
1321
1592
1819
1559
1353
1587
1819
1541
1323
1585
1815
1541
1347
1611
1815
1534
1321
1591
1817
1542
1337
1599
1819
1535
1311
1601
1821
1537
1361
1596
1820
1548
1333
1590
1815
1536
1309
1593
1811
1524
1345
1589
1815
1543
1371
1547
1735
1809
1569
1446
1494
1749
1761
1569
1349
1493
1728
1762
1571
1379
1543
1743
1728
1591
1339
1587
1781
1690
1516
1676
1583
1626
1585
1587
1863
1573
1347
1629
1853
1532
1395
1495
1682
1754
1541
1320
1452
1680
1734
1532
1302
1448
1684
1746
1549
1317
1482
1694
1535
1600
1542
1583
1819
1540
48602
1531
1736
1791
1579
1351
1508
1731
1761
1589
1361
1561
1771
1745
1581
1368
1589
1811
1692
1545
1364
1634
1680
1385
1768
1379
1851
49822
1380
1508
1696
1749
1547
1315
1482
1694
1720
1551
1323
1517
1712
1700
1543
1343
1542
1740
1677
1528
1317
1733
1483
1661
1526
1591
1821
1547
1372
1597
1819
1549
1354
1583
1823
1545
1351
1597
1817
1547
1311
1587
1815
1557
1333
1593
1813
1541
1323
1593
1815
1567
1339
1602
1819
1555
1307
1609
1822
1549
1333
1587
1817
1527
1325
1599
1815
1555
1360
1599
1813
1548
1329
1599
1815
1544
1325
1593
1818
1549
1298
1593
1821
1543
1313
1603
1815
1539
1347
1579
1813
1547
1313
1585
1815
1536
1323
1587
1815
1551
1331
1593
1819
1543
1323
1596
1823
1547
1351
1602
1819
1555
1313
1587
1813
1547
1319
1593
1815
1535
1323
1593
1815
1538
1357
1600
1819
1543
1325
1595
1823
1552
1331
1589
1815
1535
1337
1587
1811
1537
1344
1605
1813
1557
1337
1603
1819
1542
1329
1593
1821
1567
1319
1599
1817
1547
1348
1595
1815
1549
1341
1591
1815
1534
1311
1589
1815
1549
1349
1587
1817
1541
1335
1593
1819
1555
1348
1597
1819
1547
1327
1592
1815
1538
1321
1587
1813
1539
1319
1587
1817
1547
1349
1593
1819
1555
1361
1598
1819
1563
1351
1595
1819
1551
1345
1577
1815
1533
1339
1593
1813
1531
1336
1601
1815
1535
1347
1590
1815
1539
1349
1599
1821
1541
1341
1593
1817
1541
1348
1589
1813
1541
1335
1591
1817
1534
1329
1589
1817
1538
1325
1595
1821
1527
1329
1598
1825
1556
1337
1593
1815
1550
1343
1587
1813
1533
1331
1593
1815
1547
1347
1596
1817
1529
1315
1597
1817
1555
1314
1602
1815
1527
1319
1600
1817
1539
1349
1590
1819
1539
1339
1590
1815
1540
1331
1581
1817
1567
1327
1593
1823
1535
1319
1587
1817
1550
1357
1587
1815
1548
1317
1591
1811
1543
1323
1591
1813
1543
1331
1593
1819
1535
1333
1594
1821
1540
1360
1591
1819
1550
1365
1597
1815
1539
1323
1585
1809
1539
1367
1593
1815
1536
1305
1591
1819
1539
1347
1586
1819
1541
1331
1591
1821
1561
1319
1589
1815
1559
1339
1596
1815
1545
1304
1593
1815
1539
1341
1583
1821
1553
1341
1599
1817
1545
1348
1577
1817
1527
1343
1583
1817
1537
1317
1583
1811
1539
1351
1595
1817
1537
1335
1610
1819
1535
1370
1591
1821
1555
1325
1590
1815
1523
1359
1589
1811
1543
1343
1597
1817
1537
1326
1583
1819
1550
1347
1600
1819
1553
1329
1595
1817
1561
1325
1587
1813
1543
1331
1599
1813
1531
1329
1581
1815
1533
1309
1591
1821
1551
1347
1591
1825
1545
1345
1583
1817
1548
1345
1595
1819
1541
1327
1590
1811
1546
1319
1595
1817
1541
1327
1581
1817
1543
1321
1597
1819
1551
1344
1588
1817
1545
1329
1599
1815
1555
1317
1597
1811
1548
1335
1595
1815
1541
1343
1597
1821
1535
1343
1601
1819
1553
1363
1592
1817
1541
1347
1593
1813
1539
1325
1592
1813
1544
1361
1585
1817
1557
1333
1603
1817
1555
1331
1587
1819
1543
1333
1605
1817
1551
1315
1597
1813
1537
1351
1585
1815
1535
1315
1602
1815
1539
1333
1597
1825
1547
1315
1594
1821
1550
1325
1587
1817
1543
1355
1595
1817
1525
1337
1592
1817
1530
1333
1595
1819
1539
1343
1601
1823
1553
1335
1591
1817
1547
1323
1585
1813
1533
1331
1587
1817
1531
1331
1602
1817
1547
1316
1597
1819
1551
1367
1589
1825
1551
1366
1598
1819
1553
1335
1591
1813
1536
1337
1588
1813
1532
1377
1591
1817
1529
1359
1593
1821
1523
1347
1603
1821
1551
1347
1599
1815
1547
1343
1589
1813
1547
1325
1589
1815
1542
1313
1599
1817
1536
1349
1584
1819
1547
1318
1601
1821
1543
1319
1596
1817
1546
1343
1588
1813
1528
1355
1591
1815
1538
1327
1585
1815
1543
1341
1587
1823
1551
1345
1595
1821
1543
1356
1596
1815
1532
1321
1593
1811
1532
1313
1589
1817
1545
1333
1593
1817
1547
1329
1586
1825
1538
1325
1603
1821
1547
1331
1587
1817
1555
1325
1597
1815
1525
1325
1589
1815
1537
1329
1603
1817
1532
1318
1603
1819
1555
1323
1608
1819
1545
1376
1598
1817
1543
1333
1585
1813
1536
1313
1593
1815
1553
1323
1603
1821
1539
1349
1595
1819
1547
1335
1597
1817
1554
1356
1595
1811
1533
1351
1587
1813
1547
1327
1591
1815
1539
1349
1602
1821
1539
1329
1599
1821
1542
1329
1595
1817
1538
1307
1591
1817
1536
1309
1591
1815
1562
1349
1591
1821
1539
1333
1591
1817
1549
1335
1591
1821
1537
1335
1587
1817
1558
1337
1593
1813
1546
1321
1603
1815
1531
1315
1583
1817
1531
1337
1591
1823
1554
1341
1593
1821
1530
1337
1591
1815
1524
1345
1589
1811
1424
1424
1602
1815
1538
1320
1603
1817
1549
1341
1585
1821
1541
1312
71265
1860
1628
1485
1379
1674
1863
1569
1458
1407
1686
1859
1569
1463
1419
1690
1861
1569
1416
1415
1668
1833
1581
1412
1419
1662
1825
1561
1391
1418
1666
1829
1470
1726
1547
1639
1585
1490
1400
1592
1817
1553
1443
1378
1628
1815
1535
1368
1371
1618
1821
1549
1379
1381
1686
1309
1738
1325
1817
1325
1585
1819
1561
1327
1594
1819
1548
1323
1599
1821
1565
1309
1591
1815
1541
1325
1585
1815
1548
1323
1591
1815
1546
1356
1594
1821
1532
1341
1599
1821
1553
1319
1595
1815
1549
1361
1587
1815
1549
1353
1599
1813
1559
1349
1589
1817
1537
1315
1609
1831
1533
1313
1595
1819
1530
1337
1593
1817
1524
1349
1593
1817
1532
1339
1595
1813
1543
1356
1589
1815
1545
1341
1593
1815
1548
1323
1593
1821
1542
1335
1589
1817
1543
1331
1598
1813
1547
1299
1585
1811
1541
1325
1583
1817
1536
1337
1597
1815
1559
1339
1595
1821
1551
1319
1587
1815
1538
1339
1589
1813
1547
1323
1591
1813
1534
1316
1599
1817
1543
1331
1599
1819
1545
1321
1605
1819
1542
1331
1589
1817
1527
1337
1589
1819
1547
1337
1595
1815
1540
1333
1592
1819
1551
1348
1590
1821
1537
1353
1583
1817
1547
1339
1589
1813
1549
1315
1590
1813
1543
1343
1593
1815
1528
1354
1595
1821
1537
1339
1597
1819
1553
1345
1589
1817
1537
1331
1589
1813
1553
1325
1595
1811
1547
1319
1599
1813
1541
1357
1581
1815
1534
1325
1587
1821
1546
1321
1602
1819
1555
1325
1586
1813
1541
1343
1587
1815
1535
1340
1581
1821
1538
1314
1597
1817
1549
1323
1591
1819
1561
1359
1599
1819
1541
1321
1583
1815
1521
1319
1593
1813
1533
1313
1593
1821
1558
1356
1593
1821
1553
1331
1603
1819
1559
1330
1590
1817
1547
1327
1591
1815
1534
1331
1583
1815
1553
1331
1597
1815
1535
1333
1597
1819
1541
1349
1595
1817
1543
1340
1593
1813
1547
1335
1591
1813
1539
1321
1599
1817
1517
1305
1583
1817
1568
1337
1583
1820
1554
1333
1599
1821
1543
1345
1588
1815
1536
1351
1595
1813
1535
1341
1589
1817
1542
1333
1601
1819
1549
1339
1605
1821
1547
1355
1595
1817
1556
1302
1587
1813
1528
1364
1585
1815
1529
1343
1585
1817
1543
1329
1593
1817
1540
1335
1597
1825
1541
1349
1591
1817
1537
1357
1579
1817
1547
1331
1583
1817
1549
1321
1593
1817
1533
1307
1587
1821
1537
1365
1591
1819
1535
1359
1589
1815
1533
1355
1595
1811
1535
1323
1591
1815
1545
1333
1588
1817
1551
1341
1597
1817
1547
1351
1593
1819
1559
1345
1599
1817
1555
1339
1597
1813
1549
1327
1585
1817
1530
1339
1585
1819
1559
1309
1596
1823
1550
1319
1601
1817
1533
1339
1603
1815
1555
1339
1583
1815
1527
1327
1593
1817
1538
1367
1589
1819
1533
1341
1600
1819
1539
1337
1597
1821
1541
1319
1585
1817
1531
1331
1585
1811
1538
1337
1587
1819
1551
1341
1597
1819
1545
1359
1612
1823
1543
1325
1589
1817
1536
1367
1595
1815
1555
1333
1585
1811
1539
1345
1583
1817
1539
1345
1585
1819
1518
1341
1597
1821
1535
1313
1587
1819
1545
1307
1597
1813
1527
1371
1583
1811
1535
1329
1593
1817
1542
1303
1597
1821
1552
1345
1593
1819
1529
1323
1592
1815
1542
1341
1593
1813
1534
1313
1598
1813
1545
1327
1589
1819
1537
1329
1595
1817
1539
1351
1603
1821
1542
1343
1600
1815
1534
1333
1591
1813
1521
1329
1595
1815
1523
1315
1599
1821
1549
1343
1591
1819
1552
1341
1599
1821
1534
1321
1597
1815
1531
1325
1601
1811
1545
1319
1593
1813
1535
1335
1587
1823
1549
1323
1595
1825
1542
1309
1599
1815
1539
1333
1585
1817
1536
1346
1587
1815
1551
1341
1579
1813
1555
1331
1606
1821
1551
1353
1591
1821
1539
1316
1597
1821
1554
1335
1595
1811
1547
1321
1597
1815
1531
1321
1601
1815
1552
1337
1607
1821
1545
1335
1595
1825
1539
1325
1587
1817
1539
1323
1583
1815
1565
1307
1589
1817
1548
1329
1588
1817
1547
1327
1599
1823
1537
1327
1599
1821
1539
1335
1597
1815
1559
1367
1596
1813
1526
1345
1583
1815
1532
1337
1601
1817
1537
1313
1602
1825
1541
1339
1587
1815
1544
1339
1589
1811
1545
1337
1583
1811
1534
1321
1601
1813
1536
1366
1595
1819
1545
1347
1603
1819
1543
1329
1585
1817
1557
1339
1598
1815
1546
1336
1585
1809
1546
1331
1587
1817
1567
1333
1585
1815
1549
1351
1603
1821
1537
1313
1581
1819
1554
1329
1591
1811
1535
1319
1585
1815
1532
1323
1589
1817
1549
1329
1587
1827
1537
1339
1586
1822
1545
1329
1608
1815
1521
1327
1591
1813
1537
1335
1599
1815
1541
1337
1592
1817
1555
1310
1585
1823
1563
1355
1591
1817
1539
1351
1593
1813
1545
1317
1585
1815
1549
1304
1585
1817
1551
1325
1583
1819
1542
1335
1595
1823
1543
1319
1597
1821
1543
1355
1594
1815
1549
1337
1587
1811
1548
1313
1589
1817
1539
1323
1602
1819
1539
1319
1591
1821
1549
1323
1595
1820
1538
1339
1591
1813
1527
1369
1585
1811
1533
1337
1593
1819
1531
1351
1600
1819
1545
1329
1598
1823
1540
1339
1585
1815
1539
1358
1589
1813
1529
1333
1591
1813
1542
1345
1589
1815
1541
1355
1583
1821
1539
1331
1595
1821
1547
1345
1597
1817
1526
1327
1579
1811
1532
1333
1587
1815
1533
1333
1593
1817
1547
1337
1594
1817
1547
1337
1600
1819
1538
1329
1599
1815
1553
1339
1595
1811
1535
1343
1595
1817
1535
1333
1587
1819
1533
1329
1599
1821
1551
1343
1597
1821
1547
1345
1589
1815
1545
1319
1587
1811
1541
1325
1585
1813
1546
1345
1591
1817
1540
1337
1597
1819
1545
1353
1589
1821
1545
1310
1595
1819
1535
1308
1585
1813
1530
1341
1609
1813
1537
1361
1607
1817
1571
1329
1588
1821
1557
1329
1593
1817
1541
1343
1583
1813
1545
1327
1577
1815
1548
1325
1595
1817
1550
1343
1596
1818
1537
1323
1603
1823
1544
1331
1581
1817
1535
1341
1598
1813
1547
1335
1589
1815
1555
1327
1586
1817
1540
1359
1599
1821
1537
1337
1595
1819
1538
1359
1591
1815
1546
1327
1585
1813
1533
1367
1597
1813
1533
1311
1589
1813
1545
1325
1595
1821
1545
1333
1587
1819
1547
1337
1591
1815
1541
1329
1593
1813
1553
1333
1597
1817
1547
1315
1589
1819
1538
1350
1601
1823
1544
1345
1595
1819
1553
1327
1599
1813
1549
1321
1591
1811
1538
1331
1596
1815
1534
1333
1579
1819
1547
1359
1598
1821
1533
1363
1607
1815
1537
1337
1607
1815
1538
1335
1589
1815
1549
1341
1589
1817
1563
1339
1603
1817
1550
1347
1603
1823
1537
1324
1587
1817
1549
1333
1595
1815
1539
1366
1591
1813
1549
1327
1588
1821
1546
1327
1601
1819
1538
1339
1605
1819
1551
1323
1593
1815
1549
1325
1590
1815
1527
1321
1593
1813
1526
1313
1597
1819
1547
1337
1597
1823
1545
1337
1591
1817
1547
1351
1591
1811
1533
1317
1597
1815
1555
1337
1595
1815
1527
1349
1595
1819
1539
1313
1602
1819
1541
1333
1594
1817
1551
1319
1591
1819
1536
1331
1587
1811
1525
1307
1593
1815
1547
1312
1602
1819
1536
1308
1595
1821
1541
1345
1595
1819
1543
1326
1595
1815
1535
1349
1595
1811
1548
1325
1591
1817
1536
1343
1595
1819
1549
1325
1599
1817
1543
1346
1593
1819
1551
1323
1593
1815
1540
1325
1591
1813
1553
1337
1583
1821
1533
1321
1595
1823
1551
1317
1593
1822
1546
1355
1601
1815
1539
1321
1595
1819
1548
1327
1585
1813
1541
1325
1589
1815
1542
1325
1591
1823
1554
1341
1597
1819
1555
1313
1598
1817
1542
1295
1588
1813
1539
1329
1593
1813
1532
1337
1593
1817
1539
1327
1595
1823
1561
1341
1591
1819
1563
1351
1601
1815
1532
1339
1597
1811
1557
1347
1591
1817
1543
1339
1593
1819
1552
1349
1599
1825
1535
1326
1585
1819
1535
1321
1585
1815
1541
1319
1576
1813
1540
1324
1595
1815
1539
1355
1594
1819
1546
1321
1581
1821
1543
1301
1593
1821
1541
1335
1583
1811
1545
1333
1589
1813
1521
1339
1595
1817
1535
1348
1595
1821
1544
1354
1593
1821
1552
1355
1589
1815
1537
1329
1587
1813
1531
1339
1589
1813
1535
1365
1602
1816
1544
1355
1595
1819
1547
1327
1591
1817
1526
1343
1593
1815
1551
1341
1585
1813
1555
1353
1597
1813
1526
1323
1595
1817
1541
1337
1587
1819
1543
1367
1603
1819
1561
1339
1588
1815
1534
1329
1586
1811
1543
1325
1595
1813
1533
1361
1600
1817
1549
1329
1601
1821
1543
1331
1591
1819
1547
1356
1589
1815
1540
1341
1589
1815
1521
1369
1592
1819
1537
1323
1594
1819
1554
1325
1602
1821
1537
1333
1605
1819
1527
1331
1589
1815
1545
1335
1591
1813
1544
1309
1595
1817
1534
1307
1601
1819
1540
1321
1583
1819
1545
1327
1590
1817
1543
1321
1587
1815
1535
1343
1579
