2087
1546
1349
1591
2053
1541
1357
1597
2063
1548
1341
1583
2059
1549
1331
1585
2059
1532
1329
1585
2061
1553
1370
1587
2059
1529
1351
1599
2053
1555
1321
1600
2059
1545
1333
1603
2063
1527
1345
1589
2057
1529
1323
1585
2055
1551
1345
1595
2061
1557
1323
1591
2059
1543
1337
1589
2083
1552
1323
1599
2065
1553
1357
1589
2059
1537
1321
1604
2053
1540
1329
1589
2061
1545
1356
1599
2065
1549
1339
1585
2059
1526
1303
1581
2058
1555
1315
1593
2067
1549
1317
1581
2053
1551
1329
1579
2059
1546
1322
1589
2063
1523
1341
1598
2059
1541
1317
1590
2055
1525
1345
1597
2063
1563
1335
1595
2063
1555
1353
1597
2055
1543
1289
1590
2061
1537
1347
1601
2065
1535
1315
1585
2061
1535
1339
1589
2057
1543
1329
1599
2063
1541
1345
1599
2063
1538
1311
1581
2057
1551
1373
1589
2061
1545
1341
1595
2060
1534
1333
1593
2053
1535
1315
1593
2059
1537
1331
1585
2067
1547
1341
1594
2059
1543
1313
1585
2059
1549
1372
1581
2061
1551
1337
1605
2061
1542
1359
1589
2053
1541
1353
1592
2069
1569
1325
1591
2067
1555
1333
1591
2055
1533
1321
1593
2061
1533
1355
1593
2065
1545
1302
1587
2062
1537
1370
1593
2057
1538
1347
1593
2067
1559
1335
1591
2063
1537
1345
1592
2055
1543
1335
1607
2063
1550
1333
1591
2065
1550
1362
1587
2055
1543
1331
1587
2063
1534
1327
1593
2067
1545
1353
1589
2060
1537
1350
1589
2057
1552
1319
1588
2061
1535
1331
1597
2061
1532
1329
1600
2057
1555
1339
1603
2059
1548
1341
1592
2061
1542
1321
1589
2051
1541
1331
1581
2061
1538
1373
1603
2067
1547
1327
1593
2057
1525
1305
1579
2057
1546
1349
1583
2064
1565
1345
1585
2053
1538
1319
1585
2061
1520
1331
1587
2065
1559
1329
1589
2059
1551
1325
1597
2057
1545
1343
1591
2057
1545
1331
1595
2061
1543
1319
1595
2057
1536
1335
1592
2057
1535
1327
1604
2069
1547
1320
1599
2057
1749
1351
1602
2063
1539
1331
1595
2065
1549
1323
1594
2059
1537
1329
1591
2055
1541
1333
1591
2063
1549
1349
1588
2065
1537
1315
1593
2052
1554
1329
1589
2055
1539
1345
1597
2065
1555
1319
1587
2059
1539
1335
1585
2057
1545
1333
1605
2063
1540
1329
1596
2061
1545
1335
1585
2055
1526
1309
1597
2063
1546
1358
1597
2065
1537
1337
1587
2057
1539
1321
1587
2059
1533
1343
1603
2067
1559
1360
1587
2057
1534
1331
1597
2057
1545
1330
1589
2063
1540
1355
1595
2057
1525
1327
1581
2055
1552
1293
1593
2057
1548
1365
1593
2059
1537
1311
1587
2059
1536
1325
1598
2057
1541
1351
1597
2061
1531
1333
1589
2059
1531
1311
1579
2061
1525
1335
1589
2065
1549
1309
1600
2061
1541
1329
1579
2051
1547
1339
1591
2065
1545
1351
1603
2059
1547
1329
1589
2059
1527
1341
1586
2071
1547
1325
1589
2068
1545
1355
1597
2057
1534
1327
1588
2055
1537
1317
1589
2063
1535
1337
1594
2055
1545
1323
1593
2059
1555
1335
1587
2065
1543
1342
1599
2061
1547
1317
1585
2059
1534
1325
1585
2063
1539
1329
1595
2065
1541
1351
1589
2059
1534
1315
1577
2057
1537
1335
1597
2063
1545
1331
1587
2059
1543
1335
1585
2059
1531
1357
1589
2059
1557
1317
1593
2061
1543
1329
1587
2053
1539
1321
1586
2059
1536
1319
1589
2067
1555
1349
1587
2063
1535
1331
1589
2091
1585
1333
1613
2063
1549
1357
1589
2057
1603
1462
1527
1862
1825
1596
1382
1613
2070
1579
1483
1416
1677
1577
1629
2103
1581
1349
1631
2100
1575
1365
1613
2026
1589
1496
1416
1694
1894
1539
1589
2059
1546
1327
1583
2063
1555
1329
1597
2057
1525
1341
1589
2055
1542
1358
1600
2061
1549
1365
1599
2061
1540
1325
1587
2053
1535
1337
1593
2061
1535
1351
1593
2069
1557
1371
1600
2055
1537
1305
1593
2061
1547
1337
1591
2065
1538
1343
1587
2059
1543
1332
1579
2055
1537
1333
1595
2065
1541
1349
1593
2061
1541
1329
1595
2057
1528
1323
1591
2063
1542
1312
1591
2065
1542
1351
1583
2059
1537
1319
1593
2059
1559
1345
1591
2067
1545
1331
1599
2061
1535
1319
1583
2057
1537
1369
1585
2061
1535
1307
1599
2063
1546
1338
1595
2055
1529
1329
1595
2063
1553
1337
1598
2061
1543
1329
1587
2059
1545
1351
1585
2059
1534
1349
1605
2067
1551
1337
1585
2057
1547
1337
1590
2061
1532
1347
1603
2070
1543
1329
1601
2065
1541
1343
1581
2055
1542
1314
1597
2065
1533
1329
1593
2065
1534
1363
1607
2061
1533
1353
1595
2065
1541
1331
1601
2060
1555
1345
1591
2063
1534
1329
1579
2057
1555
1313
1604
2063
1535
1358
1591
2061
1544
1347
1593
2053
1537
1323
1587
2063
1541
1311
1593
2061
1540
1317
1593
2059
1531
1337
1587
2061
1538
1337
1587
2061
1539
1317
1587
2057
1538
1337
1595
2059
1546
1323
1601
2059
1544
1329
1607
2059
1538
1357
1589
2057
1541
1345
1591
2063
1569
1335
1610
2059
1551
1313
1599
2055
1539
1347
1601
2057
1551
1327
1597
2065
1543
1309
1585
2059
1523
1329
1591
2059
1537
1343
1594
2061
1554
1327
1599
2057
1536
1315
1585
2059
1549
1337
1597
2063
1540
1337
1598
2067
1553
1347
1597
2057
1520
1321
1577
2059
1538
1357
1587
2061
1545
1327
1597
2059
1549
1337
1587
2059
1526
1315
1600
2071
1545
1365
1585
2057
1561
1315
1606
2059
1543
1352
1593
2061
1551
1329
1608
2063
1545
1339
1590
2061
1545
1326
1594
2063
1535
1335
1599
2063
1539
1343
1583
2057
1529
1321
1589
2057
1541
1359
1605
2064
1543
1315
1593
2059
1555
1305
1573
2071
1551
1317
1615
2065
1552
1343
1586
2059
1539
1333
1589
2053
1531
1333
1589
2061
1537
1327
1589
2063
1547
1335
1587
2059
1532
1330
1587
2061
1553
1323
1577
2063
1545
1329
1591
2059
1532
1319
1579
2055
1544
1305
1603
2061
1557
1341
1599
2063
1539
1329
1591
2059
1547
1329
1593
2061
1551
1323
1593
2062
1543
1327
1595
2053
1538
1327
1589
2057
1543
1321
1593
2067
1553
1334
1597
2055
1543
1325
1589
2059
1556
1325
1581
2063
1543
1351
1587
2060
1543
1331
1587
2055
1539
1319
1596
2067
1547
1333
1599
2063
1531
1329
1581
2053
1553
1320
1601
2055
1533
1337
1599
2067
1546
1333
1588
2063
1529
1313
1587
2059
1541
1331
1583
2061
1555
1329
1583
2055
1541
1325
1581
2057
1548
1355
1593
2063
1549
1335
1599
2059
1533
1360
1595
2057
1547
1321
1587
2057
1544
1335
1593
2065
1540
1339
1596
2063
1547
1343
1591
2059
1549
1325
1593
2061
1558
1331
1604
2059
1541
1335
1595
2055
1540
1337
1589
2059
1541
1307
1591
2063
1533
1347
1587
2055
1531
1329
1593
2061
1531
1341
1599
2065
1553
1353
1576
2053
1531
1321
1595
2058
1549
1343
1593
2061
1532
1333
1598
2057
1541
1323
1583
2053
1547
1341
1586
2064
1557
1327
1599
2063
1527
1312
1591
2057
1530
1326
1583
2061
1548
1339
1601
2065
1532
1329
1577
2059
1531
1337
1585
2061
1538
1313
1591
2067
1543
1335
1591
2057
1536
1323
1599
2059
1550
1333
1593
2061
1537
1327
1585
2061
1538
1359
1594
2055
1537
1331
1585
2063
1543
1335
1589
2061
1547
1321
1595
2057
1541
1327
1583
2059
1552
1337
1603
2065
1541
1333
1601
2059
1543
1329
1583
2055
1530
1335
1595
2067
1551
1349
1599
2063
1544
1345
1588
2053
1525
1347
1601
2063
1561
1339
1598
2065
1542
1336
1584
2057
1551
1329
1587
2061
1532
1339
1598
2087
1557
1333
1589
2061
1551
1329
1587
2061
1538
1311
1591
2065
1541
1337
1583
2061
1541
1339
1583
2057
1526
1327
1595
2061
1532
1353
1585
2059
1542
1309
1597
2057
1535
1351
1591
2063
1547
1311
1589
2065
1541
1325
1599
2061
1532
1325
1597
2059
1539
1349
1601
2065
1541
1368
1597
2057
1541
1353
1573
2057
1525
1345
1587
2063
1539
1353
1593
2057
1555
1347
1602
2053
1549
1325
1597
2065
1544
1345
1597
2067
1535
1321
1589
2061
1545
1353
1583
2059
1544
1369
1601
2066
1542
1335
1609
2061
1543
1353
1589
2055
1543
1311
1601
2059
1543
1333
1603
2069
1551
1327
1598
2055
1547
1333
1585
2061
1547
1345
1602
2067
1539
1321
1591
2059
1537
1327
1593
2059
1528
1331
1601
2065
1543
1335
1597
2061
1534
1323
1579
2061
1535
1321
1585
2063
1547
1333
1579
2067
1541
1353
1583
2057
1529
1311
1585
2059
1547
1320
1610
2066
1543
1353
1587
2057
1553
1347
1593
2061
1537
1353
1601
2061
1553
1325
1591
2061
1537
1333
1585
2053
1535
1335
1587
2059
1544
1345
1588
2065
1561
1337
1589
2057
1546
1331
1595
2065
1548
1333
1603
2063
1560
1347
1585
2057
1557
1331
1599
2057
1537
1343
1599
2065
1544
1343
1596
2061
1555
1351
1573
2055
1541
1341
1589
2063
1542
1319
1597
2063
1551
1341
1591
2053
1535
1329
1599
2067
1543
1315
1599
2063
1547
1347
1589
2063
1530
1333
1585
2061
1561
1329
1591
2067
1538
1325
1602
2057
1547
1312
1589
2059
1555
1323
1597
2067
1545
1319
1587
2063
1541
1317
1575
2059
1547
1345
1590
2063
1539
1323
1595
2063
1549
1331
1579
2057
1538
1349
1595
2057
1539
1337
1597
2065
1542
1351
1589
2061
1535
1323
1579
2057
1539
1309
1612
2059
1558
1335
1591
2061
1534
1335
1589
2057
1533
1361
1591
2059
1541
1327
1599
2059
1541
1319
1583
2059
1563
1329
1587
2061
1539
1319
1597
2059
1547
1349
1585
2061
1537
1321
1583
2055
1555
1347
1589
2061
1543
1351
1601
2059
1541
1331
1591
2059
1535
1356
1591
2067
1545
1325
1591
2067
1544
1335
1589
2055
1535
1337
1597
2059
1549
1325
1593
2063
1547
1319
1579
2059
1541
1337
1587
2061
1534
1347
1593
2061
1549
1327
1590
2063
1543
1337
1599
2051
1550
1357
1593
2059
1537
1341
1597
2061
1562
1325
1577
2051
1527
1339
1585
2059
1551
1355
1593
2057
1547
1347
1603
2061
1533
1347
1581
2059
1555
1349
1595
2069
1531
1335
1589
2065
1539
1315
1595
2057
1547
1344
1603
2065
1544
1323
1593
2069
1542
1325
1581
2061
1535
1301
1591
2061
1538
1339
1593
2065
1546
1309
1596
2061
1553
1345
1591
2061
1536
1340
1595
2069
1542
1337
1583
2059
1546
1339
1585
2059
1518
1331
1587
2061
1537
1337
1601
2063
1555
1327
1589
2051
1543
1325
1581
2059
1530
1325
1614
2063
1550
1329
1587
2061
1533
1333
1589
2057
1561
1325
1608
2071
1545
1350
1595
2062
1543
1322
1592
2053
1541
1327
1593
2067
1551
1327
1593
2065
1546
1317
1591
2053
1543
1353
1601
2065
1536
1343
1594
2059
1547
1343
1595
2057
1541
1347
1587
2055
1557
1341
1595
2065
1549
1325
1591
2063
1532
1319
1598
2053
1536
1345
1585
2063
1549
1311
1601
2063
1558
1347
1591
2057
1535
1331
1589
2063
1531
1345
1589
2065
1557
1369
1591
2055
1533
1323
1593
2059
1554
1329
1594
2065
1549
1329
1591
2053
1533
1317
1581
2057
1531
1339
1601
2061
1548
1353
1585
2065
1551
1358
1586
2057
1535
1309
1587
2059
1545
1314
1589
2061
1541
1325
1593
2057
1530
1335
1593
2061
1522
1345
1597
2065
1551
1341
1593
2059
1555
1329
1589
2059
1539
1325
1591
2063
1537
1356
1608
2061
1540
1327
1589
2053
1543
1321
1579
2057
1534
1321
1591
2066
1540
1341
1585
2053
1534
1337
1581
2061
1551
1337
1587
2067
1549
1343
1601
2057
1543
1321
1583
2061
1519
1345
1599
2067
1546
1349
1593
2059
1545
1353
1584
2053
1557
1311
1591
2063
1555
1327
1595
2065
1551
1341
1591
2057
1544
1343
1594
2061
1532
1343
1603
2063
1535
1331
1597
2053
1539
1306
1581
2057
1545
1333
1595
2063
1566
1349
1599
2065
1537
1331
1599
2055
1527
1335
1585
2061
1553
1326
1599
2067
1539
1364
1589
2061
1547
1337
1577
2061
1553
1345
1593
2064
1545
1315
1595
2057
1538
1345
1595
2059
1529
1341
1591
2065
1550
1329
1593
2059
1559
1343
1595
2057
1551
1323
1593
2065
1550
1318
1588
2064
1541
1321
1599
2057
1541
1315
1595
2060
1563
1327
1597
2063
1554
1323
1584
2061
1549
1349
1585
2061
1541
1336
1583
2065
1544
1327
1588
2063
1551
1317
1594
2053
1555
1339
1595
2061
1565
1323
1585
2061
1549
1328
1577
2065
1539
1350
1589
2061
1547
1347
1588
2067
1548
1325
1591
2057
1536
1323
1586
2061
1547
1338
1591
2067
1537
1349
1603
2061
1533
1331
1581
2057
1545
1327
1587
2063
1537
1341
1595
2059
1548
1339
1589
2057
1551
1325
1600
2063
1529
1363
1595
2063
1543
1345
1595
2059
1541
1353
1583
2061
1543
1378
1591
2071
1538
1316
1589
2064
1537
1331
1589
2061
1536
1333
1583
2059
1537
1321
1589
2064
1541
1325
1591
2055
1555
1333
1593
2063
1557
1359
1595
2065
1535
1343
1587
2059
1535
1335
1587
2059
1535
1331
1604
2061
1551
1333
1595
2063
1543
1343
1589
2057
1543
1323
1596
2065
1537
1371
1591
2061
1534
1339
1591
2055
1551
1312
1591
2061
1543
1363
1587
2067
1540
1337
1586
2059
1531
1337
5350
2067
1575
1337
1607
2065
1571
1329
1600
2061
1605
1329
1591
2069
1569
1414
1605
1942
1739
1591
1359
1635
2099
1563
1450
1478
1809
1805
1577
1331
1605
2027
1553
1452
1354
1639
1384
2057
1541
1362
1593
2061
1548
1349
1601
2065
1543
1325
1589
2059
1544
1311
1591
2059
1552
1327
1593
2062
1539
1361
1589
2059
1534
1327
1591
2057
1545
1325
1599
2063
1539
1349
1603
2063
1545
1347
1595
2055
1551
1307
1593
2061
1545
1317
1591
2065
1549
1351
1592
2059
1533
1341
1591
2053
1536
1349
1587
2059
1539
1365
1593
2063
1547
1335
1587
2055
1537
1317
1589
2062
1565
1345
1598
2057
1532
1343
1589
2053
1547
1329
1599
2061
1548
1305
1599
2065
1563
1333
1582
2057
1541
1307
1595
2059
1536
1341
1584
2069
1537
1339
1587
2061
1554
1337
1587
2057
1559
1333
1577
2063
1536
1343
1600
2063
1539
1323
1587
2055
1535
1321
1595
2063
1530
1331
1594
2064
1557
1327
1605
2057
1532
1321
1579
2053
1543
1365
1590
2063
1550
1331
1589
2059
1553
1317
1592
2049
1551
1323
1601
2061
1533
1357
1595
2061
1551
1345
1585
2053
1551
1341
1593
2061
1545
1337
1591
2061
1545
1317
1587
2053
1544
1331
1587
2061
1543
1329
1591
2065
1553
1319
1587
2063
1533
1335
1585
2055
1533
1329
1596
2063
1545
1333
1587
2067
1528
1323
1598
2055
1545
1331
1585
2063
1535
1339
1594
2065
1549
1341
1591
2057
1538
1321
1587
2057
1559
1347
1595
2059
1551
1327
1587
2055
1542
1315
1589
2059
1527
1325
1599
2067
1545
1335
1587
2063
1523
1333
1585
2057
1542
1346
1597
2065
1543
1344
1597
2063
1557
1331
1589
2061
1542
1335
1586
2057
1537
1339
1598
2067
1555
1323
1599
2057
1530
1349
1587
2059
1545
1331
1591
2057
1553
1359
1586
2063
1551
1316
1587
2055
1533
1333
1609
2055
1542
1363
1591
2065
1543
1349
1589
2059
1538
1365
1597
2061
1549
1343
1585
2067
1557
1329
1591
2055
1532
1309
1577
2051
1531
1343
1587
2065
1537
1361
1603
2061
1555
1321
1579
2057
1538
1333
1587
2061
1525
1331
1594
2061
1547
1327
1595
2059
1541
1327
1585
2061
1551
1331
1611
2065
1532
1337
1601
2063
1529
1313
1581
2055
1549
1333
1605
2067
1548
1345
1583
2062
1541
1325
1591
2055
1535
1331
1595
2057
1553
1321
1583
2063
1549
1331
1583
2057
1552
1348
1591
2067
1525
1337
1595
2065
1530
1327
1587
2057
1531
1347
1579
2053
1533
1323
1598
2063
1536
1379
1591
2063
1559
1349
1577
2059
1541
1315
1602
2063
1547
1325
1603
2062
1535
1315
1585
2055
1530
1335
1591
2061
1543
1369
1585
2063
1556
1321
1591
2059
1535
1333
1593
2063
1555
1323
1585
2065
1547
1329
1579
2063
1536
1325
1591
2053
1522
1339
1581
2065
1539
1327
1589
2059
1539
1319
1581
2057
1540
1315
1582
2063
1533
1323
1595
2061
1556
1337
1596
2055
1549
1331
1593
2059
1545
1343
1593
2067
1543
1331
1592
2061
1529
1309
1581
2057
1557
1331
1587
2063
1557
1333
1591
2063
1542
1341
1595
2057
1545
1327
1581
2059
1542
1314
1595
2065
1553
1361
1589
2059
1529
1333
1585
2059
1541
1325
1599
2069
1549
1323
1593
2053
1556
1335
1583
2059
1526
1341
1587
2057
1567
1337
1589
2061
1554
1357
1597
2055
1547
1333
1589
2061
1547
1351
1595
2061
1555
1321
1588
2057
1543
1331
1581
2059
1553
1335
1593
2065
1555
1333
1594
2053
1525
1343
1595
2057
1545
1334
1583
2063
1551
1341
1595
2063
1545
1364
1589
2051
1540
1347
1598
2061
1516
1331
1597
2065
1559
1333
1592
2057
1535
1339
1603
2061
1587
1337
1583
2068
1553
1333
1579
2061
1557
1337
1587
2059
1533
1333
1587
2063
1543
1323
1595
2061
1549
1356
1589
2061
1531
1349
1597
2059
1539
1325
1602
2063
1560
1324
1591
2061
1555
1341
1587
2055
1547
1341
1604
2067
1551
1327
1587
2059
1543
1339
1581
2055
1543
1343
1591
2069
1537
1339
1585
2059
1544
1322
1583
2051
1529
1331
1599
2061
1542
1337
1595
2061
1546
1310
1595
2057
1545
1333
1595
2055
1537
1337
1588
2063
1543
1343
1595
2055
1544
1333
1581
2059
1542
1341
1602
2063
1553
1345
1595
2059
1559
1329
1589
2057
1555
1339
1589
2061
1539
1329
1607
2057
1547
1327
1591
2059
1537
1333
1589
2061
1537
1337
1610
2063
1539
1333
1589
2059
1544
1339
1591
2057
1543
1337
1591
2065
1543
1361
1585
2063
1537
1339
1585
2059
1547
1311
1579
2063
1539
1337
1591
2063
1539
1347
1595
2055
1535
1325
1593
2063
1539
1323
1581
2063
1533
1329
1589
2057
1551
1318
1585
2059
1537
1353
1591
2067
1542
1329
1599
2063
1539
1345
1583
2057
1551
1313
1597
2063
1536
1339
1598
2063
1547
1317
1583
2055
1537
1305
1593
2061
1559
1331
1583
2065
1543
1333
1589
2059
1543
1313
1586
2059
1543
1349
1603
2067
1545
1343
1587
2059
1541
1335
1585
2057
1544
1337
1589
2065
1567
1357
1589
2063
1533
1313
1585
2057
1549
1327
1591
2059
1542
1340
1595
2069
1555
1345
1591
2059
1545
1333
1583
2057
1535
1347
1597
2069
1546
1347
1588
2059
1545
1321
1595
2057
1547
1304
1583
2071
1545
1329
1585
2063
1543
1337
1609
2051
1538
1331
1594
2063
1537
1341
1597
2067
1547
1333
1597
2061
1531
1337
1589
2061
1545
1325
1597
2067
1557
1315
1599
2061
1543
1329
1595
2053
1543
1331
1591
2061
1547
1325
1599
2059
1541
1327
1593
2057
1540
1329
1586
2061
1529
1337
1601
2064
1549
1335
1595
2055
1541
1323
1581
2061
1529
1351
1589
2065
1537
1341
1595
2059
1521
1347
1571
2057
1553
1347
1585
2063
1531
1343
1593
2059
1555
1339
1599
2055
1538
1331
1581
2061
1531
1345
1587
2067
1549
1341
1593
2057
1546
1325
1597
2061
1545
1349
1597
2065
1525
1345
1587
2061
1545
1315
1587
2061
1540
1341
1589
2061
1534
1319
1591
2061
1533
1325
1593
2059
1540
1309
1583
2063
1555
1347
1589
2061
1539
1341
1595
2057
1537
1321
1594
2060
1567
1351
1601
2065
1537
1331
1588
2059
1541
1305
1583
2057
1531
1341
1587
2067
1555
1347
1591
2061
1529
1349
1587
2057
1543
1333
1599
2059
1551
1331
1607
2059
1546
1310
1581
2057
1533
1333
1585
2063
1531
1319
1601
2059
1550
1331
1597
2059
1549
1327
1581
2061
1552
1323
1591
2065
1565
1325
1592
2061
1541
1343
1587
2055
1542
1339
1589
2063
1541
1321
1599
2063
1553
1341
1589
2055
1535
1337
1587
2061
1547
1350
1595
2065
1525
1321
1595
2065
1541
1327
1581
2061
1547
1347
1595
2061
1547
1341
1599
2059
1549
1337
1583
2057
1541
1321
1593
2065
1544
1343
1603
2063
1553
1341
1594
2057
1553
1331
1587
2059
1543
1319
1590
2067
1533
1337
1581
2057
1543
1325
1601
2059
1555
1311
1589
2067
1533
1333
1597
2061
1549
1341
1596
2059
1537
1321
1589
2063
1544
1351
1593
2061
1531
1331
1587
2057
1539
1337
1591
2059
1545
1321
1598
2063
1540
1297
1606
2057
1544
1315
1585
2061
1569
1325
1586
2065
1533
1339
1599
2059
1545
1349
1597
2059
1532
1337
1584
2063
1559
1335
1593
2061
1553
1319
1579
2051
1543
1333
1595
2059
1551
1341
1599
2065
1547
1345
1589
2051
1543
1329
1587
2059
1541
1319
1585
2063
1527
1337
1595
2061
1525
1335
1590
2057
1547
1333
1583
2064
1549
1339
1592
2063
1550
1320
1587
2057
1540
1337
1593
2065
1542
1341
1593
2067
1535
1346
1593
2049
1529
1325
1593
2061
1547
1359
1591
2067
1537
1327
1585
2063
1544
1335
1587
2059
1517
1323
1585
2065
1562
1363
1593
2059
1531
1325
1598
2055
1541
1331
1579
2065
1549
1379
1605
2063
1541
1337
1595
2053
1533
1337
1583
2061
1538
1337
1595
2064
1531
1353
1595
2059
1550
1317
1583
2057
1527
1357
1583
2061
1561
1312
1600
2057
1541
1331
1596
2057
1545
1325
1597
2063
1551
1325
1593
2055
1545
1351
1585
2057
1528
1346
1589
2061
1541
1341
1591
2066
1540
1315
1593
2055
1541
1337
1591
2057
1549
1323
1595
2063
1535
1333
1591
2062
1543
1331
1580
2055
1559
1331
1585
2067
1553
1345
1591
2057
1541
1335
1587
2057
1541
1357
1586
2059
1557
1335
1583
2063
1531
1311
1591
2063
1527
1347
1585
2065
1543
1323
1603
2067
1540
1333
1591
2057
1521
1317
1591
2057
1527
1335
1589
2065
1535
1347
1584
2061
1543
1315
1585
2053
1544
1323
1594
2065
1539
1321
1595
2067
1553
1344
1591
2055
1524
1329
1587
2059
1549
1343
1589
2069
1542
1323
1594
2061
1533
1335
1593
2053
1535
1331
1594
2063
1538
1343
1593
2061
1535
1323
1579
2055
1543
1337
1602
2061
1547
1313
1609
2061
1546
1337
1586
2053
1544
1319
1593
2059
1546
1331
1593
2067
1527
1331
1609
2059
1545
1345
1589
2057
1532
1339
1581
2065
1529
1321
1583
2059
1539
1357
1583
2053
1539
1339
1593
2063
1541
1331
1589
2064
1536
1347
1588
2057
1525
1357
1599
2062
1551
1323
1601
2065
1541
1320
1604
2055
1545
1323
1585
2059
1557
1323
1589
2063
1555
1335
1589
2059
1534
1329
1585
2057
1559
1347
1603
2063
1531
1345
1599
2061
1549
1329
1589
2059
1534
1331
1585
2063
1541
1322
1587
2067
1560
1313
1593
2059
1537
1319
1587
2057
1546
1329
1597
2061
1543
1335
1603
2061
1547
1339
1569
2057
1536
1325
1594
2057
1533
1361
1601
2059
1542
1333
1598
2057
1527
1335
1598
2063
1557
1355
1591
2067
1541
1325
1582
2063
1543
1339
1579
2065
1546
1343
1585
2065
1563
1329
1595
2063
1540
1311
1583
2059
1543
1317
1585
2061
1557
1347
1595
2061
1523
1353
1595
2053
1541
1337
1619
2063
1605
1333
1601
2063
1575
1327
1585
2063
1580
1359
1591
2067
1577
1412
1600
1964
1742
1565
1339
1627
1587
1421
1525
42810
1634
1501
1384
1686
1969
1533
1363
1476
1875
1373
1597
2057
1545
1337
1583
2063
1522
1317
1603
2063
1553
1314
1591
2059
1543
1350
1583
2059
1534
1325
1600
2067
1539
1315
1589
2061
1528
1335
1585
2057
1533
1319
1583
2061
1559
1333
1587
2063
1542
1349
1583
2053
1537
1357
1589
2061
1541
1331
1603
2063
1553
1366
1579
2059
1544
1339
1587
2059
1532
1323
1600
2067
1549
1323
1589
2061
1544
1338
1595
2057
1537
1347
1601
2065
1550
1320
1593
2057
1543
1323
1587
2057
1537
1329
1605
2061
1537
1349
1589
2057
1539
1333
1597
2057
1537
1346
1583
2061
1532
1327
1597
2067
1541
1351
1591
2057
1561
1335
1592
2053
1533
1329
1585
2063
1537
1323
1600
2053
1549
1321
1591
2055
1545
1313
1591
2059
1547
1357
1594
2063
1549
1351
1593
2059
1548
1335
1593
2061
1548
1335
1599
2065
1541
1343
1601
2057
1533
1347
1606
2061
1528
1321
1591
2065
1549
1353
1585
2061
1551
1339
1591
2053
1543
1333
1587
2065
1540
1359
1600
2066
1527
1367
1585
2055
1533
1351
1591
2059
1532
1335
1597
2067
1545
1347
1591
2055
1551
1323
1585
2061
1571
1333
1591
2067
1543
1339
1591
2067
1545
1345
1595
2053
1544
1343
1591
2061
1539
1337
1606
2063
1539
1325
1593
2057
1530
1341
1593
2063
1535
1329
1581
2064
1544
1313
1583
2057
1543
1346
1579
2059
1535
1325
1599
2063
1546
1329
1582
2061
1532
1305
1591
2057
1539
1335
1589
2061
1539
1336
1599
2061
1547
1323
1589
2053
1534
1329
1591
2059
1549
1343
1597
2065
1537
1367
1589
2061
1545
1359
1591
2057
1542
1353
1599
2067
1548
1337
1595
2059
1533
1329
1587
2059
1547
1335
1589
2063
1543
1307
1593
2061
1542
1323
1581
2061
1542
1341
1587
2063
1535
1343
1589
2063
1537
1325
1589
2059
1543
1341
1585
2059
1544
1317
1583
2065
1546
1331
1587
2055
1549
1327
1577
2059
1525
1337
1591
2065
1545
1337
1594
2059
1552
1361
1591
2055
1545
1345
1582
2061
1539
1339
1591
2065
1539
1339
1596
2059
1522
1339
1591
2061
1545
1341
1589
2063
1534
1325
1599
2061
1545
1337
1589
2057
1532
1333
1591
2065
1551
1339
1595
2063
1533
1317
1594
2053
1551
1315
1589
2063
1545
1375
1593
2061
1550
1345
1589
2057
1545
1305
1591
2061
1553
1357
1589
2067
1552
1343
1597
2057
1533
1309
1591
2059
1551
1337
1597
2063
1543
1331
1601
2063
1552
1327
1593
2055
1533
1341
1599
2063
1530
1359
1615
2059
1546
1365
1581
2059
1533
1325
1595
2059
1539
1335
1596
2067
1536
1343
1604
2060
1541
1355
1583
2055
1542
1351
1589
2061
1545
1308
1579
2063
1535
1327
1595
2055
1539
1347
1592
2059
1535
1341
1593
2065
1537
1353
1595
2059
1523
1319
1595
2061
1538
1356
1595
2065
1552
1325
1587
2057
1545
1337
1591
2061
1530
1331
1586
2063
1549
1352
1591
2057
1547
1339
1585
2059
1541
1349
1585
2053
1575
1341
1587
2061
1532
1321
1598
2057
1539
1341
1585
2059
1541
1347
1587
2067
1545
1343
1591
2057
1538
1363
1593
2061
1540
1303
1583
2063
1547
1329
1587
2062
1563
1329
1591
2053
1551
1352
1603
2059
1543
1329
1603
2061
1550
1319
1585
2055
1523
1341
1581
2059
1538
1329
1597
2065
1553
1347
1593
2055
1549
1333
1587
2057
1555
1331
1591
2067
1557
1337
1589
2059
1533
1331
1585
2055
1543
1321
1589
2063
1539
1317
1596
2065
1549
1321
1581
2055
1533
1341
1601
2059
1540
1309
1599
2065
1533
1335
1585
2057
1521
1345
1581
2053
1542
1365
1591
2067
1539
1337
1587
2059
1538
1308
1594
2055
1543
1351
1585
2059
1542
1343
1592
2061
1543
1325
1593
2055
1523
1333
1591
2065
1553
1331
1599
2061
1551
1317
1593
2057
1531
1325
1597
2059
1535
1335
1596
2059
1541
1317
1601
2059
1545
1321
1577
2053
1541
1327
1589
2063
1547
1343
1591
2063
1551
1339
1588
2055
1542
1325
1594
2059
1541
1333
1597
2063
1541
1351
1589
2057
1531
1343
1580
2059
1537
1333
1595
2067
1543
1347
1597
2059
1533
1335
1583
2057
1545
1335
1587
2063
1561
1362
1585
2059
1541
1323
1604
2053
1537
1315
1581
2063
1557
1323
1594
2065
1545
1339
1599
2059
1538
1347
1587
2061
1543
1325
1595
2065
1551
1327
1583
2063
1547
1333
1581
2061
1533
1337
1579
2061
1553
1335
1593
2061
1545
1317
1583
2055
1537
1317
1585
2061
1556
1331
1603
2065
1545
1321
1589
2059
1545
1319
1585
2063
1551
1343
1597
2065
1549
1327
1598
2059
1532
1353
1592
2059
1529
1338
1585
2063
1553
1337
1599
2057
1545
1363
1583
2055
1545
1315
1591
2061
1547
1345
1600
2061
1539
1351
1589
2059
1534
1313
1580
2059
1535
1323
1595
2069
1539
1331
1579
2059
1525
1298
1597
2061
1535
1339
1599
2065
1553
1311
1589
2057
1515
1357
1593
2057
1537
1327
1597
2061
1545
1343
1591
2063
1532
1367
1593
2057
1538
1359
1579
2061
1535
1321
1593
2063
1541
1347
1605
2053
1534
1325
1593
2055
1540
1347
1589
2065
1535
1347
1583
2059
1539
1321
1599
2057
1550
1333
1587
2065
1559
1339
1590
2065
1543
1351
1591
2057
1540
1369
1585
2058
1559
1351
1597
2062
1547
1313
1595
2055
1528
1327
1597
2059
1529
1329
1597
2063
1555
1351
1595
2059
1535
1366
1587
2059
1530
1318
1599
2057
1543
1333
1591
2061
1545
1321
1587
2055
1551
1333
1581
2057
1533
1348
1591
2063
1551
1361
1599
2061
1533
1327
1587
2059
1541
1354
1599
2065
1528
1339
1593
2063
1542
1352
1593
2057
1536
1315
1579
2061
1547
1339
1597
2063
1549
1345
1583
2057
1541
72104
1559
1886
1844
1599
1366
1620
2098
1559
1462
1424
1745
1981
1587
1486
1589
1359
1626
2110
1575
1343
1629
2030
1593
1478
1372
1714
1940
1381
1587
2095
1561
1422
1555
1880
1783
1628
1374
1622
2074
1381
1599
2045
1555
1444
1462
1824
1767
1541
1587
2059
1379
1676
2015
1696
1520
1384
1666
2035
1577
1420
1617
2103
1573
1366
1621
2101
1581
1369
1649
2109
1590
1375
1583
1887
1752
1549
1348
1607
1876
1325
1603
2063
1534
1321
1597
2061
1543
1339
1594
2059
1551
1333
1597
2059
1535
1325
1585
2065
1553
1323
1593
2061
1545
1352
1587
2059
1539
1359
1591
2059
1556
1339
1601
2061
1545
1335
1590
2055
1537
1323
1585
2063
1555
1331
1605
2063
1529
1333
1591
2057
1532
1333
1579
2061
1538
1325
1597
2067
1545
1339
1585
2061
1528
1313
1589
2059
1539
1321
1588
2063
1546
1333
1591
2063
1542
1337
1594
2067
1545
1351
1595
2057
1544
1351
1595
2061
1547
1361
1587
2051
1548
1346
1585
2061
1537
1333
1595
2059
1529
1349
1597
2057
1534
1317
1595
2053
1537
1333
1590
2063
1539
1353
1593
2061
1531
1341
1587
2053
1551
1354
1597
2063
1546
1356
1595
2059
1540
1343
1571
2059
1555
1357
1587
2067
1557
1305
1602
2069
1541
1321
1595
2059
1555
1329
1579
2061
1549
1315
1586
2063
1547
1339
1591
2059
1547
1333
1585
2055
1537
1343
1581
2065
1532
1337
1583
2061
1532
1317
1595
2055
1548
1339
1593
2067
1543
1329
1583
2063
1553
1317
1593
2057
1545
1335
1581
2059
1547
1337
1589
2063
1547
1337
1587
2061
1532
1317
1593
2057
1547
1333
1603
2059
1542
1335
1589
2059
1541
1331
1591
2055
1543
1325
1593
2063
1531
1361
1593
2063
1542
1329
1604
2063
1534
1337
1589
2061
1547
1317
1595
2065
1532
1329
1593
2065
1527
1349
1587
2057
1531
1331
1595
2067
1547
1347
1583
2059
1537
1337
1589
2057
1547
1317
1597
2061
1563
1325
1593
2063
1549
1329
1595
2055
1524
1323
1591
2055
1537
1325
1595
2065
1558
1323
1587
2057
1541
1325
1589
2055
1545
1351
1589
2063
1561
1337
1597
2063
1531
1347
1583
2055
1552
1334
1589
2067
1536
1337
1607
2060
1557
1331
1581
2055
1551
1309
1592
2063
1537
1333
1591
2067
1547
1357
1597
2059
1549
1325
1585
2055
1550
1317
1591
2059
1543
1327
1595
2059
1529
1333
1585
2057
1541
1317
1589
2065
1545
1343
1595
2057
1555
1298
1585
2053
1538
1335
1587
2061
1543
1329
1599
2065
1551
1323
1585
2063
1547
1349
1592
2057
1553
1325
1601
2063
1541
1335
1602
2062
1539
1307
1593
2055
1529
1337
1587
2059
1567
1362
1589
2059
1562
1323
1594
2059
1561
1315
1587
2061
1577
1331
1599
2065
1541
1355
1589
2059
1549
1347
1585
2063
1542
1325
1585
2065
1547
1351
1585
2058
1549
1321
1595
2055
1529
1323
1581
2065
1541
1350
1587
2065
1543
1337
1591
2055
1539
1352
1593
2057
1535
1323
1599
2063
1536
1327
1597
2057
1537
1329
1595
2057
1557
1325
1591
2061
1549
1329
1593
2059
1554
1329
1593
2059
1541
1353
1596
2065
1543
1331
1585
2059
1548
1331
1599
2061
1593
1351
1599
2061
1537
1339
1591
2065
1553
1335
1589
2059
1553
1339
1581
2065
1537
1321
1590
2065
1569
1327
1589
2059
1536
1327
1583
2059
1551
1341
1595
2061
1543
1333
1589
2061
1533
1341
1584
2053
1543
1343
1599
2065
1543
1349
1595
2061
1540
1351
1581
2057
1539
1327
1601
2063
1540
1329
1598
2059
1539
1339
1593
2060
1567
1366
1585
2057
1571
1325
1591
2067
1537
1349
1601
2063
1540
1349
1591
2057
1531
1343
1589
2059
1545
1337
1599
2063
1531
1355
1592
2059
1563
1345
1593
2059
1527
1337
1590
2063
1553
1315
1597
2061
1549
1315
1588
2051
1543
1377
1587
2065
1535
1345
1599
2061
1557
1319
1591
2059
1530
11021
1742
2067
1563
1347
1603
2061
1561
1349
1585
71578
1726
1558
1423
1680
2061
1590
1462
1492
1889
1841
1581
1363
1603
1561
1619
2101
1579
1365
1623
2111
1587
1505
1438
1714
1962
1533
1355
1598
1543
1317
1599
2063
1553
1359
1596
2063
1531
1311
1587
2057
1547
1324
1592
2065
1547
1333
1587
2068
1547
1347
1597
2063
1538
1317
1579
2057
1551
1313
1589
2065
1553
1353
1599
2063
1563
1323
1583
2057
1531
1329
1589
2063
1534
1341
1592
2065
1536
1319
1591
2057
1540
1327
1595
2059
1542
1351
1589
2067
1553
1313
1593
2053
1541
1341
1581
2059
1537
1321
1591
2063
1555
1361
1592
2057
1542
1327
1593
2057
1550
1319
1597
2065
1549
1331
1594
2061
1543
1352
1593
2057
1543
1325
1585
2061
1547
1311
1596
2065
1561
1319
1595
2057
1536
1323
1579
2059
1549
1319
1597
2065
1544
1341
1591
2057
1543
1314
1591
2057
1531
1331
1597
2065
1550
1329
1602
2061
1547
1321
1583
2055
1548
1355
1593
2057
1540
1321
1597
2065
1543
1319
1597
2057
1555
1333
1589
2061
1539
1351
1595
2065
1553
1343
1601
2059
1547
1341
1592
2057
1547
1322
1607
2065
1560
1359
1603
2063
1537
1331
1603
2057
1545
1319
1603
2055
1543
1345
1597
2063
1561
1327
1585
2053
1528
1343
1593
2059
1575
1343
1607
2069
1585
1343
1601
2059
1597
1317
1597
2057
1589
1311
1597
2069
1589
1331
1603
2065
1589
1348
1585
2055
1571
1314
1575
2061
1579
1325
1597
2069
1585
1327
1597
2055
1599
1323
1598
2057
1565
1345
1587
2065
1581
1317
1601
2057
1587
1335
1589
2061
1536
1347
1593
2063
1539
1341
1595
2062
1541
1337
1589
2057
1546
1337
1591
2059
1539
1335
1595
2061
1525
1337
1579
2059
1541
1341
1587
2061
1531
1325
1611
2067
1547
1331
1582
2057
1545
1329
1581
2063
1553
1331
1602
2063
1545
1347
1593
2063
1539
1327
1589
2055
1545
1329
1593
2064
1534
1347
1603
2063
1539
1309
1592
2057
1555
1341
1598
2063
1539
1346
1595
2065
1549
1329
1596
2061
1551
1329
1595
2057
1524
1327
1593
2066
1545
1335
1589
2063
1551
1353
1593
2055
1537
1331
1595
2065
1559
1363
1595
2063
1532
1329
1604
2057
1536
1337
1591
2062
1545
1341
1597
2065
1549
1338
1589
2059
1547
1317
1593
2059
1535
1333
1585
2063
1533
1315
1591
2059
1543
1337
1599
2051
1563
1339
1591
2059
1583
1337
1589
2061
1579
1331
1583
2057
1549
1319
1599
2063
1528
1355
1597
2063
1537
1333
1604
2059
1535
1329
1587
2055
1548
1331
1587
2059
1565
1319
1593
2065
1547
1321
1592
2057
1528
1357
1602
2061
1549
1341
1599
2059
1551
1329
1604
2053
1537
1331
1585
2063
1537
1355
1593
2069
1541
1309
1583
2061
1547
1353
1587
2057
1541
1351
1600
2065
1539
1313
1595
2061
1555
1339
1599
2057
1549
1343
1601
2065
1551
1337
1581
2063
1545
1333
1598
2055
1527
1317
1583
2061
1553
1339
1600
2067
1539
1345
1581
2059
1531
1329
1587
2057
1540
1345
1597
2067
1545
1321
1595
2065
1533
1337
1589
2059
1555
1335
1595
2059
1544
1319
1602
2065
1553
1330
1591
2059
1533
1305
1589
2061
1551
1352
1600
2067
1553
1327
1593
2059
1533
1341
1586
2063
1553
1339
1594
2067
1545
1319
1597
2059
1542
1351
1581
2055
1547
1343
1599
2061
1540
1331
1595
2063
1569
1327
1585
2057
1545
1331
1593
2063
1555
1323
1593
2067
1547
1343
1589
2053
1542
1325
1592
2055
1541
1314
1599
2067
1541
1337
1589
2055
1538
1327
1587
2057
1529
1307
1593
2059
1535
1353
1605
2067
1525
1339
1600
2057
1531
1343
1591
2059
1541
1315
1595
2069
1545
1369
1583
2061
1521
1325
1588
2059
1555
1341
1584
2067
1567
1338
1583
2059
1533
1331
1592
2057
1533
1317
1589
2063
1559
1353
1593
2063
1525
1299
1599
2055
1539
1323
1591
2061
1555
1349
1596
2065
1551
1299
1587
2057
1535
1344
1587
2059
1541
1333
1589
2065
1547
1323
1583
2063
1534
1320
1581
2057
1537
1303
1599
2065
1538
1325
1597
2059
1541
1343
1573
2057
1545
1313
1581
2059
1541
1347
1601
2061
1547
1335
1593
2055
1536
1357
1593
2059
1545
1331
1597
2063
1551
1351
1597
2059
1542
1331
1595
2059
1531
1325
1583
2063
1560
1331
1591
2062
1537
1321
1591
2057
1575
1345
1597
2063
1583
1341
1598
2061
1567
1329
1599
2055
1603
1356
1597
2063
1593
1335
1603
2063
1573
1339
1597
2059
1563
1325
1592
2059
1533
1333
1587
2065
1537
1325
1583
2059
1533
1331
1589
2055
1543
1321
1600
2065
1549
1345
1594
2063
1538
1337
1593
2053
1532
1337
1581
2057
1539
1333
1589
2061
1559
1337
1602
2059
1533
1341
1581
2053
1534
1333
1591
2063
1564
1316
1601
2055
1555
1315
1597
2057
1543
1343
1589
2057
1547
1353
1599
2063
1557
1305
1589
2053
1541
1335
1591
2065
1535
1331
1603
2063
1535
1337
1589
2057
1531
1335
1591
2061
1555
1317
1591
2063
1526
1333
1589
2059
1557
1329
1583
2057
1549
1345
1603
2065
1583
1341
1591
2059
1592
1339
1591
2055
1551
1315
1583
2063
1571
1343
1597
2065
1589
1339
1589
2061
1553
1313
1585
2067
1589
1344
1593
2067
1599
1337
1589
2059
1549
1331
1589
2059
1543
1327
1592
2063
1547
1325
1595
2057
1547
1337
1587
2059
1526
1325
1593
2061
1545
1325
1585
2065
1554
1325
1593
2059
1553
1327
1585
2057
1540
1341
1597
2063
1583
1341
1596
2063
1567
1309
1585
2059
1579
1320
1589
2063
1593
1355
1597
2061
1581
1325
1585
2059
1542
1323
1581
2063
1557
1335
1597
2059
1536
1347
1588
2057
1541
1329
1593
2057
1551
1333
1591
2067
1535
1321
1591
2057
1539
1327
1589
2057
1527
1331
1575
2067
1555
1331
1589
2061
1547
1347
1587
2053
1563
1347
1609
2062
1558
1349
1593
2065
1549
1348
1594
2057
1547
1335
1581
2057
1526
1331
1596
2067
1555
1339
1584
2059
1533
1355
1589
2055
1535
1339
1591
2065
1535
1347
1593
2061
1534
1337
1591
2057
1537
1345
1595
2061
1533
1324
1606
2065
1553
1347
1591
2059
1523
1327
1583
2061
1530
1333
1611
2066
1555
1323
1589
2057
1543
1315
1593
2061
1540
1345
1587
2065
1533
1323
1589
2059
1553
1323
1581
2059
1547
1341
1601
2063
1550
1343
1599
2063
1547
1327
1591
2057
1513
1327
1583
2061
1535
1325
1601
2065
1551
1347
1599
2057
1541
1335
1589
2063
1543
1339
1591
2063
1541
1335
1589
2057
1542
1339
1585
2057
1557
1337
1591
2063
1579
1322
1598
2063
1553
1333
1573
2057
1541
1323
1595
2059
1554
1329
1587
2063
1551
1337
1595
2055
1544
1321
1589
2061
1531
1339
1610
2061
1527
1327
1591
2061
1539
1335
1584
2057
1531
1327
1599
2063
1545
1327
1601
2063
1547
1315
1599
2055
1547
1325
1597
2061
1541
1349
1600
2063
1551
1343
1605
2057
1539
1317
1589
2059
1537
1343
1599
2063
1548
1341
1595
2063
1529
1368
1580
2057
1543
1323
1603
2063
1544
1337
1596
2057
1539
1319
1586
2053
1539
1317
1596
2063
1557
1325
1596
2069
1544
1353
1593
2051
1548
1329
1585
2057
1533
1382
1589
2067
1547
1310
1588
2063
1544
1325
1587
2053
1541
1329
1585
2065
1550
1341
1593
2065
1535
1343
1587
2055
1539
1353
1591
2061
1549
1361
1601
2069
1562
1345
1585
2053
1532
1315
1585
2055
1549
1329
1601
2065
1545
1343
1583
2059
1541
1351
1573
2055
1528
1331
1583
2063
1552
1315
1591
2061
1549
1341
1597
2057
1555
1309
1583
2061
1541
1345
1589
2063
1543
1307
1593
2053
1547
1355
1591
2057
1539
1323
1591
2065
1540
1333
1595
2059
1537
1329
1597
2059
1546
1356
1585
2063
1545
1337
1596
2055
1543
1349
1595
2055
1536
1349
1579
2061
1524
1323
1591
2065
1548
1351
1581
2061
1526
1339
1583
2061
1541
1323
1593
2059
1547
1315
1589
2057
1553
1310
1583
2059
1532
1311
1583
2065
1555
1331
1588
2061
1533
1327
1585
2059
1557
1333
1583
2065
1539
1333
1593
2063
1532
1319
1589
2061
1545
1319
1591
2057
1545
1337
1583
2061
1538
1315
1588
2059
1591
1315
1595
2055
1590
1337
1599
2063
1587
1363
1589
2059
1551
1319
1610
2055
1562
1331
1593
2063
1563
1339
1593
2061
1544
1333
1589
2057
1541
1331
1588
2061
1535
1361
1591
2063
1537
1313
1591
2059
1537
1337
1581
2059
1569
1323
1584
2069
1541
1345
1585
2055
1575
1329
1587
2055
1597
1329
1587
2063
1578
1354
1595
2065
1562
1357
1591
2053
1587
1319
1587
2061
1577
1345
1603
2065
1567
1365
1583
2055
1543
1343
1585
2057
1527
1343
1606
2067
1537
1335
1585
2057
1535
1319
1587
2057
1563
1355
1593
2061
1558
1311
1593
2063
1567
1317
1586
2055
1525
1319
1591
2063
1538
1364
1593
2061
1563
1341
1589
2059
1527
1315
1595
2057
1542
1321
1585
2065
1541
1343
1590
2059
1536
1317
1585
2057
1534
1327
1595
2071
1545
1361
1601
2061
1531
1321
1598
2055
1537
1355
1599
2063
1547
1315
1588
2063
1549
1337
1593
2057
1537
1311
1589
2059
1549
1331
1589
2063
1547
1323
1593
2057
1534
1329
1599
2057
1527
1327
1593
2065
1555
1341
1593
2059
1537
1323
1592
2057
1541
1315
1603
2063
1549
1331
1603
2059
1545
1347
1589
2061
1549
1343
1583
2061
1545
1351
1591
2069
1555
1337
1589
2059
1539
1325
1585
2057
1557
1347
1591
2064
1557
1343
1585
2063
1533
1341
1591
2055
1545
1341
1599
2059
1559
1349
1597
2065
1543
1333
1597
2057
1536
1337
1593
2085
1518
1351
1597
2066
1531
1345
1597
2057
1532
1323
1592
2057
1545
1335
1592
2062
1561
1332
1587
2065
1543
1327
1586
2057
1539
1411
1617
2089
1587
1321
1598
2063
1545
1367
1666
2079
1625
1500
1388
1731
2011
1597
1371
1547
1956
1747
1563
2103
1569
40630
1545
1855
1819
1581
1326
1595
2069
1414
1591
2059
1535
1343
1593
2057
1539
1315
1591
2065
1563
1343
1595
2061
1531
1327
1581
2059
1545
1335
1596
2061
1543
1323
1593
2066
1555
1331
1593
2059
1526
1325
1602
2057
1539
1351
1590
2063
1527
1340
1585
2061
1543
1321
1593
2053
1535
1325
1589
2057
1539
1307
1596
2059
1537
1343
1605
2057
1543
1327
1595
2061
1553
1345
1599
2065
1547
1333
1587
2053
1541
1370
1588
2059
1547
1345
1595
2059
1539
1329
1598
2059
1537
1329
1587
2057
1532
1323
1591
2065
1541
1340
1594
2063
1539
1331
1579
2053
1533
1315
1598
2057
1561
1333
1597
2063
1542
1347
1583
2055
1547
1333
1579
2059
1539
1333
1591
2069
1547
1333
1597
2061
1539
1333
1587
2061
1541
1341
1587
2065
1552
1317
1600
2061
1537
1344
1591
2055
1542
1369
1587
2059
1544
1329
1603
2063
1543
1336
1579
2055
1547
1327
1595
2059
1595
1317
1599
2069
1559
1337
1599
2057
1555
1347
1589
2059
1569
1337
1609
2067
1571
1329
1591
2061
1594
1335
1587
2057
1526
1329
1595
2063
1583
1323
1577
2063
1533
1324
1590
2059
1567
1335
1587
2061
1559
1342
1587
2067
1563
1325
1587
2061
1539
1333
1587
2055
1532
1337
1593
2063
1537
1369
1589
2059
1547
1323
1597
2053
1537
1349
1602
2061
1553
1317
1599
2063
1557
1335
1589
2059
1547
1335
1592
2059
1552
1317
1591
2065
1545
1343
1597
2061
1543
1335
1589
2057
1536
1333
1596
2059
1535
1323
1603
2061
1557
1320
1583
2055
1589
1347
1596
2063
1569
1345
1599
2061
1573
1339
1591
2059
1520
1310
1587
2061
1556
1329
1595
2065
1524
1353
1593
2057
1561
1325
1579
2055
1537
1345
1598
2059
1551
1335
1585
2063
1541
1347
1581
2057
1555
1329
1604
2059
1537
1351
1585
2061
1531
1321
1587
2053
1557
1345
1591
2061
1534
1327
1601
2063
1526
1347
1591
2059
1543
1339
1583
2061
1547
1331
1589
2064
1531
1353
1591
2057
1547
1329
1587
2053
1537
1321
1597
2059
1553
1347
1591
2061
1536
1315
1585
2060
1531
1327
1591
2057
1567
1337
1597
2065
1537
1339
1585
2057
1529
1337
1585
2065
1543
1351
1595
2069
1531
1335
1593
2053
1545
1356
1577
2059
1527
1345
1583
2063
1558
1331
1593
2069
1540
1348
1594
2061
1537
1341
1579
2057
1548
1341
1589
2067
1545
1343
1596
2059
1557
1337
1603
2061
1544
1325
1594
2067
1529
1337
1589
2065
1539
1311
1585
2059
1555
1329
1593
2066
1555
1327
1585
2065
1541
1349
1589
2056
1545
1309
1595
2063
1548
1353
1587
2065
1531
1325
1581
2059
1539
1314
1587
2057
1545
1351
1595
2065
1527
1354
1595
2061
1547
1335
1599
2061
1563
1341
1603
2063
1599
1329
1594
2059
1575
1329
1588
2049
1543
1353
1595
2061
1557
1341
1590
2067
1545
1325
1585
2053
1524
1331
1589
2057
1550
1347
1587
2067
1549
1337
1593
2061
1532
1337
1596
2057
1543
1321
1603
2061
1553
1356
1599
2061
1557
1333
1600
2055
1531
1357
1587
2061
1553
1309
1585
2057
1541
1341
1590
2061
1547
1333
1585
2055
1540
1333
1601
2069
1553
1327
1585
2059
1545
1301
1583
2057
1555
1325
1599
2067
1533
1354
1594
2063
1543
1347
1589
2051
1533
1339
1597
2059
1543
1337
1590
2060
1553
1321
1601
2057
1553
1335
1589
2059
1611
1335
1595
2060
1551
1319
1595
2059
1551
1327
1593
2065
1539
1325
1593
2059
1554
1323
1599
2057
1537
1331
1587
2057
1540
1321
1598
2061
1563
1319
1595
2057
1543
1349
1581
2057
1529
1341
1595
2059
1537
1327
1586
2065
1548
1327
1589
2061
1539
1333
1585
2059
1565
1333
1591
2065
1543
1337
1587
2061
1537
1333
1583
2057
1543
1323
1591
2065
1535
1347
1587
2067
1539
1355
1591
2061
1543
1323
1587
2063
1543
1309
1591
2063
1549
1339
1582
2057
1547
1313
1589
2059
1521
1341
1595
2063
1551
1336
1599
2057
1537
1337
1579
2059
1544
1333
1600
2065
1559
1331
1589
2064
1589
1335
1583
2057
1530
1325
1589
2053
1551
1345
1607
2065
1542
1347
1589
2059
1543
1335
1590
2061
1523
1325
1593
2067
1544
1349
1591
2063
1553
1327
1591
2055
1540
1339
1589
2063
1542
1331
1591
2061
1536
1333
1593
2055
1555
1343
1585
2061
1559
1351
1603
2067
1581
1333
1594
2063
1617
1329
1589
2055
1587
1317
1585
2063
1551
1351
1590
2055
1547
1331
1577
2057
1540
1321
1599
2064
1553
1329
1591
2065
1539
1343
1595
2053
1547
1331
1597
2061
1545
1327
1597
2063
1543
1307
1589
2055
1529
1329
1593
2061
1533
1337
1603
2067
1537
1339
1587
2059
1533
1321
1595
2057
1545
1319
1591
2063
1561
1320
1603
2057
1540
1351
1593
2057
1529
1353
1582
2071
1551
1345
1593
2057
1545
1347
1601
2055
1523
1329
1599
2061
1543
1347
1596
2067
1547
1355
1593
2057
1533
1323
1583
2053
1542
1333
1592
2065
1545
1363
1593
2061
1540
1351
1587
2055
1547
1318
1585
2061
1545
1329
1612
2065
1549
1359
1587
2059
1561
1323
1595
2059
1573
1347
1591
2065
1585
1323
1611
2061
1546
1313
1587
2059
1582
1335
1584
2065
1557
1333
1587
2061
1529
1327
1592
2055
1545
1347
1590
2059
1547
1333
1603
2063
1557
1335
1589
2059
1551
1315
1587
2059
1545
1329
1601
2065
1532
1349
1587
2057
1549
1325
1593
2053
1535
1339
1594
2061
1553
1323
1591
2057
1551
1361
1587
2057
1543
1313
1595
2067
1537
1343
1599
2059
1531
1335
1591
2059
1531
1331
1591
2057
1542
1331
1597
2066
1545
1307
1593
2057
1537
1313
1603
2059
1537
1331
1583
2066
1539
1341
1577
2058
1538
1325
1587
2057
1547
1331
1597
2061
1555
1358
1589
2061
1551
1339
1587
2053
1549
1329
1589
2061
1548
1331
1599
2061
1549
1331
1591
2059
1553
1293
1589
2059
1541
1327
1593
2065
1553
1347
1591
2059
1547
1343
1595
2059
1542
1341
1586
2063
1549
1341
1600
2061
1527
1339
1596
2053
1541
1323
1581
2061
1541
1347
1589
2067
1537
1331
1599
2061
1523
1327
1583
2059
1559
1321
1602
2067
1537
1317
1601
2061
1529
1339
1598
2057
1543
1355
1589
2063
1554
1343
1589
2061
1537
1339
1582
2057
1531
1317
1598
2061
1554
1331
1595
2067
1543
1311
1597
2061
1529
1309
1580
2063
1551
1341
1587
2065
1562
1329
1593
2061
1533
1345
1585
2061
1533
1337
1583
2065
1545
1331
1589
2061
1535
1337
1590
2049
1545
1365
1591
2063
1551
1333
1587
2065
1557
1345
1605
2057
1531
1307
1598
2059
1547
1329
1605
2067
1537
1335
1589
2061
1543
1351
1587
2059
1535
1341
1585
2061
1546
1339
1601
2057
1539
1331
1581
2055
1546
1335
1595
2063
1539
1349
1595
2066
1531
1319
1589
2057
1538
1349
1593
2062
1549
1329
1589
2065
1540
1329
1583
2059
1535
1319
1586
2059
1547
1321
1599
2061
1541
1319
1597
2063
1587
1319
1593
2055
1589
1315
1593
2061
1587
1313
1599
2063
1587
1345
1597
2057
1524
1321
1579
2057
1553
1333
1603
2067
1590
1323
1591
2057
1559
1325
1596
2055
1562
1333
1587
2061
1551
1363
1589
2061
1571
1319
1595
2053
1565
1333
1580
2065
1605
1329
1613
2065
1547
1321
1597
2055
1526
1347
1581
2059
1539
1329
1587
2065
1531
1311
1600
2059
1533
1351
1587
2062
1579
1335
1601
2063
1597
1331
1592
2061
1545
1319
1585
2057
1539
1353
1603
2065
1547
1323
1593
2061
1532
1321
1595
2055
1535
1325
1587
2055
1567
1321
1599
2065
1548
1317
1603
2059
1549
1345
1584
2055
1533
1341
1596
2065
1551
1344
1586
2053
1524
1319
1581
2055
1557
1326
1595
2061
1537
1335
1599
2061
1545
1317
1586
2061
1547
1327
1588
2063
1537
1323
1601
2063
1537
1348
1592
2057
1551
1329
1593
2060
1531
1335
1591
2065
1530
1347
1595
2059
1534
1317
1579
2059
1549
1343
1593
2061
1522
1331
1585
2061
1538
1327
1585
2053
1548
1335
1577
2057
1553
1356
1595
2063
1534
1337
1593
2059
1535
1321
1585
2061
1531
1355
1603
2065
1532
1337
1593
2055
1545
1349
1589
2059
1555
1343
1599
2063
1547
1337
1587
2061
1536
1317
1593
2053
1529
1305
1603
2063
1551
1356
1599
2063
1579
1318
1588
2057
1605
1333
1591
2061
1599
1329
1603
2065
1537
1337
1599
2061
1531
1327
1591
2059
1551
1325
1600
2067
1557
1345
1589
2063
1561
1325
1590
2053
1605
1299
1591
2055
1587
1329
1583
2061
1549
1351
1583
2057
1557
1331
1589
2061
1579
1345
1595
2065
1577
1317
1597
2063
1544
1339
1593
2059
1563
1317
1593
2089
1559
1329
1585
2059
1559
1340
1579
2053
1579
1321
1595
2063
1573
1337
1605
2065
1555
1347
1581
2057
1565
1318
1595
2061
1535
1343
1594
2067
1541
1351
1597
2059
1543
1315
1589
2061
1559
1313
1589
2069
1542
1351
1599
2061
1543
1329
1587
2057
1537
1329
1591
2063
1550
1325
1587
2063
1539
1331
1585
2059
1531
1325
1605
2063
1532
1327
1599
2061
1545
1337
1593
2059
1545
1358
1593
2057
1549
1325
1604
2067
1556
1355
1590
2067
1538
1335
1593
2051
1525
1313
1599
2061
1543
1327
1589
2061
1565
1323
1589
2055
1533
1372
1591
2061
1545
1351
1599
2061
1543
1337
1591
2061
1532
1315
1589
2059
1557
1339
1585
2063
1549
1325
1595
2063
1567
1329
1593
2055
1549
1325
1595
2061
1531
1321
1597
2063
1533
1333
1583
2055
1541
1319
1593
2059
1553
1313
1601
2059
1545
1335
1595
2059
1555
1325
1585
2061
1547
1331
1592
2063
1557
1337
1603
2063
1551
1347
1589
2057
1569
1355
1589
2063
1587
1320
1582
2061
1557
1319
1585
2051
1535
1317
1593
2061
1543
1319
1594
2061
1541
1349
1581
2057
1532
1315
1596
2059
1531
1335
1605
2063
1549
1313
1593
2059
1547
1317
1579
2057
1539
1337
1595
2065
1542
1319
1593
2059
1553
1333
1601
2055
1539
1339
1601
2059
1544
1345
1599
2064
1538
1325
1597
2057
1525
1331
1599
2063
1541
1339
1593
2063
1547
1329
1587
2055
1531
1311
1594
2057
1550
1323
1597
2069
1539
1351
1593
2057
1539
1319
1589
2057
1543
1331
1593
2063
1539
1341
1589
2063
1549
1343
1587
2059
1542
1323
1587
2055
1531
1355
1583
2065
1549
1339
1603
2059
1541
1317
1593
2057
1534
1341
1595
2065
1538
1331
1599
2061
1535
1341
1610
2055
1555
1343
1584
2065
1575
1329
1595
2065
1545
1321
1589
2059
1539
1339
1587
2060
1551
1319
1597
2063
1551
1349
1589
2060
1539
1339
1581
2055
1545
1365
1589
2065
1555
1324
1585
2063
1545
1331
1595
2061
1544
1327
1595
2066
1537
1337
1603
2060
1557
1327
1584
2061
1587
1310
1585
2061
1603
1353
1595
2063
1589
1321
1598
2061
1591
1357
1605
2054
1599
1365
1603
2069
1547
1351
1579
2061
1581
1337
1587
2057
1575
1316
1597
2063
1587
1363
1597
2061
1558
1321
1589
2051
1587
1319
1599
2061
1569
1351
1603
2067
1547
1343
1591
2059
1531
1342
1603
2055
1537
1333
1593
2067
1555
1347
1591
2063
1538
1357
1595
2061
1559
1335
1579
2063
1533
1336
1591
2063
1549
1335
1583
2055
1551
1327
1571
2061
1545
1327
1608
2065
1543
1347
1599
2059
1539
1337
1581
2059
1533
1351
1593
2069
1553
1319
1581
2061
1552
1325
1585
2059
1537
1329
1601
2057
1540
1331
1595
2063
1545
1315
1595
2057
1555
1325
1593
2057
1539
1321
1599
2065
1535
1339
1583
2057
1521
1347
1597
2063
1543
1339
1591
2065
1543
1315
1593
2059
1537
1321
1588
2057
1531
1315
1597
2065
1543
1327
1598
2063
1529
1329
1591
2055
1533
1333
1589
2063
1555
1349
1589
2063
1531
1327
1595
2057
1549
1327
1593
2057
1541
1339
1594
2063
1545
1336
1583
2065
1527
1303
1587
2059
1543
1351
1589
2063
1559
1343
1591
2065
1545
1335
1603
2055
1547
1319
1589
2061
1547
1333
1591
2065
1543
1343
1595
2059
1547
1321
1581
2055
1545
1331
1593
2063
1547
1365
1591
2059
1542
1331
1586
2059
1547
1343
1589
2063
1561
1343
1585
2061
1539
1335
1585
2055
1555
1360
1585
2063
1555
1333
1605
2061
1557
1326
1591
2059
1544
1335
1587
2061
1549
1343
1593
2067
1545
1331
1587
2059
1534
1335
1596
2057
1528
1329
1585
2065
1533
1339
1587
2063
1555
1319
1592
2053
1539
1325
1589
2063
1553
1331
1599
2061
1543
1339
1583
2057
1541
1323
1591
2059
1542
1311
1587
2059
1565
1329
1599
2057
1540
1327
1581
2053
1553
1345
1583
2067
1545
1335
1585
2057
1543
1366
1585
2055
1555
1317
1589
2063
1541
1327
1594
2059
1541
1327
1589
2057
1527
1353
1591
2059
1537
1320
1595
2063
1535
1341
1593
2063
1541
1327
1584
2055
1543
1333
1603
2061
1541
1313
1592
2055
1542
1349
1587
2059
1535
1321
1583
2069
1541
1331
1590
2063
1543
1331
1599
2053
1525
1359
1585
2063
1533
1343
1601
2065
1559
1337
1593
2057
1546
1325
1585
2057
1550
1319
1595
2063
1542
1315
1597
2059
1535
1331
1590
2055
1537
1331
1599
2063
1555
1341
1601
2067
1553
1323
1589
2055
1545
1321
1587
2057
1553
1327
1591
2067
1538
1346
1595
2057
1543
1338
1587
2053
1549
1339
1587
2065
1541
1341
1600
2061
1547
1331
1588
2063
1537
1325
1609
2057
1547
1333
1589
2061
1535
1333
1599
2051
1533
1350
1586
2059
1577
1315
1607
2064
1583
1325
1595
2053
1587
1325
1589
2061
1571
1331
1591
2067
1634
1339
1586
2055
1579
1311
1587
2053
1603
1321
1593
2061
1589
1333
1601
2059
1543
1335
1591
2059
1542
1325
1588
2061
1537
1337
1583
2065
1524
1335
1593
2055
1517
1339
1587
2062
1531
1347
1597
2067
1536
1325
1601
2059
1543
1325
1589
2059
1544
1345
1591
2063
1545
1335
1592
2063
1547
1329
1583
2057
1533
1333
1594
2063
1550
1355
1597
2063
1537
1341
1591
2053
1539
1349
1605
2061
1540
1313
1583
2063
1538
1327
1585
2059
1549
1303
1579
2055
1547
1382
1583
2065
1579
1329
1585
2057
1548
1336
1581
2057
1539
1323
1595
2065
1562
1335
1597
2063
1573
1321
1593
2061
1543
1329
1585
2063
1538
1345
1599
2065
1543
1335
1600
2057
1547
1348
1583
2059
1522
1321
1596
2065
1555
1337
1603
2063
1575
1325
1589
2055
1591
1315
1601
2063
1571
1345
1595
2059
1585
1355
1577
2057
1553
1313
1597
2059
1581
1357
1593
2065
1549
1339
1592
2057
1545
1337
1591
2061
1549
1325
1608
2061
1543
1319
1601
2062
1539
1327
1597
2053
1539
1321
1590
2063
1547
1319
1587
2059
1545
1321
1593
2055
1543
1333
1593
2061
1547
1365
1597
2065
1541
1321
1591
2063
1541
1315
1591
2053
1531
1334
1605
2065
1531
1352
1593
2063
1541
1316
1583
2057
1553
1321
1589
2069
1548
1335
1593
2057
1553
1319
1594
2057
1543
1315
1581
2060
1540
1323
1595
2065
1543
1343
1590
2053
1517
1335
1598
2059
1539
1339
1597
2063
1559
1329
1587
2059
1547
1325
1581
2057
1551
1321
1577
2059
1539
1346
1599
2063
1556
1389
1587
2059
1527
1329
1595
2060
1548
1343
1597
2063
1535
1339
1585
2057
1538
1323
1583
2061
1535
1361
1595
2061
1551
1339
1591
2059
1549
1325
1587
2059
1537
1329
1591
2061
1541
1321
1595
2065
1541
1327
1581
2059
1545
1321
1589
2063
1551
1315
1591
2067
1537
1339
1585
2059
1538
1327
1599
2057
1538
1331
1598
2067
1545
1352
1593
2061
1533
1340
1591
2055
1555
1335
1589
2065
1538
1347
1590
2057
1544
1335
1594
2055
1538
1351
1589
2063
1553
1329
1599
2061
1543
1327
1589
2055
1547
1319
1583
2065
1559
1323
1610
2064
1614
1349
1607
2057
1561
1325
1589
2063
1541
1323
1593
2061
1557
1334
1593
2059
1547
1347
1595
2055
1527
1329
1595
2067
1549
1343
1609
2064
1547
1323
1601
2053
1562
1323
1591
2061
1543
1327
1581
2062
1547
1335
1585
2055
1523
1341
1589
2055
1549
1321
1595
2063
1556
1353
1593
2063
1555
1317
1581
2055
1535
1357
1593
2063
1545
1337
1579
2067
1543
1331
1591
2057
1552
1324
1583
2059
1543
1333
1595
2063
1549
1335
1585
1347
1575
