2684
2265
1958
2342
2680
2265
1934
2327
2679
2277
1938
2331
2677
2257
1958
2335
2682
2261
1922
2327
2690
2275
1932
2339
2688
2258
1950
2347
2684
2262
1948
2335
2676
2265
1934
2345
2682
2255
1926
2339
2686
2259
1934
2362
2690
2272
1950
2349
2686
2262
1954
2337
2680
2249
1910
2332
2677
2251
1940
2330
2677
2253
1936
2339
2682
2272
1930
2343
2690
2265
1920
2349
2682
2257
1944
2333
2680
2271
1944
2336
2677
2273
1918
2331
2680
2258
1944
2347
2684
2287
1950
2344
2688
2281
1944
2351
2682
2267
1929
2342
2681
2251
1934
2331
2676
2261
1928
2346
2680
2261
1948
2349
2682
2278
1934
2347
2688
2275
1922
2349
2684
2269
1929
2344
2680
2279
1910
2332
2674
2252
1924
2334
2682
2250
1948
2333
2690
2279
1926
2345
2688
2277
1924
2342
2683
2289
1940
2341
2678
2249
1944
2335
2678
2269
1932
2331
2686
2279
1959
2331
2686
2263
1938
2351
2686
2270
1930
2353
2681
2250
1926
2347
2678
2256
1901
2342
2677
2267
1918
2340
2684
2256
1924
2344
2686
2267
1956
2347
2686
2281
1916
2339
2680
2261
1930
2343
2676
2249
1953
2344
2678
2262
1950
2354
2683
2283
1946
2344
2688
2281
1934
2343
2684
2262
1924
2342
2680
2266
1926
2328
2678
2256
1940
2337
2680
2257
1924
2360
2688
2269
1948
2347
2686
2281
1942
2335
2688
2263
1936
2349
2676
2259
1930
2340
2676
2269
1930
2333
2680
2271
1936
2342
2684
2272
1942
2340
2687
2303
1926
2281
2085
1918
2299
2328
2682
2257
1961
2333
2678
2257
1961
2335
2682
2265
1938
2339
2684
2263
1914
2353
2686
2261
1932
2356
2682
2249
1942
2331
2674
2270
1940
2341
2674
2269
1916
2350
2682
2261
1930
2331
2686
2283
1974
2341
2688
2283
1934
2339
2681
2277
1950
2341
2680
2263
1930
2340
2678
2279
1936
2330
2684
2252
1912
2343
2687
2277
1930
2355
2684
2275
1930
2333
2680
2261
1924
2324
2674
2256
1932
2339
2680
2241
1961
2341
2682
2267
1968
2349
2690
2281
1936
2353
2684
2299
1920
2339
2680
2276
1944
2337
2674
2257
1938
2337
2682
2279
1914
2348
2685
2261
1943
2346
2690
2266
1946
2333
2685
2285
1910
2351
2678
2271
1946
2331
2678
2285
1956
2338
2684
2250
1918
2350
2683
2261
1950
2347
2690
2287
1948
2343
2684
2289
1954
2352
2678
2277
1965
2332
2682
2285
1942
2343
2681
2285
1946
2341
2686
2291
1922
2348
2686
2272
1928
2338
2682
2264
1946
2343
2676
2272
1938
2347
2676
2265
1942
2335
2680
2257
1936
2346
2687
2275
1952
2344
2683
2276
1932
2347
2678
2261
1906
2321
2680
2263
1942
2345
2680
2285
1923
2333
2686
2274
1948
2345
2690
2277
1958
2349
2684
2279
1948
2333
2682
2261
1938
2335
2674
2271
1926
2335
2680
2254
1928
2343
2684
2265
1951
2345
2688
2255
1932
2343
2682
2271
1926
2331
2678
2263
1906
2327
2680
2263
1928
2347
2682
2271
1932
2347
2686
2293
1938
2351
2684
2247
1924
2353
2684
2285
1930
2335
2678
2277
1936
2348
2674
2261
1946
2334
2684
2270
1920
2336
2690
2291
1927
2345
2684
2249
1958
2348
2682
2265
1950
2329
2680
2255
1922
2337
2680
2267
1928
2353
2684
2259
1960
2351
2688
2283
1934
2360
2684
2271
1938
2342
2681
2261
1938
2328
2680
2268
1940
2329
2680
2273
1916
2327
2680
2255
1973
2349
2687
2273
1944
2347
2684
2279
1934
2331
2682
2281
1952
2347
2672
2267
1918
2327
2682
2276
1948
2341
2688
2276
1952
2347
2688
2279
1948
2346
2681
2257
1938
2340
2676
2271
1950
2341
2678
2273
1952
2345
2684
2275
1938
2341
2686
2261
1954
2346
2690
2270
1950
2334
2682
2272
1954
2337
2678
2297
1938
2327
2678
2269
1966
2323
2684
2281
1940
2342
2686
2287
1938
2349
2686
2267
1924
2353
2682
2269
1960
2333
2676
2259
1934
2333
2676
2263
1932
2343
2682
2274
1946
2349
2686
2289
1940
2344
2687
2267
1924
2335
2682
2278
1932
2340
2674
2265
1950
2342
2677
2252
1948
2323
2686
2283
1922
2346
2690
2265
1954
2355
2685
2277
1930
2335
2678
2265
1944
2349
2676
2263
1938
2329
2684
2265
1912
2332
2684
2262
1926
2343
2688
2274
1932
2361
2684
2275
1972
2335
2678
2271
1950
2326
2674
2257
1948
2342
2681
2277
1932
2327
2687
2263
1950
2354
8796
2688
2452
2260
1968
2214
2684
2272
1944
2430
2323
1990
2313
2633
2258
1889
2537
2250
1924
2344
2686
2283
1961
2344
2685
2261
1930
2364
2686
2430
2353
1995
2212
2503
2688
2333
2174
1988
2369
2650
2507
2317
1956
2036
2388
2733
2311
2219
1974
2212
2510
2623
2319
2076
1967
2378
2646
2490
2337
1987
2033
2398
2745
42022
2255
1952
2182
2456
2620
2265
2049
1928
2295
2577
2442
2277
1902
1972
2342
2688
2309
2188
1946
2164
2450
2617
2279
2039
1952
2324
2591
2442
2271
1962
2020
2349
2684
2259
2122
1936
2213
2555
2256
1940
2331
2472
2094
2119
2681
2273
1936
2414
2360
2017
2277
2676
2284
1942
2499
2263
1907
2345
2537
2188
2047
2623
2267
1922
2363
2435
2047
2176
2682
2272
1947
2446
2347
1976
2334
2619
2273
1977
2551
2263
1930
2344
2493
2146
2121
2678
2259
1910
2381
2374
2029
2275
2664
2267
1938
2516
2301
1930
2350
2543
2192
2011
2625
2263
1970
2357
2438
2075
2216
2678
2253
1920
2448
2320
1959
2358
2578
2218
1991
2583
2291
1943
2339
2474
2145
2135
2684
2261
1930
2406
2352
2011
2307
2632
2251
1910
2524
2259
1922
2351
2510
2144
2077
2658
2287
1917
2380
2430
2046
2212
2686
2277
1922
2453
2339
1946
2339
2583
2206
1970
2585
2239
1916
2347
2688
2271
1940
2366
2690
2263
1946
2342
2685
2265
1917
2343
2682
2263
1940
2336
2678
2285
1921
2329
2682
2265
1932
2337
2686
2292
1918
2359
2690
2293
1944
2343
2682
2283
1934
2333
2680
2261
1930
2329
2676
2269
1944
2353
2682
2256
1954
2349
2686
2275
1912
2366
2686
2258
1932
2336
2681
2273
1934
2334
2679
2256
1919
2341
2678
2260
1922
2351
2684
2279
1928
2350
2686
2268
1948
2348
2685
2277
1942
2345
2680
2263
1946
2343
2672
2297
1904
2335
2682
2279
1958
2340
2682
2266
1952
2343
2688
2278
1951
2347
2686
2287
1958
2360
2678
2273
1940
2335
2676
2271
1922
2325
2680
2263
1950
2356
2684
2287
1926
2345
2688
2257
1936
2340
2684
2266
1934
2327
2678
2279
1917
2335
2676
2271
1961
2336
2680
2283
1934
2352
2686
2276
1958
2349
2687
2291
1938
2339
2682
2267
1926
2331
2676
2267
1922
2337
2679
2275
1908
2348
2682
2274
1940
2349
2690
2275
1965
2355
2686
2266
1964
2347
2680
2263
1922
2348
2678
2266
1934
2337
2678
2273
1930
2336
2684
2271
1928
2339
2688
2277
1950
2342
2686
2261
1930
2340
2682
2270
1936
2339
2676
2272
1948
2349
2678
2291
1944
2336
2684
2257
1952
2335
2689
2265
1936
2356
2684
2282
1950
2327
2680
2268
1948
2345
2670
2267
1920
2340
2682
2248
1934
2344
2682
2281
1946
2351
2690
2270
1952
2341
2684
2261
1938
2352
2680
2272
1932
2334
2678
2265
1932
2337
2680
2273
1931
2347
2686
2255
1972
2355
2686
2266
1938
2346
2685
2276
1928
2339
2676
2253
1920
2355
2676
2267
1910
2341
2682
2271
1940
2354
2686
2276
1962
2342
2685
2275
1904
2341
2682
2267
1918
2331
2678
2279
1920
2328
2678
2277
1946
2338
2678
2274
1978
2345
2686
2284
1916
2345
2688
2253
1932
2358
2680
2251
1930
2338
2678
2265
1927
2341
2680
2269
1924
2353
2682
2259
1962
2341
2684
2271
1958
2348
2685
2261
1932
2344
2678
2258
1940
2337
2675
2262
1922
2341
2680
2277
1950
2348
2682
2299
1918
2343
2688
2275
1934
2345
2684
2272
1928
2349
2676
2271
1938
2327
2674
2271
1931
2341
2678
2277
1944
2333
2682
2283
1940
2355
2686
2281
1916
2341
2684
2273
1972
2324
2678
2248
1952
2337
2679
2275
1934
2347
2678
2257
1930
2352
2686
2275
1938
2344
2685
2283
1921
2352
2680
2268
1932
2353
2678
2273
1921
2331
2678
2265
1916
2349
2680
2251
1929
2338
2687
2269
1969
2349
2686
2268
1932
2335
2680
2261
1955
2343
2678
2253
1928
2340
2681
2253
1961
2348
2685
2267
1954
2337
2686
2277
1936
2343
2682
2273
1936
2337
2682
2266
1936
2337
2676
2251
1936
2346
2677
2262
1940
2344
2686
2275
1938
2348
2690
2277
1950
2338
2685
2273
1969
2335
2681
2271
1920
2345
2676
2275
1955
2338
2682
2287
1957
2340
2683
2269
1940
2344
2683
2269
1960
2355
2684
2248
1938
2331
2682
2277
1936
2348
2676
2253
1924
2329
2680
2280
1934
2355
2688
2269
1964
2339
2686
2275
1954
2339
2680
2281
1944
2344
2676
2267
1956
2329
2676
2264
1950
2341
2682
2256
1936
2354
2684
2263
1981
2348
2685
2255
1938
2348
2681
2253
1916
2341
2676
2261
1924
2329
2680
2265
1952
2335
2680
2263
1944
2346
2687
2277
1920
2351
2684
2273
1913
2341
2682
2277
1923
2338
2677
2253
1952
2346
2680
2280
1926
2351
2686
2271
1924
2337
2690
2289
1938
2340
2684
2284
1944
2337
2676
2267
1932
2343
2676
2269
1950
2343
2682
2289
1930
2338
2686
2273
1946
2347
2690
2275
1960
2335
2682
2274
1948
2333
2678
2287
1934
2337
2674
2271
1940
2339
2682
2269
1932
2340
2684
2274
1982
2345
2686
2258
1932
2335
2682
2262
1956
2338
2678
2265
1944
2339
2679
2260
1942
2346
2683
2271
1944
2347
2688
2271
1925
2342
2686
2279
1930
2339
2684
2255
1922
2343
2676
2263
1926
2348
2678
2277
1947
2347
2686
2259
1952
2348
2687
2267
1983
2332
2686
2272
1956
2353
2679
2256
1950
2333
2676
2253
1924
2342
2680
2265
1930
2338
2686
2256
1936
2345
2692
2259
1929
2335
2686
2281
1938
2346
2679
2263
1922
2332
2674
2260
1934
2342
2678
2275
1936
2335
2686
2281
1944
2343
2688
2271
1936
2340
2684
2272
1904
2347
2680
2275
1940
2345
2676
2259
1920
2343
2678
2273
1940
2333
2688
2283
1951
2350
2684
2264
1942
2332
2676
2270
1924
2331
2682
2256
1960
2348
2676
2255
1918
2338
2686
2273
1931
2336
2687
2253
1920
2331
2688
2260
1942
2343
2682
2269
1938
2350
2675
2273
1924
2343
2678
2266
1954
2341
2682
2275
1948
2337
2684
2266
1920
2337
2684
2263
1950
2346
2680
2275
1943
2331
2676
2275
1910
2341
2678
2269
1928
2335
2684
2257
1922
2347
2684
2276
1958
2353
2684
2262
1948
2346
2696
2251
1909
2346
2676
2279
1970
2336
2679
2273
1949
2336
2685
2267
1955
2345
2688
2283
1954
2359
2684
2275
1924
2344
2680
2267
1936
2336
2676
2272
1924
2346
2678
2273
1930
2337
2686
2275
1948
2345
2688
2265
1923
2347
2680
2259
1918
2348
2676
2250
1938
2344
2674
2267
1934
2323
2682
2263
1948
2340
2688
2287
1946
2349
2686
2262
1936
2351
2682
2254
1974
2337
2676
2261
1944
2341
2678
2267
1959
2337
2682
2261
1954
2347
2686
2285
1956
2335
2684
2255
1936
2340
2680
2279
1942
2333
2678
2279
1944
2336
2680
2287
1942
2343
2678
2279
1948
2342
2688
2273
1952
2345
2682
2263
1930
2342
2678
2264
1952
2353
2674
2287
1934
2347
2680
2285
1930
2344
2684
2265
1918
2354
2688
2287
1971
2349
2684
2275
1974
2345
2680
2279
1930
2329
2678
2265
1958
2333
2680
2267
1928
2350
2685
2269
1954
2335
2688
2262
1946
2348
2684
2275
1936
2333
2678
2270
1964
2337
2676
2251
1922
2347
2680
2257
1940
2341
2684
2267
1932
2344
2686
2283
1932
2340
2680
2277
1946
2337
2676
2242
1924
2329
2680
2257
1958
2323
2678
2291
1932
2352
2687
2271
1944
2335
2688
2272
1960
2343
2682
2261
1924
2340
2680
2262
1944
2339
2678
2259
1948
2348
2686
2271
1894
2341
2688
2256
1944
2331
2688
2249
1967
2344
2679
2255
1940
2337
2678
2252
1948
2335
2681
2250
1952
2345
2684
2277
1954
2341
2686
2279
1964
2348
2684
2267
1930
2335
2678
2258
1932
2343
2678
2287
1920
2327
2680
2269
1936
2336
2684
2256
1950
2344
2686
2260
1934
2357
2684
2283
1934
2337
2678
2257
1936
2329
2676
2256
1916
2334
2681
2267
1958
2336
2686
2273
1960
2351
2688
2283
1934
2336
2684
2283
1930
2339
2678
2275
1932
2340
2678
2260
1926
2331
2684
2261
1924
2333
2688
2273
1926
2348
2685
2275
1920
2352
2681
2279
1944
2346
2678
2267
1900
2357
2680
2275
1912
2339
2682
2248
1938
2348
2688
2285
1925
2349
2686
2280
1920
2341
2684
2267
1934
2335
2680
2251
1930
2343
2680
2267
1930
2329
2684
2247
1918
2341
2692
2281
1920
2351
2684
2281
1922
2345
2682
2263
1926
2337
2678
2257
1926
2337
2682
2262
1946
2337
2686
2273
1960
2346
2688
2253
1914
2346
2679
2275
1942
2339
2680
2238
1932
2329
2682
2273
1926
2337
2684
2275
1912
2337
2686
2270
1924
2336
2690
2265
1930
2355
2684
2271
1932
2337
2680
2275
1940
2338
2679
2273
1942
2331
2682
2266
1920
2330
2692
2281
1958
2337
2686
2277
1916
2346
2678
2274
1914
2354
2675
2248
1948
2328
2684
2261
1966
2341
2680
2273
1950
2344
2690
2271
1938
2343
2685
2253
1938
2333
2679
2257
1928
2331
2680
2269
1924
2352
2682
2275
1952
2346
2683
2283
1948
2338
2690
2280
1932
2343
2684
2279
1948
2339
2682
2255
1936
2350
2678
2254
1920
2346
2681
2263
1938
2343
2688
2262
1911
2347
2688
2263
1954
2350
2686
2269
1946
2351
2694
2262
1932
2333
2672
2269
1968
2337
2680
2285
1970
2349
2684
2267
1960
2352
2685
2269
1964
2337
2682
2276
1944
2337
2674
2265
1924
2335
2676
2271
1944
2351
2682
2278
1938
2359
2686
2279
1954
2349
2688
2269
1936
2337
2682
2267
1960
2348
2678
2239
1930
2333
2680
2273
1904
2349
2682
2285
1919
2349
2686
2276
1918
2349
2686
2265
1934
2338
2678
2266
1940
2335
2678
2276
1934
2339
2680
2255
1944
2351
2684
2259
1926
2352
2690
2271
1942
2338
2684
2276
1930
2333
2680
2253
1927
2331
2674
2247
1934
2337
2680
2267
1924
2344
2688
2272
1932
2335
2686
2263
1948
2343
2682
2285
1959
2353
2680
2265
1944
2338
2678
2273
1966
2349
2680
2286
1958
2341
2684
2273
1942
2352
2688
2279
1946
2347
2684
2262
1932
2341
2676
2277
1932
2345
2678
2267
1932
2349
2682
2263
1959
2341
2686
2264
1964
2342
2686
2261
1968
2329
2682
2265
1948
2349
2678
2277
1938
2341
2678
2290
1940
2345
2682
2268
1974
2343
2688
2281
1944
2357
2684
2289
1916
2327
2678
2267
1910
2332
2676
2262
1918
2344
2678
2256
1914
2347
2684
2285
1976
2344
2688
2269
1961
2348
2682
2274
1926
2337
2683
2250
1946
2342
2675
2265
1962
2345
2680
2261
1952
2333
2682
2274
1956
2344
2685
2267
1950
2328
2684
2274
1954
2331
2676
2263
1910
2325
2674
2253
1942
2333
2680
2266
1910
2354
2687
2269
1948
2343
2688
2270
1946
2342
2684
2275
1936
2342
2682
2262
1918
2338
2679
2252
1946
2351
2682
2256
1954
2327
2688
2275
1918
2355
2688
2273
1952
2356
2683
2266
1944
2339
2678
2262
1942
2339
2684
2267
1944
2345
2682
2285
1958
2342
2688
2283
1930
2341
2686
2250
1938
2336
2683
2267
1972
2333
2680
2263
1951
2346
2680
2291
1917
2332
2684
2277
1920
2359
2686
2269
1913
2351
2686
2263
1932
2339
2682
2277
1926
2336
2676
2269
1948
2339
2680
2276
1944
2329
2684
2271
1920
2337
2690
2281
1946
2350
2684
2273
1942
2337
2681
2265
1926
2352
2676
2283
1946
2348
2680
2267
1928
2348
2678
2278
1930
2358
2685
2277
1936
2343
2684
2275
1952
2325
2682
2249
1948
2337
2676
2255
1947
2337
2683
2263
1961
2346
2689
2254
1958
2345
2684
2271
1922
2346
2682
2279
1920
2337
2679
2273
1962
2336
2674
2260
1926
2343
2682
2273
1928
2342
2686
2269
1928
2351
2684
2266
1946
2350
2680
2286
1930
2337
2678
2264
1944
2345
2678
2253
1944
2342
2682
2275
1950
2343
2688
2272
1946
2351
2682
2263
1930
2341
2680
2271
1938
2336
2676
2265
1960
2338
2680
2266
1934
2345
2684
2273
1928
2347
2690
2273
1936
2341
2684
2273
1958
2338
2680
2262
1934
2350
2678
2270
1918
2331
2678
2285
1968
2349
2686
2275
1938
2345
2684
2261
1934
2348
2678
2262
1952
2329
2677
2269
1948
2331
2674
2257
1940
2345
2682
2255
1936
2352
2685
2281
1955
2352
2687
2283
1948
2329
2682
2274
1936
2361
2692
2265
1932
2335
2680
2264
1948
2335
2682
2275
1948
2341
2688
2283
1910
2343
2688
2287
1928
2342
2682
2272
1942
2337
2678
2267
1952
2344
2679
2263
1918
2339
2684
2265
1918
2337
2686
2291
1947
2350
2680
2271
1940
2354
2681
2275
1926
2345
2678
2269
1942
2335
2680
2249
1938
2335
2682
2263
1961
2342
2687
2270
1936
2347
2680
2279
1914
2341
2680
2253
1920
2333
2674
2253
1946
2335
2680
2275
1954
2341
2683
2261
1958
2343
2690
2260
1968
2338
2682
2263
1942
2365
2680
2269
1940
2327
2673
2277
1934
2347
2682
2273
1934
2334
2684
2275
1952
2341
2688
2264
1930
2346
2680
2271
1969
2332
2678
2273
1938
2333
2678
2285
1914
2331
2682
2265
1940
2334
2686
2274
1922
2339
2686
2272
1958
2339
2682
2262
1950
2345
2676
2263
1942
2331
2678
2261
1929
2347
2687
2261
1964
2335
2690
2283
1938
2339
2684
2275
1946
2342
2680
2259
1940
2339
2675
2250
1954
2337
2682
2277
1936
2339
2686
2259
1940
2332
2692
2279
1936
2339
2686
2284
1938
2337
2682
2258
1924
2342
2676
2269
1946
2343
2682
2273
1925
2338
2687
2261
1928
2349
2687
2279
1956
2339
2682
2255
1910
2333
2678
2249
1932
2332
2672
2257
1916
2341
2682
2254
1950
2335
2684
2277
1940
2349
2690
2283
1930
2341
2682
2269
1922
2347
2680
2287
1934
2332
2676
2258
1962
2335
2680
2269
1962
2349
2686
2279
1932
2347
2688
2276
1934
2336
2686
2268
1942
2333
2678
2271
1940
2341
2674
2277
1920
2336
2681
2273
1942
2344
2689
2277
1929
2345
2686
2264
1928
2337
2682
2261
1910
2330
2678
2282
1942
2335
2679
2263
1945
2338
2683
2283
1958
2357
2688
2283
1947
2347
2684
2283
1914
2327
2683
2267
1946
2345
2678
2257
1928
2339
2680
2266
1902
2343
2684
2263
1916
2338
2691
2273
1952
2343
2684
2264
1972
2345
2678
2287
1930
2325
2676
2273
1926
2349
2682
2255
1940
2342
2681
2281
1928
2361
2686
2269
1954
2337
2684
2271
1948
2333
2674
2271
1926
2335
2674
2266
1920
2345
2680
2262
1980
2339
2684
2283
1983
2342
2690
2255
1958
2343
2680
2261
1938
2336
2681
2269
1924
2327
2677
2275
1932
2340
2682
2257
1924
2352
2690
2276
1930
2350
2686
2277
1934
2337
2682
2269
1918
2333
2678
2257
1956
2354
2678
2283
1936
2334
2685
2277
1930
2353
2688
2260
1930
2361
2684
2253
1974
2354
2682
2263
1946
2335
2676
2267
1910
2342
2681
2287
1949
2341
2686
2277
1964
2343
2688
2277
1926
2352
2682
2266
1932
2338
2679
2254
1954
2337
2672
2261
1946
2341
2680
2277
1938
2331
2686
2281
1956
2353
2687
2269
1944
2351
2684
2287
1944
2337
2678
2279
1936
2327
2674
2241
1952
2346
2675
2257
1940
2352
2685
2275
1936
2342
2683
2273
1956
2339
2680
2279
1930
2340
2674
2241
1926
2330
2676
2256
1926
2341
2678
2267
1942
2343
2682
2267
1949
2364
2682
2281
1940
2334
2678
2264
1932
2363
2677
2263
1932
2327
2680
2248
1905
2343
2680
2263
1950
2333
2690
2272
1954
2342
2687
2279
1910
2339
2684
2253
1979
2345
2682
2253
1920
2342
2680
2269
1932
2335
2686
2260
1934
2345
2690
2283
1936
2343
2684
2269
1912
2329
2680
2269
1936
2333
2678
2266
1936
2341
2682
2273
1970
2351
2686
2265
1944
2345
2686
2253
1932
2340
2682
2259
1938
2343
2680
2255
1954
2345
2674
2253
1924
2335
2680
2247
1946
2350
2687
2293
1938
2353
2689
2267
1942
2351
2682
2256
1932
2343
2676
2275
1948
2333
2678
2265
1930
2350
2680
2269
1936
2356
2684
2265
1934
2345
2690
2271
1948
2348
2686
2279
1936
2338
2678
2272
1930
2321
2677
2271
1956
2341
2682
2251
1960
2345
2686
2279
1960
2354
2685
2259
1930
2337
2680
2275
1962
2353
2678
2259
1940
2327
2682
2267
1924
2350
2684
2265
1954
2357
2689
2275
1926
2342
2687
2269
1932
2337
2680
2283
1946
2335
2676
2253
1954
2350
2682
2269
1934
2339
2686
2279
1962
2339
2688
2273
1928
2329
2686
2279
1926
2336
2682
2266
1952
2329
2676
2272
1936
2363
2678
2283
1954
2337
2688
2269
1958
2343
2684
2279
1926
2331
2683
2271
1915
2343
2676
2253
1910
2343
2672
2253
1940
2348
2682
2255
1954
2356
2688
2268
1932
2339
2688
2283
1938
2345
2682
2283
1977
2347
2678
2251
1928
2333
2678
2274
1926
2332
2680
2272
1952
2347
2688
2267
1956
2353
2684
2261
1934
2339
2680
2266
1927
2342
2672
2252
1930
2343
2678
2267
1982
2343
2684
2273
1956
2344
2688
2279
1922
2340
2685
2273
1921
2331
2681
2281
1887
2333
2676
2263
1966
2336
2680
2279
1956
2338
2686
2260
1966
2341
2688
2286
1944
2337
2686
2274
1946
2337
2682
2265
1959
2334
2676
2257
1946
2345
2679
2277
1961
2347
2686
2282
1920
2353
6885
2696
2045
2377
2093
2095
2684
2586
2299
2682
2666
2603
2686
2672
2606
2698
2680
1777
1426
1432
1686
1950
1517
1599
2602
2295
2041
2696
2688
2616
2686
2682
2619
2674
2666
2668
2682
2652
1432
1432
1430
1733
1522
1595
2081
2550
2759
2270
1984
2331
2577
2233
2043
2638
2275
1940
2368
2463
2083
2188
2678
2269
1946
2444
2366
1996
2299
2622
2261
1930
2547
2269
1948
2340
2495
2144
2110
2680
2264
1950
2394
2385
2014
2258
2656
2263
1924
2501
2303
1932
2351
2555
2207
2043
2620
2256
1957
2345
2426
2083
2206
2678
2265
1932
2450
2331
1964
2339
2597
2224
1978
2583
2297
1908
2347
2508
2136
2106
2684
2265
1944
2392
2392
2035
2321
2670
2252
1930
2508
2289
1952
2343
2527
2173
2071
2646
2271
1962
2362
2436
2065
2206
2686
2269
1952
2441
2321
1924
2338
2586
2224
1942
2569
2258
1929
2321
2452
2099
2174
2686
2272
1964
2436
2359
1997
2313
2654
2270
1924
2517
2246
1920
2335
2493
2142
2122
2678
2283
1936
2386
2374
2035
2281
2660
2278
1948
2505
2309
1914
2349
2571
2192
1982
2602
2263
2015
2368
2479
2094
2143
2681
2269
1934
2424
2357
1996
2310
2648
2291
1897
2535
2245
1911
2339
2525
2158
2085
2623
2251
1930
2361
2388
2043
2218
2678
2255
1911
2473
2321
1942
2340
2588
2241
2007
2588
2268
1934
2327
2482
2097
2116
2678
2261
1936
2416
2368
1995
2294
2652
2272
1916
2529
2242
1944
2346
2533
2164
2051
2640
2285
1918
2343
2426
2065
2206
2676
2266
1936
2463
2317
1962
2322
2565
2202
2007
2603
2271
1934
2333
2466
2087
2152
2684
2243
1926
2431
2367
1987
2297
2627
2250
1936
2553
2265
1952
2326
2491
2140
2099
2688
2280
1954
2418
2385
2041
2317
2652
2271
1932
2507
2257
1964
2333
2511
2154
2067
2624
2247
1942
2351
2684
2278
1964
2343
2688
2277
1946
2342
2684
2267
1936
2344
2677
2267
1950
2332
2672
2273
1936
2346
2682
2263
1916
2343
2686
2265
1952
2331
2688
2279
1958
2348
2685
2269
1944
2341
2678
2264
1962
2341
2677
2275
1928
2355
2682
2271
1938
2354
2692
2287
1949
2340
2688
2270
1954
2341
2684
2275
1946
2333
2678
2253
1942
2333
2674
2269
1942
2347
2682
2256
1946
2339
2688
2278
1936
2343
2686
2283
1962
2337
2680
2265
1937
2343
2676
2253
1918
2338
2680
2267
1932
2349
2684
2258
1930
2345
2690
2265
1924
2342
2684
2269
1916
2340
2681
2258
1916
2339
2676
2256
1938
2339
2678
2279
1952
2341
2684
2273
1952
2347
2686
2283
1938
2353
2684
2269
1942
2337
2680
2265
1921
2337
2677
2265
1941
2350
2677
2261
1926
2348
2687
2263
1924
2353
2690
2273
1974
2350
2684
2273
1922
2353
2676
2248
1953
2329
2675
2275
1916
2329
2681
2261
1938
2348
2686
2277
1940
2355
2684
2277
1932
2341
2683
2273
1934
2345
2679
2256
1928
2333
2674
2273
1958
2341
2682
2271
1950
2337
2688
2278
1938
2337
2685
2259
1948
2341
2680
2261
1972
2338
2678
2269
1918
2335
2678
2276
1912
2326
2680
2254
1952
2339
2688
2295
1954
2342
2690
2271
1926
2351
2682
2272
1928
2332
2674
2252
1962
2339
2678
2255
1938
2327
2682
2277
1920
2349
2686
2271
1946
2335
2682
2262
1936
2352
2682
2258
1912
2345
2676
2255
1926
2345
2682
2261
1956
2339
2688
2254
1966
2337
2692
2266
1934
2339
2682
2261
1955
2333
2680
2279
1922
2344
2676
2271
1928
2344
2680
2293
1914
2346
2687
2258
1942
2337
2686
2256
1932
2346
2682
2271
1944
2341
2678
2287
1942
2346
2680
2262
1922
2351
2680
2265
1936
2333
2686
2267
1942
2346
2682
2266
1924
2334
2678
2260
1960
2327
2676
2275
1963
2345
2678
2257
1928
2355
2684
2274
1978
2333
2688
2262
1928
2337
2688
2283
1940
2345
2678
2259
1967
2347
2678
2271
1963
2338
2680
2255
1914
2337
2682
2266
1932
2361
2688
2295
1953
2346
2686
2257
1928
2321
2682
2253
1930
2338
2679
2274
1926
2335
2684
2275
1956
2347
2684
2265
1918
2346
2686
2262
1918
2346
2685
2250
1944
2361
2682
2260
1954
2335
2676
2281
1934
2347
2680
2269
1920
2338
2683
2279
1932
2341
2688
2291
1936
2337
2680
2271
1946
2341
2676
2267
1933
2331
2676
2260
1954
2361
2680
2254
1946
2345
2686
2277
1934
2342
2686
2271
1926
2348
2684
2254
1936
2341
2677
2266
1928
2329
2677
2246
1942
2341
2680
2261
1942
2349
2686
2283
1942
2350
2687
2275
1924
2345
2679
2269
1914
2333
2678
2261
1956
2347
2676
2271
1942
2346
2682
2278
1940
2355
2688
2270
1994
2345
2684
2279
1972
2352
2680
2265
1942
2340
2676
2266
1944
2352
2677
2283
1936
2345
2684
2274
1950
2347
2688
2267
1956
2350
2686
2255
1942
2334
2676
2258
1926
2343
2674
2253
1934
2337
2682
2255
1958
2335
2684
2281
1922
2344
2687
2263
1920
2343
2684
2277
1952
2343
2680
2271
1944
2335
2674
2259
1932
2345
2684
2257
1963
2342
2685
2259
1948
2327
2689
2269
1932
2339
2682
2277
1934
2339
2678
2261
1936
2331
2676
2257
1965
2347
2682
2273
1962
2341
2688
2283
1956
2343
2682
2275
1938
2350
2681
2265
1972
2327
2676
2266
1930
2346
2675
2257
1936
2347
2684
2263
1934
2335
2687
2283
1928
2348
2684
2271
1947
2340
2681
2261
1938
2341
2676
2285
1922
2339
2681
2269
1948
2351
2683
2267
1936
2337
2687
2287
1964
2331
2684
2257
1899
2339
2680
2261
1946
2332
2672
2279
1966
2337
2677
2277
1928
2327
2683
2275
1940
2345
2686
2255
1938
2327
2680
2267
1957
2348
2680
2272
1914
2339
2674
2271
1963
2353
2682
2277
1949
2358
2686
2275
1952
2348
2687
2265
1942
2354
2680
2273
1918
2333
2676
2266
1906
2339
2676
2283
1962
2334
2683
2239
1952
2346
2684
2281
1947
2341
2684
2271
1921
2346
2680
2261
1928
2336
2678
2255
1904
2343
2680
2265
1938
2343
2682
2275
1932
2351
2688
2261
1965
2344
2684
2257
1946
2344
2681
2246
1958
2353
2677
2271
1932
2333
2678
2243
1926
2348
2682
2265
1973
2350
2684
2270
1946
2342
2685
2261
1958
2345
2680
2260
1938
2321
2678
2263
1936
2339
2680
2274
1940
2337
2682
2268
1964
2337
2686
2277
1936
2359
2684
2273
1904
2348
2678
2261
1936
2332
2676
2254
1944
2335
2680
2271
1950
2363
2682
2269
1932
2353
2690
2263
1946
2340
2681
2269
1954
2323
2680
2277
1918
2331
2676
2269
1925
2332
2680
2273
1952
2344
2687
2253
1928
2348
2688
2275
1938
2355
2684
2271
1966
2339
2678
2271
1968
2336
2678
2259
1912
2344
2683
2270
1930
2345
2684
2287
1934
2345
2684
2259
1940
2341
2678
2271
1922
2330
2678
2259
1922
2323
2676
2265
1922
2353
2682
2263
1946
2350
2690
2269
1927
2340
2684
2269
1948
2338
2680
2254
1952
2347
2674
2276
1948
2331
2682
2267
1926
2356
2682
2279
1938
2336
2688
2273
1940
2342
2682
2291
1954
2349
2680
2253
1950
2338
2675
2277
1932
2346
2681
2269
1920
2353
2684
2268
1962
2345
2690
2268
1930
2343
2678
2273
1938
2340
2678
2282
1934
2351
2695
2255
1930
2341
2684
2282
1946
2337
2693
2277
1944
2345
2688
2273
1944
2350
2682
2255
1934
2336
2680
2253
1932
2343
2678
2265
1926
2344
2686
2269
1952
2338
2690
2271
1932
2353
2686
2258
1920
2339
2678
2255
1936
2340
2678
2251
1926
2338
2676
2255
1936
2344
2685
2283
1932
2357
2688
2275
1948
2349
2680
2271
1926
2338
2680
2262
1944
2333
2677
2258
1942
2353
2678
2249
1938
2341
2686
2267
1946
2346
2686
2275
1934
2344
2683
2273
1938
2341
2682
2269
1934
2333
2680
2279
1960
2338
2678
2259
1952
2334
2688
2271
1950
2345
2686
2272
1958
2343
2684
2275
1938
2354
2680
2244
1932
2350
2678
2272
1910
2342
2682
2279
1932
2353
2684
2272
1914
2347
2684
2266
1942
2331
2684
2255
1938
2349
2678
2272
1950
2343
2678
2259
1956
2339
2683
2279
1924
2355
2684
2269
1972
2349
2688
2278
1942
2346
2679
2269
1954
2327
2678
2275
1921
2331
2682
2263
1934
2341
2680
2258
1924
2341
2690
2297
1950
2347
2684
2272
1944
2345
2682
2267
1928
2340
2678
2269
1942
2337
2680
2259
1954
2340
2684
2279
1936
2349
2690
2275
1934
2341
2684
2277
1948
2344
2681
2245
1918
2341
2674
2260
1926
2323
2682
2283
1934
2344
2686
2277
1916
2348
2689
2275
1961
2348
2680
2262
1936
2341
2680
2273
1936
2337
2676
2283
1968
2338
2680
2249
1940
2337
2685
2273
1940
2357
2688
2271
1940
2356
2682
2265
1938
2333
2680
2285
1933
2346
2677
2255
1942
2343
2682
2260
1952
2347
2686
2262
1936
2347
2688
2265
1948
2344
2681
2269
1954
2350
2674
2268
1923
2336
2678
2287
1920
2339
2684
2263
1965
2347
2686
2261
1932
2350
2683
2250
1936
2341
2679
2259
1948
2335
2674
2263
1930
2341
2678
2255
1952
2340
2685
2273
1942
2345
2688
2273
1927
2351
2684
2250
1954
2337
2678
2287
1916
2344
2676
2259
1908
2342
2676
2266
1948
2337
2685
2293
1942
2349
2688
2273
1940
2346
2682
2277
1955
2344
2680
2262
1948
2327
2674
2273
1922
2333
2678
2272
1954
2331
2686
2291
1928
2354
2689
2271
1950
2338
2677
2277
1947
2339
2676
2261
1908
2341
2678
2263
1940
2333
2683
2261
1924
2334
2689
2283
1922
2345
2686
2279
1911
2337
2682
2275
1924
2325
2680
2275
1906
2332
2678
2268
1932
2351
2680
2283
1925
2343
2688
2291
1954
2348
2682
2272
1926
2339
2682
2275
1950
2343
2678
2255
1967
2343
2680
2275
1924
2345
2684
2255
1915
2338
2690
2273
1955
2343
2683
2271
1957
2355
2682
2287
1968
2335
2676
2259
1912
2335
2678
2274
1954
2336
2684
2289
1934
2347
2690
2281
1956
2353
2684
2277
1946
2351
2678
2263
1918
2345
2676
2249
1954
2320
2674
2289
1928
2335
2684
2255
1954
2350
2692
2273
1934
2350
2684
2261
1955
2337
2681
2269
1904
2337
2682
2269
1934
2337
2684
2255
1992
2340
2684
2261
1960
2332
2689
2281
1958
2331
2682
2269
1932
2341
2682
2273
1920
2349
2682
2259
1948
2338
2682
2259
1914
2343
2684
2276
1954
2337
2688
2259
1944
2333
2684
2253
1934
2340
2674
2259
1958
2336
2679
2263
1956
2331
2684
2266
1915
2349
2686
2275
1950
2346
2689
2269
1928
2342
2683
2259
1936
2333
2678
2273
1920
2337
2678
2271
1957
2334
2684
2259
1950
2348
2687
2289
1954
2346
2681
2283
1948
2349
2676
2261
1954
2335
2676
2243
1952
2347
2676
2261
1923
2343
2686
2266
1942
2345
2686
2271
1948
2350
2682
2263
1973
2333
2683
2263
1938
2335
2678
2252
1958
2327
2682
2265
1950
2337
2688
2259
1924
2337
2688
2271
1930
2335
2680
2262
1942
2343
2679
2261
1940
2339
2676
2253
1938
2339
2680
2287
1950
2348
2687
2271
1938
2354
2685
2262
1922
2351
2682
2245
1928
2331
2680
2257
1924
2334
2678
2266
1932
2333
2680
2276
1956
2345
2688
2277
1939
2351
2686
2279
1946
2338
2682
2261
1940
2340
2676
2285
1924
2329
2679
2270
1960
2353
2682
2263
1965
2348
2690
2271
1922
2342
2680
2279
1924
2347
2680
2275
1936
2339
2676
2263
1936
2345
2680
2275
1932
2343
2686
2259
1936
2338
2686
2287
1946
2340
2686
2249
1926
2346
2678
2242
1932
2335
2678
2249
1918
2338
2678
2275
1948
2337
2685
2271
1932
2347
2686
2263
1952
2333
2684
2261
1944
2347
2676
2273
1936
2331
2676
2261
1904
2336
2682
2273
1928
2351
2688
2275
1934
2333
2686
2259
1951
2331
2679
2261
1940
2331
2680
2268
1944
2331
2680
2260
1904
2343
2682
2271
1930
2356
2686
2271
1954
2338
2685
2250
1942
2337
2682
2268
1900
2337
2679
2269
1950
2342
2680
2279
1960
2349
2684
2272
1940
2341
2692
2273
1942
2337
2684
2283
1977
2333
2682
2275
1956
2333
2676
2257
1968
2353
2678
2263
1935
2344
2682
2285
1958
2339
2688
2269
1932
2346
2689
2259
1910
2343
2682
2251
1926
2341
2678
2263
1912
2347
2682
2281
1930
2336
2685
2279
1932
2353
2690
2276
1940
2349
2682
2245
1926
2342
2680
2275
1926
2342
2676
2264
1920
2346
2684
2283
1914
2343
2684
2281
1940
2339
2686
2265
1954
2342
2682
2243
1904
2334
2676
2254
1932
2335
2678
2265
1946
2346
2682
2275
1967
2347
2690
2281
1922
2344
2685
2267
1920
2348
2681
2267
1924
2340
2682
2243
1936
2334
2678
2265
1952
2344
2684
2268
1936
2343
2688
2255
1948
2343
2686
2263
1940
2341
2678
2255
1940
2340
2678
2266
1948
2354
2682
2258
1938
2355
2686
2264
1930
2349
2692
2273
1928
2343
2686
2249
1948
2335
2680
2287
1938
2327
2678
2271
1934
2349
2680
2263
1952
2347
2684
2287
1958
2339
2690
2279
1932
2356
2684
2279
1900
2345
2676
2246
1950
2333
2674
2263
1934
2341
2682
2287
1940
2335
2684
2277
1959
2349
2686
2273
1930
2331
2680
2269
1928
2335
2674
2268
1926
2331
2681
2253
1942
2331
2684
2255
1960
2351
2690
2273
1928
2341
2685
2257
1942
2336
2683
2289
1948
2344
2678
2246
1940
2345
2680
2260
1952
2347
2680
2269
1964
2347
2694
2282
1910
2344
2684
2265
1952
2336
2682
2262
1922
2345
2674
2281
1918
2343
2680
2279
1938
2350
2684
2250
1938
2340
2687
2265
1940
2343
2682
2279
1954
2355
2678
2269
1902
2325
2674
2279
1928
2342
2679
2275
1934
2345
2684
2260
1942
2339
2691
2289
1938
2334
2682
2278
1932
2335
2680
2257
1910
2331
2678
2268
1952
2335
2680
2253
1938
2353
2686
2297
1930
2339
2690
2254
1956
2345
2682
2253
1964
2339
2674
2265
1944
2337
2678
2253
1908
2317
2678
2273
1936
2346
2687
2256
1950
2357
2684
2261
1932
2349
2680
2283
1942
2348
2676
2253
1947
2333
2677
2265
1938
2337
2683
2246
1946
2353
2688
2277
1950
2336
2685
2265
1932
2340
2680
2256
1928
2341
2676
2261
1944
2339
2680
2273
1926
2341
2682
2265
1944
2350
2691
2289
1946
2346
2682
2273
1922
2337
2680
2276
1912
2337
2676
2281
1928
2334
2681
2271
1918
2339
2687
2269
1936
2342
2686
2277
1954
2339
2682
2254
1934
2341
2678
2283
1928
2323
2678
2275
1979
2353
2680
2263
1924
2347
2688
2287
1952
2347
2690
2265
1918
2354
2681
2269
1941
2337
2675
2270
1938
2330
2680
2279
1957
2341
2680
2257
1942
2347
2689
2287
1924
2348
2684
2266
1936
2335
2682
2251
1924
2345
2674
2277
1949
2349
2678
2287
1944
2346
2684
2287
1936
2342
2687
2271
1922
2343
2682
2251
1927
2329
2678
2267
1916
2334
2676
2270
1912
2345
2678
2289
1926
2339
2685
2257
1946
2337
2688
2287
1952
2342
2684
2271
1963
2349
2678
2271
1938
2333
2680
2259
1972
2347
2678
2269
1938
2333
2684
2273
1964
2357
2690
2289
1950
2339
2684
2258
1950
2345
2680
2271
1926
2339
2676
2283
1932
2337
2682
2274
1958
2356
2687
2279
1987
2347
2688
2263
1973
2348
2682
2263
1942
2322
2678
2267
1972
2331
2679
2263
1936
2351
2682
2279
1936
2330
2688
2259
1914
2352
2684
2273
1941
2335
2683
2285
1940
2340
2680
2250
1924
2341
2682
2275
1942
2340
2680
2253
1948
2338
2689
2273
1940
2356
2690
2275
1934
2337
2685
2271
1929
2337
2678
2275
1946
2336
2683
2261
1916
2347
2683
2279
1926
2339
2688
2291
1946
2337
2682
2287
1936
2346
2678
2270
1930
2341
2674
2262
1920
2337
2680
2265
1936
2345
2686
2259
1932
2360
2686
2269
1924
2348
2685
2256
1950
2337
2678
2261
1970
2351
2676
2263
1944
2339
2682
2275
1920
2348
2686
2291
1952
2343
2690
2295
1920
2337
2678
2284
1918
2347
2678
2283
1940
2334
2676
2256
1940
2337
2678
2273
1940
2342
2687
2279
1932
2345
2690
2273
1947
2350
2684
2277
1936
2323
2676
2272
1944
2338
2676
2265
1944
2341
2684
2261
1924
2356
2692
2261
1944
2348
2686
2293
1932
2339
2681
2273
1948
2329
2676
2268
1930
2347
2680
2277
1914
2346
2685
2261
1942
2342
2687
2267
1946
2347
2684
2262
1926
2343
2682
2263
1946
2336
2676
2261
1942
2267
2680
2273
1940
2330
2685
2265
1977
2339
2686
2281
1970
2352
2686
2257
1968
2340
2676
2274
1926
2354
2678
2272
1950
2347
2682
2241
1942
2343
2686
2271
1961
2350
2688
2273
1936
2350
2682
2261
1911
2341
2680
2247
1948
2331
2678
2273
1938
2338
2680
2267
1952
2356
2684
2268
1922
2341
2688
2266
1922
2341
2682
2273
1919
2341
2678
2265
1918
2333
2679
2257
1904
2329
2681
2275
1957
2347
2688
2266
1934
2345
2686
2273
1962
2346
2682
2245
1904
2353
2678
2241
1932
2345
2680
2278
1932
2341
2684
2257
1944
2347
2686
2275
1932
2349
2682
2285
1928
2338
2679
2287
1930
2345
2676
2273
1930
2343
2680
2273
1942
2350
2683
2305
1940
2345
2690
2266
1914
2351
2684
2268
1934
2350
2678
2275
1920
2332
2674
2273
1946
2339
2679
2269
1929
2345
2684
2279
1947
2353
7520
2350
2271
1958
2344
2571
2237
2048
2622
2265
1960
2345
2682
2255
1954
2329
2684
2281
1920
2339
2686
2277
1956
2342
2689
2255
1964
2339
2684
2275
1946
2338
2682
2269
1926
2345
2674
2267
1918
2338
2682
2265
1934
2346
2687
2277
1938
2363
2690
2269
1948
2345
2682
2273
1926
2327
2677
2275
1940
2342
2680
2297
1969
2343
2682
2263
1950
2339
2684
2289
1916
2337
2682
2269
1930
2337
2682
2261
1915
2319
2678
2264
1928
2331
2678
2269
1948
2351
2682
2283
1934
2350
2687
2273
1938
2346
2684
2288
1952
2344
2680
2301
1962
2321
2678
2297
1950
2343
2680
2269
1944
2323
2688
2279
1922
2332
2689
2285
1936
2343
2682
2273
1922
2323
2678
2273
1940
2338
2678
2260
1914
2336
2679
2267
1942
2355
2686
2283
1930
2350
2686
2273
1950
2345
2682
2273
1936
2319
2678
2266
1957
2331
2678
2259
1938
2331
2680
2269
1930
2348
2686
2268
1944
2342
2686
2264
1942
2341
2682
2263
1954
2343
2674
2255
1930
2325
2678
2259
1973
2329
2686
2262
1950
2342
2689
2277
1926
2335
2686
2275
1932
2327
2680
2265
1936
2338
2678
2262
1926
2338
2680
2272
1938
2330
2688
2267
1928
2345
2688
2291
1946
2342
2685
2271
1953
2333
2680
2276
1930
2351
2674
2259
1958
2341
2680
2267
1916
2351
2682
2251
1944
2348
2687
2275
1962
2336
2683
2287
1948
2331
2678
2265
1942
2335
2676
2271
1930
2338
2678
2264
1934
2347
2685
2269
1938
2353
2686
2281
1940
2339
2682
2295
1946
2336
2674
2261
1923
2327
2674
2262
1918
2350
2680
2281
1940
2345
2684
2281
1924
2356
2684
2269
1950
2346
2680
2275
1926
2344
2680
2275
1930
2345
2678
2270
1912
2333
2682
2269
1959
2338
2688
2277
1955
2344
2683
2265
1924
2339
2682
2258
1938
2335
2674
2267
1932
2337
2683
2257
1941
2342
2685
2285
1948
2341
2688
2273
1958
2355
2686
2269
1936
2337
2678
2251
1928
2328
2674
2268
1940
2331
2679
2267
1967
2331
2686
2268
1968
2341
2688
2263
1920
2354
2684
2279
1910
2339
2680
2268
1922
2327
2674
2275
1962
2358
2680
2263
1967
2339
2686
2267
1968
2342
2688
2297
1933
2333
2682
2258
1924
2341
2678
2253
1954
2325
2679
2265
1946
2338
2683
2276
1940
2343
2686
2283
1936
2345
2686
2253
1944
2349
2682
2261
1918
2350
2680
2264
1910
2334
2676
2266
1938
2345
2684
2262
1934
2347
2688
2259
1957
2340
2685
2279
1928
2342
2683
2277
1921
2325
2676
2250
1952
2327
2682
2269
1936
2336
2684
2266
1938
2344
2687
2281
1924
2349
2684
2268
1928
2343
2680
2265
1965
2346
2674
2249
1948
2334
2680
2283
1944
2337
2686
2279
1919
2341
2690
2271
1963
2352
2684
2269
1960
2335
2682
2267
1929
2336
2676
2250
1948
2331
2680
2255
1942
2339
2686
2261
1930
2351
2688
2271
1928
2356
2683
2283
1936
2349
2679
2256
1906
2335
2676
2267
1901
2332
2682
2289
1919
2350
2683
2279
1950
2355
2688
2269
1926
2333
2682
2253
1950
2341
2678
2257
1926
2337
2680
2261
1945
2349
2685
2291
1961
2345
2689
2285
1948
2337
2688
2269
1936
2347
2684
2279
1932
2332
2678
2260
1938
2339
2678
2255
1910
2343
2684
2279
1907
2345
2688
2265
1948
2329
2684
2273
1942
2347
2679
2259
1924
2329
2674
2249
1942
2340
2680
2269
1954
2342
2685
2267
1923
2345
2690
2284
1966
2343
2682
2273
1932
2339
2680
2263
1954
2339
2672
2277
1936
2346
2678
2299
1938
2339
2686
2270
1952
2350
2692
2273
1940
2339
2682
2261
1954
2344
2681
2264
1938
2344
2674
2254
1936
2333
2680
2277
1948
2345
2684
2267
1930
2338
2686
2259
1916
2343
2682
2279
1936
2329
2675
2258
1910
2331
2678
2273
1948
2346
2684
2279
1934
2359
2686
2280
1942
2343
2688
2287
1924
2339
2682
2251
1946
2325
2682
2269
1958
2346
2680
2263
1940
2350
2683
2275
1943
2345
2684
2289
1926
2343
2684
2275
1940
2344
2680
2270
1926
2329
2674
2256
1932
2332
2682
2273
1946
2337
2686
2275
1920
2347
2692
2288
1912
2354
2687
2277
1942
2345
2682
2269
1952
2347
2678
2273
1955
2335
2680
2277
1926
2343
2684
2289
1932
2339
2690
2279
1940
2352
2686
2273
1965
2330
2678
2263
1942
2337
2679
2247
1924
2336
2684
2274
1940
2332
2686
2279
1948
2348
2686
2277
1946
2339
2682
2281
1952
2337
2678
2245
1969
2337
2675
2269
1932
2341
2682
2267
1944
2342
2688
2281
1942
2352
2685
2279
1920
2336
2681
2261
1936
2335
2676
2277
1940
2339
2676
2259
1934
2335
2688
2261
1934
2356
2690
2279
1944
2337
2686
2252
1964
2347
2680
2259
1948
2335
2678
2266
1948
2333
2682
2278
1954
2331
2686
2279
1950
2357
2692
2261
1946
2345
2686
2259
1928
2334
2678
2256
1916
2339
2676
2271
1922
2352
2680
2265
1942
2343
2684
2269
1926
2358
2688
2270
1960
2325
2686
2293
1930
2345
2678
2267
1934
2321
2678
2279
1934
2348
2681
2277
1947
2348
2686
2283
1928
2341
2686
2289
1952
2331
2684
2267
1942
2352
2680
2267
1954
2331
2678
2259
1934
2632
2426
2261
1934
2351
2688
2251
1936
2346
2686
2293
1968
2350
2680
2258
1918
2333
2675
2267
1928
2353
2680
2262
1934
2347
2684
2259
1942
2342
2687
2279
1936
2342
2685
2264
1926
2351
2685
2252
1950
2345
2680
2277
1926
2338
2682
2275
1936
2349
2685
2271
1928
2346
2690
2285
1936
2333
2686
2266
1926
2338
2680
2265
1950
2342
2676
2263
1942
2336
2874
2261
1949
2341
2684
2275
1964
2352
2690
2271
1940
2334
2680
2258
1962
2335
2675
2251
1959
2330
2674
2278
1936
2339
2680
2257
1934
2352
2686
2277
1918
2346
2684
2256
1944
2340
2681
2267
1962
2343
2676
2255
1944
2333
2679
2267
1954
2332
2680
2274
1946
2331
2686
2272
1938
2353
2686
2261
1913
2337
2682
2259
1944
2340
2678
2258
1952
2344
2680
2273
1930
2346
2685
2289
1938
2337
2688
2285
1944
2335
2684
2271
1930
2347
2682
2269
1942
2329
2677
2262
1932
2345
2678
2261
1944
2346
2738
2398
2273
2005
2307
2575
2621
2321
2069
1979
2378
2711
2450
2345
1986
2103
2456
2739
2334
2166
1984
2314
2587
2569
2326
1990
1944
2396
2696
2446
2299
2021
2146
2475
2698
2299
2122
1890
2248
2496
2583
2278
2016
1944
2339
2632
2397
2279
1954
2083
2384
2684
2270
2109
1946
2254
2525
2501
2267
1964
1910
2338
2632
2360
2065
2166
2679
2271
1944
2428
2372
2011
2319
2624
2275
1916
2537
2261
1934
2339
2492
2134
2087
2678
2265
1930
2386
2380
2027
2246
2680
2251
1978
2494
2313
1940
2349
2569
2236
1999
2593
2263
1942
2335
2454
2086
2160
2679
2263
1940
2435
2331
1984
2349
2609
2228
1948
2569
2281
1922
2331
2469
2118
2138
2686
2260
1926
2402
2357
1978
2274
2662
2287
1915
2506
2259
1922
2356
2521
2168
2055
2626
2271
1946
2366
2450
2083
2208
2684
2261
1946
2479
2337
1977
2323
2577
2217
1946
2578
2264
1930
2315
2450
2093
2182
2686
2283
1954
2428
2380
2027
2279
2683
2271
1914
2339
2680
2263
1962
2332
2682
2259
1926
2357
2686
2289
1908
2343
2684
2259
1938
2342
2689
2263
1934
2337
2682
2273
1919
2321
2678
2271
1936
2333
2676
2269
1928
2346
2682
2275
1932
2346
2688
2282
1940
2345
2686
2271
1945
2347
2680
2267
1970
2346
2676
2277
1926
2347
2678
2261
1938
2327
2683
2263
1924
2337
2686
2291
1928
2351
2686
2271
1934
2332
2680
2272
1922
2343
2678
2272
1932
2341
2680
2244
1903
2331
2682
2291
1958
2353
2690
2269
1946
2340
2684
2265
1949
2343
2681
2265
1950
2341
2676
2268
1930
2329
2684
2267
1928
2347
2682
2287
1944
2351
2690
2287
1946
2342
2682
2261
1932
2337
2678
2267
1920
2347
2680
2279
1940
2348
2678
2282
1948
2347
2686
2268
1950
2351
2686
2259
1956
2347
2684
2268
1930
2337
2678
2272
1936
2348
2677
2246
1978
2341
2684
2269
1936
2346
2686
2265
1920
2348
2688
2260
1934
2344
2681
2277
1932
2343
2678
2283
1920
2349
2682
2261
1930
2345
2685
2263
1952
2351
2687
2267
1932
2343
2682
2259
1938
2339
2678
2283
1932
2346
2676
2267
1936
2339
2679
2257
1942
2344
2683
2277
1934
2341
2688
2277
1930
2339
2682
2271
1912
2330
2680
2260
1938
2338
2674
2289
1920
2331
2682
2275
1936
2329
2684
2253
1938
2342
2687
2267
1930
2334
2685
2279
1968
2343
2679
2267
1930
2335
2678
2267
1920
2357
2682
2258
1918
2352
2687
2273
1932
2353
2684
2264
1942
2339
2682
2295
1969
2335
2678
2259
1948
2344
2676
2251
1938
2345
2682
2265
1952
2343
2686
2293
1944
2348
2686
2255
1955
2337
2682
2273
1941
2341
2676
2267
1916
2327
2676
2251
1946
2357
2682
2270
1950
2333
2688
2274
1916
2346
2688
2279
1936
2339
2680
2275
1960
2331
2678
2279
1956
2348
2678
2273
1922
2346
2685
2271
1940
2350
2689
2257
1949
2341
2684
2260
1940
2339
2678
2265
1936
2344
2676
2277
1928
2342
2680
2270
1952
2363
2686
2269
1966
2347
2688
2262
1946
2346
2685
2263
1932
2348
2680
2279
1925
2351
2678
2257
1936
2339
2684
2267
1952
2336
2689
2263
1916
2356
2686
2280
1934
2333
2682
2266
1930
2349
2680
2246
1930
2327
2678
2283
1950
2354
2684
2260
1952
2337
2689
2259
1936
2346
2684
2273
1913
2347
2680
2277
1942
2339
2679
2277
1934
2330
2680
2285
1926
2347
2683
2263
1940
2335
2692
2279
1926
2339
2684
2275
1910
2345
2680
2266
1950
2352
2678
2253
1944
2339
2678
2263
1940
2355
2684
2304
1956
2336
2688
2255
1940
2332
2684
2277
1931
2327
2684
2264
1956
2325
2678
2271
1919
2357
2682
2259
1958
2344
2684
2293
1944
2343
2690
2291
1946
2333
2684
2269
1926
2331
2680
2265
1954
2345
2676
2264
1936
2329
2682
2269
1948
2347
2686
2274
1928
2355
2686
2275
1940
2342
2684
2274
1932
2329
2674
2253
1930
2337
2673
2287
1930
2329
2686
2269
1916
2335
2686
2285
1942
2350
2689
2285
1940
2340
2680
2277
1944
2331
2674
2279
1914
2341
2678
2255
1954
2343
2682
2283
1932
2360
2688
2275
1946
2339
2686
2275
1944
2344
2680
2275
1973
2320
2678
2264
1918
2331
2681
2279
1920
2335
2684
2289
1928
2329
2687
2275
1950
2343
2684
2281
1934
2342
2680
2257
1928
2348
2677
2254
1948
2335
2680
2269
1938
2335
2686
2291
1940
2336
2690
2274
1936
2338
2688
2289
1932
2351
2680
2273
1944
2341
2680
2267
1915
2325
2683
2267
1910
2357
2686
2279
1936
2353
2688
2283
1938
2343
2682
2259
1916
2338
2678
2273
1926
2333
2677
2265
1922
2332
2682
2263
1948
2345
2686
2277
1946
2338
2688
2269
1950
2354
2683
2271
1938
2346
2678
2263
1956
2333
2676
2271
1942
2325
2682
2257
1966
2351
2685
2259
1926
2347
2682
2272
1922
2333
2682
2262
1926
2333
2674
2255
1928
2348
2678
2277
1938
2340
2682
2266
1936
2337
2690
2268
1954
2359
2684
2250
1938
2344
2680
2263
1920
2346
2677
2255
1944
2339
2680
2269
1938
2343
2682
2271
1932
2339
2686
2287
1944
2347
2682
2282
1934
2331
2677
2273
1926
2329
2678
2265
1940
2348
2682
2281
1924
2333
2685
2273
1953
2346
2690
2291
1928
2341
2682
2281
1922
2345
2680
2275
1920
2336
2674
2263
1926
2334
2680
2266
1940
2338
2685
2251
1958
2360
2686
2287
1934
2339
2680
2257
1940
2344
2678
2270
1920
2348
2679
2281
1921
2345
2684
2291
1946
2330
2690
2267
1972
2335
2686
2278
1952
2350
2680
2261
1920
2335
2675
2269
1952
2341
2678
2267
1954
2332
2684
2279
1932
2343
2688
2279
1924
2330
2682
2283
1942
2339
2678
2271
1914
2333
2674
2267
1928
2349
2680
2265
1934
2343
2686
2287
1926
2353
2688
2279
1926
2345
2682
2275
1922
2343
2682
2273
1948
2348
2674
2242
1956
2339
2682
2269
1946
2351
2684
2289
1946
2353
2690
2277
1932
2341
2684
2277
1940
2337
2678
2262
1924
2329
2674
2261
1910
2329
2682
2281
1932
2354
2686
2257
1950
2341
2688
2264
1954
2339
2682
2265
1967
2342
2676
2261
1928
2338
2678
2266
1924
2328
2680
2256
1934
2341
2688
2271
1978
2356
2688
2275
1924
2349
2680
2257
1958
2333
2682
2269
1911
2335
2681
2264
1932
2337
2684
2269
1949
2336
2688
2277
1969
2337
2686
2268
1936
2335
2682
2271
1936
2339
2674
2269
1938
2348
2678
2257
1940
2340
2684
2267
1946
2343
2690
2264
1946
2348
2686
2259
1928
2339
2680
2269
1904
2333
2674
2257
1950
2348
2678
2256
1938
2337
2684
2274
1946
2339
2688
2268
1942
2340
2681
2271
1942
2330
2678
2262
1934
2335
2675
2253
1928
2331
2680
2281
1949
2351
2688
2273
1948
2335
2689
2265
1936
2351
2684
2271
1912
2335
2680
2263
1956
2347
2678
2265
1936
2344
2682
2277
1972
2347
2684
2287
1944
2339
2686
2279
1948
2347
2680
2283
1944
2343
2676
2271
1965
2350
2678
2273
1924
2342
2684
2281
1909
2339
2688
2283
1944
2345
2688
2259
1954
2338
2678
2280
1942
2348
2675
2265
1890
2349
2680
2275
1960
2346
2682
2263
1961
2331
2686
2267
1938
2347
2686
2279
1950
2345
2680
2271
1944
2333
2674
2261
1965
2342
2678
2272
1974
2331
2685
2287
1942
2349
2687
2260
1958
2335
2681
2246
1932
2339
2678
2261
1938
2337
2674
2273
1944
2342
2682
2262
1936
2335
2688
2271
1967
2355
2688
2275
1956
2345
2680
2245
1959
2346
2678
2250
1944
2320
2678
2256
1942
2355
2684
2255
1946
2342
2688
2258
1938
2328
2685
2281
1948
2334
2683
2265
1962
2341
2676
2265
1924
2349
2678
2253
1950
2346
2684
2275
1918
2357
2686
2266
1958
2344
2685
2271
1959
2335
2680
2259
1958
2329
2673
2255
1936
2342
2678
2264
1924
2335
2684
2264
1936
2345
2690
2283
1928
2344
2682
2265
1952
2360
2678
2268
1934
2347
2673
2273
1934
2345
2678
2255
1924
2349
2684
2263
1928
2348
2689
2253
1957
2332
2680
2278
1924
2335
2682
2268
1978
2319
2674
2257
1936
2336
2682
2282
1910
2341
2686
2299
1964
2351
2690
2272
1946
2333
2684
2251
1966
2334
2674
2249
1942
2332
2678
2279
1926
2326
2680
2280
1948
2341
2686
2307
1948
2333
2683
2259
1944
2337
2682
2261
1920
2344
2674
2259
1914
2337
2678
2261
1938
2342
2682
2279
1924
2341
2688
2295
1924
2348
2686
2271
1942
2337
2680
2270
1946
2357
2674
2254
1944
2336
2680
2264
1960
2345
2684
2271
1928
2341
2684
2273
1938
2357
2684
2275
1938
2337
2678
2287
1946
2342
2678
2264
1928
2343
2681
2271
1944
2337
2684
2279
1928
2340
2686
2285
1962
2344
2682
2291
1928
2342
2677
2281
1942
2334
2678
2275
1942
2337
2678
2259
1952
2333
2684
2273
1952
2343
2686
2268
1942
2347
2680
2262
1911
2325
2680
2249
1928
2339
2676
2283
1953
2345
2680
2276
1944
2350
2686
2263
1932
2359
2686
2266
1934
2347
2682
2275
1948
2341
2680
2277
1949
2325
2676
2258
1932
2341
2684
2262
1946
2341
2690
2259
1918
2349
2684
2273
1924
2351
2678
2269
1918
2338
2674
2256
1940
2333
2680
2257
1932
2339
2682
2285
1960
2350
2688
2267
1940
2348
2685
2251
1926
2343
2682
2275
1907
2339
2678
2267
1958
2338
2676
2258
1954
2344
2682
2262
1930
2337
2688
2263
1946
2351
2680
2267
1920
2356
2678
2260
1954
2335
2676
2269
1932
2347
2680
2275
1932
2335
2684
2271
1950
2340
2689
2267
1940
2346
2684
2269
1970
2327
2679
2261
1944
2341
2676
2277
1932
2339
2680
2269
1938
2340
2684
2278
1954
2353
2688
2266
1928
2349
2682
2261
1907
2332
2678
2281
1960
2325
2680
2275
1954
2333
2678
2267
1932
2342
2687
2289
1958
2351
2688
2271
1914
2342
2680
2281
1958
2342
2678
2265
1931
2350
2678
2255
1942
2345
2684
2283
1916
2349
2682
2273
1954
2341
2682
2257
1942
2327
2680
2291
1940
2339
2676
2274
1946
2343
2680
2275
1928
2350
2684
2273
1936
2342
2687
2261
1920
2337
2684
2287
1964
2337
2676
2283
1951
2329
2676
2254
1952
2344
2678
2268
1928
2340
2685
2271
1942
2353
2686
2267
1963
2337
2684
2279
1938
2339
2682
2263
1940
2345
2677
2269
1938
2351
2680
2265
1924
2341
2686
2267
1926
2350
2688
2269
1938
2328
2683
2258
1920
2343
2677
2272
1950
2337
2678
2263
1938
2335
2682
2269
1956
2352
2687
2281
1928
2355
2686
2280
1962
2335
2678
2261
1965
2346
2676
2247
1920
2340
2676
2264
1925
2350
2682
2252
1942
2357
2686
2277
1958
2345
2686
2273
1928
2338
2681
2271
1936
2340
2673
2267
1944
2335
2680
2262
1930
2329
2684
2285
1944
2337
2686
2279
1946
2344
2687
2271
1950
2331
2678
2279
1928
2335
2676
2267
1948
2345
2678
2265
1961
2340
2684
2262
1944
2354
2687
2269
1970
2339
2684
2263
1930
2347
2678
2247
1914
2331
2678
2265
1928
2335
2682
2271
1916
2350
2684
2269
1921
2341
6786
2356
2269
1949
2398
2442
2104
2271
2682
2265
1946
2346
2677
2262
1948
2341
2682
2255
1957
2357
2684
2278
1958
2343
2682
2279
1914
2354
2681
2252
1936
2343
2678
2276
1952
2333
2678
2249
1938
2340
2684
2256
1954
2331
2687
2271
1938
2347
2682
2283
1928
2341
2680
2266
1932
2336
2674
2256
1932
2323
2679
2267
1930
2337
2684
2256
1934
2347
2688
2277
1938
2331
2686
2264
1938
2334
2680
2268
1952
2347
2675
2250
1954
2341
2677
2271
1967
2337
2682
2279
1936
2336
2689
2275
1946
2336
2682
2262
1946
2335
2680
2263
1940
2344
2678
2257
1936
2338
2678
2271
1924
2337
2690
2250
1976
2345
2686
2277
1916
2333
2682
2265
1970
2333
2678
2267
1938
2347
2674
2268
1942
2347
2684
2269
1946
2350
2684
2269
1941
2375
2686
2261
1950
2332
2686
2280
1942
2339
2678
2259
1954
2330
2678
2280
1928
2341
2682
2263
1924
2346
2687
2277
1950
2355
2687
2265
1928
2339
2682
2279
1920
2343
2676
2271
1904
2348
2680
2269
1908
2342
2684
2283
1930
2336
2684
2264
1946
2339
2684
2258
1956
2341
2680
2267
1948
2325
2674
2253
1932
2323
2682
2283
1928
2343
2686
2279
1925
2351
2688
2257
1946
2344
2687
2275
1914
2354
2682
2287
1920
2341
2678
2262
1932
2341
2682
2265
1926
2347
2684
2268
1974
2344
2684
2264
1928
2348
2685
2275
1930
2347
2680
2267
1944
2344
2676
2269
1950
2345
2680
2278
1934
2325
2686
2269
1938
2365
2684
2269
1957
2349
2684
2271
1954
2339
2680
2270
1898
2336
2680
2256
1964
2337
2682
2268
1926
2333
2688
2271
1944
2347
2688
2269
1928
2348
2678
2289
1928
2332
2680
2267
1952
2331
2680
2251
1947
2343
2684
2257
1936
2338
2689
2279
1940
2333
2688
2255
1938
2333
2682
2263
1932
2337
2680
2265
1918
2331
2674
2255
1931
2344
2682
2281
1938
2346
2688
2271
1924
2347
2682
2269
1950
2337
2680
2261
1957
2331
2674
2243
1952
2330
2682
2265
1934
2347
2684
2268
1922
2357
2688
2281
1956
2352
2688
2277
1936
2352
2678
2280
1934
2349
2674
2263
1916
2341
2684
2277
1914
2353
2678
2272
1980
2350
2687
2266
1936
2342
2683
2252
1928
2335
2676
2259
1959
2343
2676
2269
1915
2342
2682
2275
1940
2337
2686
2283
1950
2341
2686
2259
1942
2335
2680
2249
1932
2342
2677
2271
1958
2339
2679
2269
1932
2345
2682
2274
1924
2349
2688
2271
1926
2346
2680
2265
1930
2341
2678
2254
1940
2340
2674
2258
1938
2345
2682
2269
1950
2340
2688
2261
1955
2349
2690
2307
1936
2349
2686
2271
1943
2317
2682
2277
1926
2345
2676
2273
1964
2327
2680
2257
1963
2344
2683
2267
1940
2351
2690
2267
1912
2351
2684
2251
1966
2325
2680
2268
1936
2338
2674
2266
1912
2335
2681
2283
1924
2353
2684
2269
1944
2346
2684
2266
1954
2352
2682
2285
1922
2338
2679
2267
1928
2343
2674
2260
1918
2343
2682
2273
1956
2352
2686
2286
1934
2331
2687
2289
1951
2338
2683
2261
1940
2327
2676
2265
1946
2340
2678
2297
1910
2348
2685
2265
1950
2319
2129
2638
1999
2226
2662
1664
1543
2533
2541
2444
