4435
4622
4811
5141
3782
5361
6258
5782
4313
4634
4811
5141
3752
5336
6255
5764
4307
4640
4811
5107
3669
5339
6258
5754
4304
4631
4823
5110
3679
5254
6255
5757
4301
4640
4829
5125
3755
5342
6258
5754
4332
4643
4829
5110
3684
5250
6255
5760
4320
4621
4823
5110
3703
5333
6255
5757
4341
4634
4817
5113
3660
5330
6258
5754
4341
4637
4826
5113
3678
5342
6255
5751
4341
4640
4817
5110
3733
5342
6255
5767
4317
4625
4817
5107
3739
5339
6245
5757
4430
4597
4823
5104
3688
5342
6255
5767
4350
4616
4829
5135
3743
5254
6255
5754
4411
4570
4701
5183
3691
5360
6252
5837
4338
4616
4808
5116
3755
5330
6255
5751
4344
4612
4774
5091
3681
5339
6258
5754
4341
4640
4811
5123
3697
5336
6255
5754
4362
4624
4808
5123
3721
5333
6255
5751
4301
4612
4780
5122
3697
5330
6255
5754
4301
4597
4823
5104
3733
5326
6252
5757
4395
4603
4814
5117
3660
5336
6252
5770
4378
4625
4805
5132
3681
5323
6255
5751
4411
4634
4814
5120
3685
5244
6255
5754
4371
4615
4829
5135
3682
5333
6255
5761
4323
4658
4765
5110
3694
5336
6258
5754
4380
4622
4823
5101
3721
5192
6258
5754
4411
4621
4829
5125
3678
5351
6258
5764
4292
4607
4817
5123
3679
5324
6255
5764
4372
4625
4829
5122
3687
5336
6258
5754
4387
4622
4811
5113
3660
5339
6245
5767
4322
4603
4823
5110
3669
5333
6252
5763
4432
4615
4854
5091
3947
3605
5073
5833
4386
4646
4811
5101
3718
5336
6251
5761
4338
4607
4817
5119
3663
5339
6258
5754
4353
4643
4830
5098
3712
5318
6248
5764
4335
4606
4802
5113
3691
5345
6255
5757
4307
4634
4826
5119
3675
5339
6255
5754
4298
4597
4826
5104
3654
5339
6255
5757
4430
4625
4826
5095
3654
5323
6258
5754
4353
4594
4824
4616
3691
5342
6255
5764
4472
4627
4875
5129
3752
5348
6255
5767
4304
4665
4781
5116
3721
5339
6258
5760
4320
4658
4777
5119
3694
5333
6252
5754
4332
4637
4808
5116
3718
5336
6251
5754
4322
4640
4811
5104
3745
5333
6248
5754
4298
4600
4814
5107
3669
5327
6255
5751
4301
4637
4832
5091
3752
5336
6248
5764
4368
4625
4787
5107
3709
5330
6255
5751
4332
4637
4817
5126
3718
5351
6252
5760
4314
4640
4826
4457
5144
5357
6242
5758
4350
4637
4799
5107
3654
5229
6251
5755
4298
4625
4783
5104
3672
5336
6255
5760
4295
4609
4774
5107
3685
5320
6255
5757
4295
4625
4823
5110
3678
5318
6255
5757
4301
4659
4775
5113
3764
5336
6258
5757
4338
4618
4820
5107
3682
5321
6248
5764
4301
4616
4768
5119
3697
5342
6258
5754
4313
4616
4768
5116
3673
5330
6258
5767
4319
4603
4829
5113
3746
5241
6255
5754
4304
4591
4820
5116
3691
5333
6248
5761
4304
4622
4833
5119
3693
5330
6258
5757
4304
4615
4820
5119
3672
5324
6245
5757
4362
4622
4811
5113
3761
5196
6255
5767
4304
4658
4820
5107
3672
5324
6248
5754
4295
4615
4805
5101
3715
5339
6255
5757
4375
4631
4839
5110
3721
5333
6258
5764
4311
4600
4823
5144
3675
5327
6255
5763
4323
4597
4784
26503
4439
4320
6249
5754
4350
4653
4793
5134
3709
5229
6258
5757
4307
4619
4781
5119
3667
5357
6252
5764
4411
4618
4802
5107
3724
5330
6251
5757
4335
4613
4814
5101
3693
5336
6258
5754
4301
4625
4805
5107
3672
5330
6248
5751
4320
4622
4792
5117
3685
5351
6245
5764
4344
4618
4823
5113
3718
5342
6258
5754
4313
4613
4830
5116
3688
5254
6258
5767
4304
4613
4817
5123
3670
5358
6255
5754
4332
4661
4768
5104
3718
5244
6258
5760
4295
4604
4826
5104
3691
5324
6248
5754
4301
4622
4820
5126
3675
5358
6251
5767
4301
4622
4792
5107
3703
5314
6255
5754
4396
4582
4805
5128
3678
5339
6255
5757
4301
4634
4826
5125
3748
5336
6255
5760
4323
4594
4836
5116
3654
5324
6258
5754
4350
4597
4823
5110
3684
5327
6255
5754
4314
4628
4839
5116
4566
4545
6245
5757
4347
4640
4823
5125
3712
5236
6248
5763
4347
4616
4781
5116
3739
5339
6258
5757
4298
4631
4836
5107
3654
5320
6255
5760
4326
4658
4768
5092
3654
5339
6258
5761
4310
4616
4774
5113
3706
5330
6255
5763
4304
4625
4814
5113
3712
5336
6255
5751
4298
4622
4801
5113
3663
5327
6255
5757
4295
4628
4817
5113
3666
5339
6251
5763
4399
4603
4808
5107
3691
5351
6245
5764
4304
4625
4826
5113
3693
5336
6258
5748
4304
4594
4811
5119
3697
5205
6255
5763
4317
4594
4832
5113
3682
5339
6258
5757
4365
4622
4835
5107
3724
5336
6255
5760
4310
4624
4832
5123
3682
5323
6255
5761
4311
4592
4817
5113
3648
5321
6255
5760
4304
4618
4811
5101
3712
5333
6258
5764
4408
4665
4781
5104
3675
5241
6255
5757
4304
4625
4802
5174
3685
4616
4591
5894
5714
4603
4744
5803
4594
4591
4607
4344
4612
4665
4835
5140
3736
5367
6258
5754
4307
4628
4775
5104
3673
5247
6252
5757
4304
4640
4820
5119
3678
5333
6255
5757
4383
4627
4833
5116
3697
5324
6245
5757
4292
4637
4832
5116
3679
5348
6258
5754
4350
4591
4796
5104
3660
5345
6258
5767
4320
4622
4814
5116
3663
5342
6251
5767
4396
4594
4801
5110
3694
5330
6258
5766
4301
4637
4823
5123
3706
5318
6248
5761
4366
4613
4817
5129
3706
5336
6258
5763
4313
4615
4817
5132
3715
5336
6258
5754
4402
4609
4835
5120
3651
5330
6255
5757
4323
4588
4845
5107
3740
5336
6255
5754
4295
4637
4832
5104
3718
5336
6258
5757
4304
4619
4802
5123
3697
5339
6255
5757
4314
4606
4826
5114
3697
5330
6255
5754
4310
4603
4826
5119
3733
5330
4420
4765
4478
5858
4862
5101
3706
5351
6252
5757
4356
4640
4814
5107
3675
5318
6252
5754
4353
4658
4759
5125
3694
5333
6255
5760
4338
4594
4826
5107
3685
5327
6258
5757
4304
4622
4820
5120
3752
5327
6248
5760
4390
4655
4762
5107
3725
5336
6258
5767
4384
4622
4798
5122
3733
5321
6258
5763
4372
4649
4774
5129
3703
5333
6258
5764
4362
4622
4826
5132
3703
5370
6255
5757
4310
4625
4759
5110
3669
5330
6255
5757
4338
4603
4826
5110
3651
5342
6252
5767
4326
4603
4808
5098
3657
5336
6252
5751
4302
4618
4817
5110
3736
5330
6252
5764
4301
4628
4826
5107
3660
5324
6258
5764
4304
4625
4826
5116
3648
5202
6252
5764
4295
4600
4817
5101
3712
5333
6255
5767
4307
4637
4820
5110
3709
5336
6245
5763
4320
4643
4811
5113
3697
5339
27873
4463
4420
4643
4850
5131
3697
5250
6255
5754
4295
4615
4792
5094
3752
5315
6255
5764
4307
4637
4832
5104
3706
5346
6258
5754
4304
4603
4762
5110
3709
5333
6255
5761
4383
4622
4792
5113
3660
5339
6258
5764
4383
4625
4771
5113
3727
5339
6258
5754
4338
4610
4811
5104
3687
5333
6258
5769
4335
4597
4811
5122
3654
5339
6255
5751
4460
4597
4811
5101
3731
5318
6248
5757
4320
4616
4775
5116
3721
5324
6255
5751
4371
4634
4832
5119
3663
5333
6255
5757
4320
4610
4817
5113
3706
5314
6252
5754
4350
4600
4817
5116
3755
5324
6255
5764
4301
4655
4762
5110
3672
5324
6255
5763
4304
4616
4827
5120
3761
5254
6252
5760
4326
4622
4811
5113
3691
5336
6258
5754
4353
4643
4823
5101
3678
5330
6248
5761
4344
4603
4762
5116
3657
5330
6252
30746
4353
4652
4784
5135
3715
5354
6252
5745
4310
4634
4829
5101
3691
5226
6258
5748
4319
4600
4833
5116
3722
5333
6258
5748
4363
4634
4823
5117
3682
5330
6255
5757
4301
4665
4784
5110
3670
5333
6255
5761
4301
4622
4829
5116
3669
5317
6255
5751
4365
4619
4817
5116
3694
5312
6255
5760
4350
4655
4787
5101
3725
5336
6252
5754
4320
4643
4833
5113
3715
5330
6252
5757
4298
4625
4823
5162
3666
5330
6255
5764
4304
4637
4838
5116
3678
5247
6258
5764
4313
4628
4762
5107
3685
5321
6258
5760
4319
4625
4802
5126
3700
5309
6255
5767
4301
4627
4829
5126
3712
5339
6252
5757
4378
4625
4832
5113
3749
5254
6255
5754
4295
4609
4814
5116
3694
5342
6251
5779
4298
4631
4814
5110
3690
5327
6248
5757
4435
4637
4835
5119
3617
5333
6258
5751
5666
4597
4616
4606
4380
4609
4613
4695
4588
4591
4888
5113
3749
5311
6246
5757
4307
4628
4805
5101
3703
5333
6252
5764
4328
4609
4832
5107
3672
5241
6248
5760
4305
4615
4814
5110
3700
5293
6255
5754
4310
4637
4802
5119
3718
5327
6252
5767
4301
4606
4820
5119
3663
5327
6258
5764
4311
4618
4774
5122
3648
5314
6255
5751
4326
4618
4820
5104
3700
5311
6252
5754
4298
4634
4814
5119
3675
5251
6258
5764
4408
4616
4823
5098
3679
5333
6251
5757
4295
4637
4814
5113
3702
5333
6251
5751
4301
4616
4829
5107
3697
5339
6248
5760
4295
4612
4814
5117
3678
5317
6255
5751
4304
4625
4814
5116
3749
5251
6258
5757
4429
4594
4814
5110
3669
5330
6251
5760
4292
4625
4811
5107
3673
5336
6255
5754
4307
4625
4811
5107
3642
5333
6258
5754
4460
4484
4634
5150
3712
5364
6252
5840
4350
4613
4832
5110
3700
5315
6255
5764
4295
4637
4771
5116
3709
5336
6258
5754
4308
4618
4768
5110
3629
5336
6252
5751
4292
4619
4765
5113
3731
5339
6258
5754
4316
4630
4839
5119
3709
5333
6258
5751
4295
4612
4792
5098
3660
5330
6248
5758
4331
4601
4830
5104
3724
5342
6248
5764
4307
4622
4781
5107
3681
5241
6255
5764
4371
4622
4795
5110
3700
5336
6255
5751
4329
4615
4833
5104
3724
5357
6255
5760
4390
4625
4826
5104
3709
5339
6252
5754
4332
4600
4833
5113
3694
5336
6252
5763
4414
4640
4836
5098
3724
5333
6255
5754
4295
4658
4777
5104
3718
5199
6252
5754
4295
4613
4820
5107
3657
5251
6258
5764
4365
4591
4817
5119
3685
5333
6252
5763
4325
4628
4808
5110
3654
5247
6255
5767
4301
4613
3947
3795
3935
4561
4176
4485
4158
4738
4537
4952
4643
5131
5208
5669
4017
5516
4689
3638
5839
5055
5763
4655
3605
5757
4795
5110
3733
5330
6258
5760
4320
4631
4832
5107
3712
5333
6255
5754
4298
4625
4805
5113
3703
5351
6258
5757
4289
4634
4811
5110
3679
5327
6258
5757
4310
4640
4842
5113
3681
5342
6255
5754
4344
4643
4826
5119
3678
5351
6258
5754
4317
4627
4839
5129
3722
5244
6258
5751
4335
4607
4826
5113
3690
5238
6252
5764
4298
4643
4820
5104
3712
5336
6255
5751
4304
4637
4826
5122
3660
5321
6255
5757
4308
4618
4814
5110
3703
5345
6258
5754
4307
4616
4839
5126
3731
5348
6255
5767
4301
4622
4826
5107
3749
5333
6258
5757
4338
4637
4823
5113
3672
5327
6248
5751
4301
4616
4826
5110
3700
5333
6258
5761
4298
4628
30948
4735
4115
5345
6255
5748
4313
4650
4793
5144
3672
5336
6255
5755
4337
4631
4826
5110
3688
5333
6252
5761
4322
4625
4774
5107
3712
5311
6258
5754
4332
4585
4814
5104
3678
5333
6255
5757
4310
4609
4826
5110
3721
5327
6258
5754
4298
4634
4823
5122
3663
5333
6258
5754
4298
4637
4805
5119
3703
5327
6258
5751
4335
4610
4830
5129
3721
5367
6255
5751
4301
4594
4811
5116
3743
5257
6255
5754
4402
4634
4811
5113
3703
5336
6255
5751
4341
4625
4768
5116
3657
5333
6258
5748
4310
4637
4801
5113
3657
5238
6258
5754
4374
4630
4814
5095
3660
5254
6258
5767
4454
4616
4829
5141
3709
5339
6258
5757
4295
4622
4839
5119
3724
5339
6258
5761
4301
4622
4798
5107
3666
5233
6255
5761
4331
4637
4833
5119
3644
5235
6255
5751
4417
4637
4832
5858
6111
5754
4618
4591
4454
4649
4875
5107
3679
5354
6255
5757
4308
4640
4814
5119
3670
5229
6258
5754
4347
4634
4793
5126
3703
5236
6255
5754
4323
4650
4774
5125
3660
5321
6255
5761
4338
4615
4765
5116
3733
5244
6255
5761
4307
4619
4765
5101
3684
5336
6258
5764
4384
4618
4836
5110
3742
5336
6258
5754
4313
4619
4768
5104
3669
5336
6245
5767
4463
4606
4802
5107
3684
5251
6245
5761
4381
4600
4814
5120
3654
5321
6255
5751
4292
4585
4817
5123
3749
5333
6251
5761
4334
4606
4805
5119
3697
5336
6255
5757
4341
4615
4802
5126
3740
5205
6258
5754
4298
4627
4829
5107
3731
5339
6258
5754
4411
4634
4823
5116
3675
5336
6258
5754
4301
4637
4829
5122
3654
5336
6255
5755
4378
4634
4811
5098
3657
5330
6258
5770
4332
4628
4811
5101
4469
4197
6249
5751
4311
4643
4799
5137
3736
5232
6255
5754
4335
4634
4826
5104
3690
5336
6258
5754
4328
4618
4811
5122
3718
5336
6255
5758
4322
4612
4814
5110
3676
5330
6255
5748
4307
4609
4814
5135
3743
5254
6258
5757
4396
4625
4811
5116
3761
5251
6255
5767
4308
4616
4814
5119
3663
5317
6258
5754
4307
4625
4829
5116
3685
5327
6258
5757
4322
4612
4814
5107
3676
5333
6258
5751
4298
4637
4832
5126
3700
5336
6255
5754
4314
4637
4827
5113
3752
5339
6252
5764
4383
4661
4759
5119
3721
5336
6248
5758
4304
4637
4814
5119
3678
5314
6255
5767
4316
4603
4771
5120
3712
5314
6258
5761
4301
4625
4811
5104
3709
5254
6258
5757
4383
4597
4820
5104
3748
5324
6245
5760
4289
4597
4811
5107
3691
5333
6258
5760
4341
4637
4811
5101
3672
4533
5703
5748
4335
4628
4805
5131
3660
5311
6255
5757
4334
4597
4771
5119
3694
5339
6255
5760
4387
4646
4805
5116
3670
5336
6255
5766
4317
4604
4814
5110
3678
5333
6255
5754
4368
4609
4823
5104
3730
5324
6248
5757
4304
4628
4817
5110
3685
5321
6255
5754
4311
4637
4820
5107
3743
5345
6255
5751
4366
4594
4808
5107
3675
5339
6255
5754
4298
4591
4784
5101
4948
4784
3813
5889
4347
4653
4866
5131
3700
5314
6255
5757
4313
4637
4780
5208
3734
5352
6252
5754
4295
4616
4851
5123
3749
5321
6258
5754
4298
4597
4808
5138
3731
5333
6252
5751
4305
4606
4833
5116
3721
5327
6261
5761
4325
4582
4826
5116
3666
5336
6255
5764
4322
4613
4790
5116
3688
5327
6252
5757
4329
4661
4768
5113
3678
5339
6255
5757
4301
4603
4808
5123
3670
38100
6245
5696
4347
4646
4856
5119
3706
5354
6255
5754
4307
4637
4801
5104
3697
5315
6258
5761
4353
4634
4786
5131
3682
5336
6248
5754
4320
4603
4783
5107
3657
5333
6248
5751
4301
4631
4778
5129
3724
5202
6258
5764
4298
4588
4826
5128
3657
5339
6255
5751
4423
4613
4799
5110
3721
5314
6261
5754
4301
4612
4820
5110
3685
5342
6245
5757
4347
4637
4826
5116
3730
5314
6252
5751
4322
4615
4826
5107
3733
5251
6251
5757
4310
4625
4826
5110
3731
5336
6255
5757
4313
4640
4833
5122
3669
5333
6255
5751
4317
4625
4808
5104
3696
5339
6258
5764
4316
4668
4781
5107
3709
5333
6252
5757
4387
4603
4805
5113
3727
5339
6255
5764
4301
4612
4814
5101
3731
5333
6258
5751
4295
4622
4820
5088
3718
5327
6245
5761
4319
4607
4823
5104
3685
5339
5257
5766
4286
4649
4787
5138
3703
5333
6255
5754
4301
4634
4805
5098
3733
5321
6258
5757
4377
4603
4790
5132
3660
5339
6248
5764
4353
4637
4826
5113
3669
5333
6255
5761
4310
4616
4820
5101
3740
5333
6251
5748
4384
4613
4817
5113
3688
5333
6255
5754
4310
4615
4833
5113
3651
5348
6251
5760
4301
4625
4833
5132
3666
5333
6255
5754
4317
4594
4792
5113
3728
5336
6258
5766
4463
4612
4820
5107
3779
5339
6258
5754
4377
4637
4836
5119
3709
5342
6251
5758
4314
4609
4808
5119
3706
5323
6255
5757
4402
4624
4823
5107
3721
5336
6258
5767
4316
4603
4771
5104
3651
5336
6248
5761
4295
4625
4820
5094
3654
5345
6255
5757
4310
4610
4814
5116
3706
5244
6258
5761
4362
4622
4765
5113
3700
5339
6255
5758
4298
4634
4759
5101
3706
5351
6258
4481
5116
4603
4805
5147
3669
5385
6255
5758
4310
4637
4802
5098
3660
5315
6264
5764
4314
4634
4823
5094
3724
5327
6258
5757
4329
4612
4768
5117
3746
5336
6252
5757
4298
4600
4836
5101
3730
5330
6258
5757
4313
4637
4829
5101
3688
5330
6249
5758
4301
4622
4829
5101
3682
5317
6258
5764
4317
4634
4811
5110
3666
5254
6248
5754
4338
4615
4814
5116
3673
5324
6258
5764
4298
4634
4817
5110
3654
5321
6258
5757
4310
4622
4814
5107
3676
5345
6255
5754
4317
4661
4836
5110
3733
5339
6248
5754
4353
4637
4820
5123
3699
5247
6255
5770
4304
4625
4836
5101
3688
5336
6251
5754
4386
4612
4762
5110
3673
5336
6255
5757
4314
4628
4820
5119
3721
5346
6255
5754
4301
4634
4832
5107
3666
5342
6258
5760
4329
4616
4817
5113
3663
5339
6251
5764
4481
4435
4841
5107
3678
5348
6249
5757
4374
4610
4778
5110
3685
5232
6258
5760
4384
4601
4823
5201
3666
5333
6252
5761
4441
4621
4854
5107
3687
5324
6255
5748
4320
4637
4798
5122
3688
5327
6245
5761
4317
4637
4820
5110
3703
5336
6252
5757
4298
4615
4817
5116
3712
5330
6255
5754
4307
4634
4826
5113
3700
5336
6255
5754
4316
4618
4829
5104
3675
5247
6255
5760
4301
4618
4808
5132
3679
5342
6248
5751
4393
4619
4832
5125
3706
5339
6255
5754
4402
4628
4795
5101
3681
5339
6255
5757
4323
4640
4833
5101
3644
5333
6258
5754
4329
4603
4829
5122
3755
5248
6258
5764
4374
4628
4768
5119
3730
5342
6255
5754
4301
4646
4826
5120
3666
5333
6255
5757
4350
4597
4801
5113
3712
5333
6255
5754
4322
4603
4826
5119
3691
5333
6255
5760
4304
4548
4790
5116
3745
5354
6252
5751
4319
4637
4823
5117
3694
5323
6249
5767
4313
4619
4811
5128
3675
5327
6248
5754
4374
4585
4817
5126
3709
5327
6255
5754
4332
4646
4817
5123
3685
5254
6252
5757
4411
4612
4768
5107
3758
5339
6258
5757
4341
4597
4811
5104
3703
5324
6252
5760
4359
4609
4835
5120
3657
5336
6251
5754
4323
4637
4805
5101
3715
5330
6258
5754
4301
4619
4789
5120
3651
5327
6255
5760
4341
4613
4817
5113
3688
5336
6255
5748
4307
4637
4829
5110
3721
5330
6258
5754
4390
4603
4808
5107
3697
5333
6248
5760
4298
4640
4839
5116
3648
5346
6255
5757
4411
4624
4829
5123
3730
5244
6255
5754
4304
4612
4808
5113
3684
5345
6255
5751
4341
4618
4814
5107
3694
5345
6258
5757
4390
4594
4811
5110
3687
5336
6248
5754
4326
3776269
5107
6255
4738
4585
5348
5129
4582
4595
4356
4576
4576
4610
4682
4616
4582
4604
4786
4759
4600
4588
4835
4979
4600
4604
4316
3605
3736
4594
4591
5195
4704
4594
4606
6108
5626
4601
4939
5531
4604
4594
4515
4310
4616
4603
4707
4591
4591
4585
4655
4780
4652
4591
4613
5116
4649
4594
4598
3608
3651
4609
4588
5107
4802
4588
4594
5803
5812
4591
4661
5761
4603
4598
4588
4395
4600
4600
4662
4585
4588
4604
4594
4775
4689
4606
4591
5110
4734
4616
4588
3828
3626
4381
4592
4832
5052
4600
4610
5131
6242
4689
4597
5400
5074
4603
4607
4313
4515
4601
4594
4673
4613
4600
4616
4710
4756
4597
5058
4607
4591
4435
4427
4601
4594
4689
4594
4597
4613
4756
4783
4616
4597
4771
5036
4594
4597
4457
3614
3684
4594
4594
5171
4771
4609
4610
5876
5714
4601
4701
5754
4604
4594
4597
4182
4597
4610
4597
4579
4594
4613
4603
4814
4692
4588
4607
5052
4762
4616
4594
3852
3621
4314
4603
4817
5123
4600
4600
5092
6255
4744
4588
5376
5104
4585
4600
4283
4567
4603
4613
4682
4600
4609
4598
4704
4792
4601
4609
4811
4985
4601
4594
4356
3587
3758
4597
4607
5260
4686
4616
4594
6041
5562
4591
4829
5654
4606
4601
4527
4368
4594
4609
4713
4585
4597
4594
4625
4756
4670
4610
4610
5147
4695
4594
4594
3681
3608
4469
4591
4900
5021
4598
4609
5122
4607
4585
4377
4469
4576
4585
4676
4585
4585
4603
4698
4759
4624
4594
4692
5107
3709
5339
6249
5757
4222
4640
4814
5126
3678
5244
6255
5754
4207
4625
4814
5110
3685
5327
6255
5754
4234
4661
4811
5110
3679
5333
6251
5758
4200
4668
4796
28182
3703
5360
6252
5751
4204
4670
4866
5125
3697
5308
6255
5754
4234
4609
4768
5117
3700
5251
6255
5754
4192
4640
4784
5098
3733
5345
6255
5751
4222
4625
4768
5101
3684
5321
6258
5751
4219
4634
4829
5147
3706
5349
6255
5751
4173
4661
4789
5117
3709
5355
6252
5754
4466
4637
4768
5137
3706
5333
6258
5766
4170
4624
4762
5120
3709
5342
6248
5755
4231
4658
4774
5110
3666
5345
6255
5754
4221
4616
4814
5107
3679
5333
6258
5754
4231
4613
4814
5104
3666
5241
6255
5757
4268
4628
4786
5101
3691
5339
6255
5767
4368
4634
4805
5125
3749
5333
6252
5760
4160
4622
4772
5110
3712
5339
6258
5764
4231
4668
4796
5101
3745
5327
6255
5754
4240
4665
4781
5116
3694
5330
6258
5751
4197
4664
4796
5107
3709
5339
6252
5757
4224
4603
4771
5110
4103
5272
6252
5754
4463
4618
4799
5135
3709
5324
6248
5758
4209
4610
4774
5101
3776
5339
6258
5754
4247
4630
4829
5117
3682
5327
6258
5751
4173
4634
4774
5107
3724
5248
6258
5754
4231
4619
4765
5098
3672
5349
6255
5751
4170
4631
4796
5132
3703
5333
6258
5757
4204
4664
4823
5119
3675
5326
6255
5754
4231
4612
4771
5110
3657
5330
6258
5751
4460
4637
4814
5122
3681
5324
6255
5751
4381
4637
4820
5116
3687
5251
6258
5751
4277
4637
4777
5113
3715
5248
6258
5758
4435
4630
4829
5117
3688
5321
6258
5754
4222
4618
4768
5120
3752
5339
6255
5758
4216
4640
4823
5110
3691
5358
6248
5754
4207
4619
4775
5113
3755
5333
6255
5754
4207
4637
4774
5120
3721
5327
6258
5761
4381
4594
4780
5119
3691
5330
6258
5751
4228
4619
4775
5107
4384
6133
4588
4579
5464
4991
4600
4616
4301
4533
4607
4604
4667
4616
4878
5162
3675
5360
6258
5757
4341
4668
4777
5107
3697
5312
6255
5773
4200
4668
4781
5101
3654
5336
6255
5751
4228
4622
4777
5107
3663
5336
6252
5754
4194
4637
4771
5104
3761
5254
6258
5751
4231
4661
4830
5104
3666
5345
6252
5751
4311
4674
4771
5125
3675
5361
6245
5757
4289
4625
4777
5113
3663
5251
6255
5764
4182
4622
4765
5098
3739
5354
6252
5754
4231
4612
4768
5104
3737
5192
6255
5757
4228
4646
4768
5110
3736
5339
6252
5754
4216
4634
4799
5150
3672
5324
6255
5757
4258
4640
4845
5107
3644
5330
6255
5754
4207
4625
4775
5107
3663
5324
6255
5767
4261
4637
4787
5101
3682
5333
6255
5761
4255
4649
4820
5125
3685
5336
6252
5745
4200
4622
4775
5110
3715
4399
6264
5760
4256
4625
4817
5144
3639
5358
6248
5757
4231
4665
4814
5128
3660
5324
6248
5751
4176
4603
4768
5117
3669
5241
6255
5754
4228
4616
4789
5190
3724
5364
6252
5754
4454
4665
4839
5107
3746
5345
6252
5757
4256
4606
4839
5116
3694
5330
6255
5757
4231
4625
4814
5107
3672
5202
6248
5754
4243
4628
4799
5104
3715
5345
6248
5758
4494
4637
4823
5119
3736
5327
6245
5757
4338
4613
4835
5126
3685
5327
6252
5764
4204
4640
4769
5107
3697
5330
6255
5751
4170
4594
4768
5101
3724
5315
6248
5761
4188
4658
4814
5144
3718
5241
6252
5751
4201
4634
4765
5110
3654
5244
6252
5751
4161
4640
4762
5126
3706
5254
6245
5767
4256
4634
4820
5122
3752
5248
6255
5757
4157
4637
4802
5098
3678
5336
6255
5761
4466
4637
4792
5101
3672
5305
26033
6258
4206
4668
4842
5146
3697
5358
6251
5754
4194
4612
4771
5104
3706
5226
6255
5751
4179
4615
4774
5117
3724
5330
6258
5754
4231
4637
4805
5107
3685
5244
6252
5754
4225
4603
4832
5113
3736
5358
6258
5754
4231
4637
4759
5116
3675
5339
6255
5754
4228
4612
4768
5113
3672
5202
6245
5763
4253
4640
4827
5110
3654
5327
6258
5764
4243
4661
4777
5126
3685
5244
6252
5760
4375
4637
4765
5104
3654
5333
6258
5764
4478
4634
4823
5104
3730
5241
6258
5754
4194
4625
4775
5116
3672
5254
6255
5754
4216
4637
4771
5126
3715
5241
6255
5760
4207
4618
4765
5129
3737
5330
6255
5748
4231
4615
4768
5101
3700
5238
6255
5758
4234
4658
4814
5101
3675
5247
6255
5754
4188
4622
4768
5101
3724
5346
6255
5763
4491
4640
4772
5101
3654
5244
6252
5303
5449
4637
4805
5156
3751
5278
6252
5757
4231
4671
4793
5138
3734
5333
6251
5751
4231
4661
4771
5107
3678
5339
6258
5758
4222
4628
4771
5119
3709
5321
6258
5761
4225
4603
4768
5095
3681
5336
6261
5754
4206
4637
4790
5144
3715
5327
6255
5751
4231
4622
4820
5104
3678
5321
6252
5751
4225
4610
4756
5113
3666
5254
6255
5754
4381
4637
4774
5113
3678
5336
6251
5754
4173
4619
4772
5110
3745
5330
6255
5754
4469
4637
4771
5101
3727
5326
6252
5764
4234
4637
4802
5110
3733
5336
6255
5761
4325
4631
4796
5122
3730
5250
6258
5754
4332
4622
4839
5119
3743
5195
6255
5757
4261
4612
4768
5110
3657
5339
6255
5757
4179
4637
4759
5126
3743
5339
6255
5754
4201
4640
4771
5147
3715
5199
6252
5767
4145
4610
4768
5134
3666
5336
6258
5367
4436
4768
4805
5125
3675
5330
6255
5748
4228
4658
4823
5125
3706
5314
6255
5754
4164
4646
4765
5122
3682
5323
6255
5751
4170
4640
4832
5113
3758
5192
6252
5751
4359
4649
4772
5104
3697
5363
6255
5751
4222
4640
4765
5113
3709
5339
6255
5761
4200
4622
4765
5110
3675
5248
6255
5754
4472
4659
4762
5107
3675
5333
6252
5754
4222
4661
4777
5110
3660
5241
6255
5751
4237
4616
4768
5120
3666
5245
6258
5761
4224
4606
4826
5113
3672
5339
6251
5754
4216
4622
4817
5125
3678
5238
6255
5754
4206
4609
4768
5098
3712
5339
6255
5761
4237
4640
4771
5214
3672
5351
6255
5764
4243
4661
4845
5107
3672
5339
6255
5754
4231
4616
4798
5129
3682
5327
6255
5754
4182
4600
4774
5144
3733
5314
6255
5754
4222
4612
4768
5123
3727
5314
6255
5754
4540
4551
4768
5131
3709
5336
6245
5751
4359
4613
4790
5101
3718
5317
6255
5764
4194
4634
4792
5116
3618
5339
6252
5751
4366
4658
4765
5107
3678
5321
6245
5757
4500
4677
4781
5122
3681
5354
6258
5764
4194
4622
4787
5104
3675
5339
6255
5745
4363
4613
4789
5141
3718
5324
6258
5751
4255
4622
4768
5114
3724
5244
6255
5764
4249
4619
4805
5129
3657
5339
6255
5754
4420
4640
4832
5110
3730
5330
6255
5748
4145
4658
4765
5117
3776
5311
6258
5751
4246
4664
4774
5116
3660
5330
6252
5748
4200
4640
4765
5126
3724
5254
6258
5764
4189
4640
4778
5131
3684
5342
6258
5767
4219
4634
4823
5101
3715
5327
6255
5748
4329
4618
4768
5123
3755
5351
6255
5754
4469
4634
4774
5117
3651
5342
6255
5751
4194
4637
4774
5120
3687
5345
6255
5757
4219
27687
4341
4176
3923
4890
4405
5137
4408
5189
5415
5281
5104
5214
5589
4579
4301
4692
4090
3996
4457
4160
4964
4677
4594
4967
4655
5294
5538
5825
5085
4194
4487
5025
4643
5229
4478
5101
5068
5458
5495
6066
4952
4393
4173
4518
4515
4662
4734
5584
4561
5528
5327
5107
4796
4643
5360
5153
5748
5220
5562
5876
4567
4185
5144
5354
5526
4655
4127
4408
4335
3984
4664
3815
4683
5580
4875
4616
4716
5409
3767
4546
4579
4835
5220
4444
5376
4942
4466
4020
4945
5229
5321
4191
4115
4716
4823
5052
4637
4622
4350
3605
3721
4591
4610
5168
4735
4600
4609
6023
5611
4591
4805
5660
4597
4597
4591
4301
4613
4597
4707
4585
4600
4600
4628
4796
4667
4610
4603
5150
4683
4595
4597
3724
3617
4463
4616
4899
5015
4585
4600
5333
6255
4625
4603
5559
4921
4591
4600
4216
4594
4610
4597
4664
4631
4603
4616
4722
4887
4469
4390
92235
6045
5544
4197
4591
4616
4692
4585
4600
4604
4723
4802
4674
4606
4649
5110
4637
4603
4615
3685
3614
4600
4616
5033
4893
4610
4600
5626
5995
4604
4600
5751
4720
4594
4625
4142
4625
4597
4610
4655
4588
4591
4594
4744
4704
4604
4597
4967
4835
4603
4622
4033
3611
4173
4603
4729
5220
4604
4600
4814
6255
5025
4606
5217
5256
4604
4613
4405
4472
4594
4601
4676
4604
4594
4594
4673
4762
4637
4597
4756
5052
4613
4613
4478
3621
3660
4600
4616
5153
4786
4594
4594
5846
5782
4612
4698
5757
4603
4603
4594
4207
4612
4607
4609
4573
4607
4609
4594
4746
4692
4597
4606
5031
4774
4594
4616
3929
3617
4264
4604
4780
5147
4606
4607
5003
6252
4848
4597
5308
5159
4600
4613
4405
4423
4598
4591
4686
4609
4616
4597
4689
4826
4616
4603
4796
5022
4603
4607
4392
3623
3706
4603
4616
5195
4734
4616
4591
5965
5660
4594
4759
5730
4604
4606
4555
4463
4612
4610
4710
4585
4796
4564
4594
4780
5031
4607
4604
4442
3682
3828
5342
6258
5757
4201
4618
4765
5113
3672
5333
6258
5761
4463
4643
4778
5110
3700
5324
6252
5757
4148
4646
4778
5122
3684
5327
6252
5754
4176
4637
4789
5098
3706
5251
6258
5764
4228
4622
4768
5107
3663
5333
6255
5757
4289
4658
4777
5110
3752
5244
6255
5751
4338
4640
4790
5107
3709
5336
6255
5757
4332
4616
4814
5119
3712
5241
6258
5754
4201
4628
4786
5104
3721
5327
6248
5757
4341
4628
4775
5120
3718
5312
6252
5758
4421
4631
4789
5110
3685
5327
6258
5757
4481
4606
4814
4832
3645
4164
6242
5840
4152
4628
4842
5119
3688
5324
6248
5751
4359
4615
4774
5104
3709
5241
6258
5757
4237
4643
4796
5131
3654
5333
6255
5757
4240
4607
4796
5104
3703
5333
6255
5754
4219
4616
4836
5129
3679
5339
6252
5754
4158
4637
4786
5119
3672
5226
6252
5764
4215
4613
4829
5092
3737
5336
6248
5754
4161
4613
4787
5122
3657
5333
6258
5764
4206
4616
4790
5134
3664
5320
6255
5770
4231
4609
4768
5107
3737
5339
6255
5767
4200
4637
4802
5110
3672
5321
6255
5757
4191
4655
4759
5129
3682
5354
6248
5754
4332
4622
4762
5122
3681
5342
6258
5757
4237
4655
4765
5120
3715
5333
6255
5754
4240
4606
4768
5122
3706
5339
6255
5764
4231
4619
4796
5094
3736
5327
6252
5754
4478
4637
4765
5110
3724
5336
6258
5767
4166
4594
4823
5120
25352
5137
6255
5748
4515
4631
4839
5132
3642
5315
6252
5751
4243
4609
4768
5088
3678
5314
6255
5754
4225
4637
4811
5116
3663
5339
6255
5758
4271
4640
4820
5116
3672
5323
6258
5761
4311
4658
4768
5125
3657
5339
6255
5757
4149
4606
4793
5150
3694
5330
6255
5760
4487
4615
4771
5120
3669
5192
6258
5754
4286
4640
4793
5123
3706
5339
6252
5754
4228
4631
4823
5107
3669
5202
6261
5754
4170
4640
4783
5104
3672
5296
6255
5757
4365
4634
4814
5104
3675
5336
6252
5757
4210
4640
4793
5122
3673
5330
6245
5757
4359
4622
4778
5110
3681
5330
6255
5754
4198
4606
4790
5122
3678
5339
6258
5748
4231
4606
4765
5114
3752
5308
6255
5763
4206
4661
4830
5101
3709
5321
6255
5757
4224
4658
4768
5113
3706
5318
6255
5754
4201
4622
4826
5110
3700
6282
5342
5751
4329
4627
4839
5125
3721
5232
6258
5751
4221
4649
4771
5120
3672
5314
6255
5757
4198
4628
4777
5104
3722
5330
6258
5751
4191
4622
4771
5119
3685
5336
6252
5754
4215
4640
4759
5122
3718
5330
6252
5754
4295
4622
4768
5113
3743
5330
6245
5769
4167
4637
4774
5129
3667
5342
6255
5767
4179
4661
4768
5116
3651
5333
6242
5751
4433
4625
4768
5107
3672
5352
6252
5754
4262
4594
4851
5110
3715
5326
6255
5776
4265
4610
4762
5104
3651
5342
6251
5760
4265
4628
4801
5110
3715
5314
6258
5767
4246
4637
4826
5110
3730
5370
6252
5758
4484
4655
4768
5123
3697
5326
6258
5757
4185
4637
4774
4659
3679
5348
6252
5757
4143
4668
4802
5104
3685
5251
6255
5754
4179
4649
4842
5144
3679
5330
6255
5757
4356
4606
4814
5146
3703
5327
5193
6173
5947
4875
4838
5125
3678
5327
6252
5754
4231
4686
4781
5116
3706
5321
6248
5754
4194
4637
4826
5104
3718
5330
6258
5761
4334
4640
4814
5092
3679
5241
6255
5761
4466
4637
4799
5129
3755
5324
6258
5757
4246
4661
4768
5107
3688
5248
6258
5754
4200
4637
4787
5125
3737
5251
6251
5767
4478
4634
4823
5132
3706
5327
6255
5761
4243
4619
4781
5138
3700
5254
6248
5754
4222
4622
4787
5119
3709
5342
6255
5767
4209
4637
4759
5135
3721
5342
6258
5748
4185
4649
4780
5125
3664
5317
6248
5757
4310
4643
4790
5107
3678
5248
6255
5757
4212
4606
4845
5104
3740
5330
6255
5754
4237
4640
4780
5119
3681
5348
6258
5757
4219
4656
4827
5104
3740
5339
6255
5760
4243
4627
4802
5126
3697
5320
6248
5760
4182
4609
4771
5104
3715
5251
5049
5327
4283
4643
4793
5137
3688
5333
6255
5761
4329
4667
4771
5116
3675
5317
6258
5754
4243
4674
4768
5110
3663
5296
6255
5751
4182
4637
4829
5122
3721
5342
6255
5757
4231
4613
4768
5110
3697
5336
6252
5757
4356
4631
4805
5110
3673
5339
6258
5751
4222
4606
4771
5117
3703
5323
6255
5757
4478
4640
4789
5116
3654
5351
6258
5754
4188
4616
4795
5113
3739
5348
6248
5761
4182
4609
4786
5110
3715
5336
6252
5748
4283
4671
4775
5113
3737
5321
6255
5754
4219
4622
4786
5116
3682
5342
6255
5754
4228
4656
4774
5110
3706
5333
6258
5751
4231
4619
4765
5129
3676
5339
6255
5754
4173
4609
4759
5120
3679
5349
6255
5757
4280
4621
4814
5095
3660
5333
6255
5763
4487
4616
4775
5153
3703
5336
6255
5748
4167
4665
4784
5120
3691
5336
6252
4414
4329
4649
4863
5129
3697
5256
6255
5757
4198
4625
4781
5107
3712
5305
6258
5751
4478
4640
4765
5119
3751
5351
6258
5754
4228
4612
4814
5110
3675
5330
6255
5754
4280
4658
4784
5110
3752
5339
6258
5754
4216
4606
4820
5122
3672
5330
6255
5754
4158
4652
4829
5110
3696
5348
6252
5757
4493
4613
4814
5101
3706
5244
6255
5761
4491
4637
4765
5110
3651
5358
6245
5754
4414
4631
4793
5104
3718
5342
6251
5754
4197
4634
4765
5116
3700
5195
6252
5754
4268
4631
4824
5120
3660
5336
6258
5764
4215
4640
4805
5101
3657
5195
6255
5745
4173
4637
4759
5110
3684
5327
6258
5751
4173
4637
4765
5110
3690
5345
6248
5760
4225
4612
4771
5110
3676
5254
6255
5754
4231
4609
4799
5122
3742
5330
6255
5757
4203
4616
4832
5110
3685
5339
6255
5757
25395
4595
4820
5135
3779
5364
6252
5840
4176
4643
4777
5138
3743
5330
6258
5754
4295
4609
4808
5135
3688
5333
6258
5761
4186
4640
4820
5107
3733
5336
6248
5757
4200
4634
4826
5119
3736
5333
6255
5751
4237
4643
4750
5138
3748
5336
6248
5754
4216
4606
4771
5162
3727
5339
6255
5742
4154
4640
4801
5110
3755
5333
6258
5764
4173
4618
4771
5123
3641
5317
6252
5751
4249
4658
4768
5113
3666
5358
6255
5748
4197
4664
4765
5113
3718
5327
6252
5754
4152
4600
4762
5110
3681
5370
6258
5751
4197
4631
4830
5094
3654
5339
6258
5748
4228
4603
4765
5104
3727
5314
6252
5754
4209
4615
4765
5104
3688
5247
6248
5757
4176
4622
4765
5120
3727
5355
6252
5757
4155
4634
4805
5120
3685
5321
6255
5745
4359
4613
4829
5098
3688
5333
6255
5754
4200
4875
4570
5083
5764
6145
5727
4405
4658
4845
5003
4646
3618
4103
5446
6258
5815
4729
4585
4731
4900
5040
3630
3635
5235
6194
5986
5238
4560
4634
4826
5107
4011
3602
4652
5840
6178
5755
4298
4683
4753
4976
4615
3636
3865
5416
6245
5867
4881
4533
4674
4850
5120
3675
3608
5046
6069
6047
5430
4533
4625
4820
5055
4163
3611
4588
5794
6193
5754
4326
4643
4747
4942
4655
3599
3791
5357
6252
5889
4982
4560
4676
4820
5126
3733
3626
5229
6142
6023
5323
4542
4646
4814
5101
4033
3681
4768
5907
6148
5669
4301
4677
4811
4991
4533
3614
4024
5473
6245
5819
4756
4551
4607
4689
4826
4585
4603
4787
5043
4594
4604
4429
3617
3757
4613
4594
5205
4729
4591
4603
5965
5660
4588
4759
5708
4610
4597
4585
4347
4597
4607
4710
4573
4597
4607
4606
4808
4695
4603
4609
5086
4716
4597
4594
3831
3620
4454
4610
4905
5018
4607
4600
5250
6248
4600
4604
5516
4976
4594
4613
4353
4606
4610
4606
4686
4622
4600
4616
4735
4762
4613
4591
4878
4912
4601
4600
4197
3608
3993
4600
4607
5247
4604
4603
4597
6255
5327
4594
4988
5501
4298
4625
4823
5104
3666
5330
6258
5757
4316
4597
4811
5107
3672
5330
6255
5751
4347
4597
4830
5110
3687
5333
6248
5761
4393
4637
4804
5110
3739
5333
6255
5757
4292
4634
4820
5104
3724
5330
6258
5767
4307
4637
4805
5120
3675
5244
6245
5748
4408
4622
4802
5107
3682
5330
6255
5748
4307
4613
4811
5113
3730
5339
6245
5767
4304
4609
4808
5089
3739
5342
6245
5751
4307
4619
4833
5101
3681
5339
6258
5751
4304
4615
4823
5107
3691
5311
6255
5754
4298
4631
4509
4775
3734
5357
6255
5834
4319
4659
4817
5119
3755
5321
6258
5754
4341
4661
4820
5125
3685
5336
6251
5760
4289
4643
4820
5132
3690
5330
6258
5751
4375
4637
4833
5119
3684
5336
6251
5755
4313
4622
4775
5104
3666
5330
6258
5755
4310
4619
4833
5122
3739
5327
6255
5754
4317
4609
4759
5107
3693
5244
6255
5758
4311
4624
4836
5120
3703
5330
6252
5751
4332
4606
4759
5107
3681
5336
6252
5757
4335
4637
4829
5120
3672
5339
6252
5751
4307
4625
4827
5116
3669
5333
6245
5764
4301
4631
4823
5132
3682
5339
6255
5764
4298
4616
4795
5113
3712
5327
6248
5751
4304
4637
4811
5101
3666
5333
6252
5764
4301
4616
4827
5123
3688
5330
6255
5751
4307
4619
4808
4771
3657
5345
6249
5764
4304
4640
4854
5104
3676
5248
6251
5754
4295
4619
4814
4475
4912
5330
6245
5754
4424
4646
4845
5110
3691
5324
6248
5754
4350
4603
4817
5122
3666
5323
6252
5754
4322
4640
4814
5104
3706
5254
6255
5757
4295
4622
4792
5119
3691
5254
6248
5767
4424
4658
4845
5123
3706
5333
6248
5763
4405
4637
4814
5110
3678
5327
6258
5751
4317
4625
4836
5110
3669
5336
6255
5758
4319
4628
4777
5104
3669
5336
6255
5767
4319
4597
4801
5119
3660
5339
6255
5764
4307
4625
4805
5104
3697
5336
6248
5754
4314
4612
4768
5104
3660
5330
6255
5754
4301
4619
4814
5119
3672
5342
6252
5748
4317
4612
4802
5116
3666
5336
6248
5754
4308
4592
4799
5135
3696
5327
6248
5751
4292
4625
4777
5107
3706
5345
6255
5751
4365
4643
4799
5113
3715
5327
6255
5754
4298
4598
4804
5091
3691
5346
6255
5745
4304
4615
4829
5104
5391
6251
5861
4957
4444
4661
4832
5125
3675
5318
6255
5757
4301
4618
4786
5125
3663
5248
6251
5760
4311
4619
4823
5104
3651
5336
6248
5754
4320
4658
4771
5098
3709
5321
6255
5757
4311
4606
4823
5092
3691
5324
6258
5751
4310
4640
4814
5113
3660
5238
6255
5760
4411
4609
4814
5125
3703
5336
6258
5766
4292
4640
4836
5113
3678
5241
6255
5761
4295
4619
4823
5101
3623
5330
6249
5757
4298
4637
4832
5101
3666
5351
6255
5754
4381
4640
4832
5101
3681
5324
6255
5767
4310
4616
4823
5123
3676
5327
6258
5761
4332
4610
4765
5119
3660
5317
6255
5761
4374
4634
4832
5113
3706
5336
6258
5760
4308
4634
4832
5098
3672
5339
6251
5751
4317
4622
4771
5129
3736
5342
6258
5754
4344
4622
4836
5107
3678
5244
6248
5751
4319
4622
4765
5107
3669
4512
5993
5748
4417
4643
4802
5119
3681
5324
6255
5757
4338
4619
4799
5117
3734
5336
6255
5760
4326
4606
4771
5116
3679
5342
6255
5764
4424
4634
4832
5116
3730
5336
6258
5757
4301
4640
4826
5113
3666
5336
6258
5754
4350
4616
4826
5107
3752
5333
6255
5757
4353
4640
4851
5119
3630
5326
6258
5754
4313
4618
4759
5107
3648
5336
6252
5757
4314
4591
4842
5110
3727
5333
6255
5754
4310
4612
4777
5123
3672
5352
6252
5754
4311
4637
4798
5094
3685
5336
6255
5754
4311
4634
4820
5098
3770
5336
6255
5748
4310
4637
4820
5119
3663
5339
6258
5767
4307
4619
4765
5101
3749
5327
6261
5754
4307
4640
4814
5098
3739
5320
6255
5757
4301
4612
4811
5122
3761
5339
6248
5773
4304
4604
4814
5104
3676
5248
6248
5751
4338
4643
4762
5113
3654
4496
4960
5754
4423
4640
4826
5141
3682
5324
6255
5757
4322
4622
4778
5107
3725
5324
6258
5754
4320
4606
4826
5101
3691
5318
6252
5757
4314
4609
4826
5122
3715
5244
6255
5757
4301
4640
4839
5116
3690
5333
6255
5754
4301
4606
4826
5116
3675
5330
6248
5764
4328
4628
4820
5125
3681
5247
6258
5757
4295
4582
4805
5193
3688
5357
6255
5757
4304
4637
4848
5123
3697
5324
6248
5754
4377
4625
4832
5107
3728
5247
6252
5757
4356
4637
4829
5113
3676
5257
6255
5760
4304
4606
4829
5110
3730
5248
6258
5754
4316
4622
4768
5104
3676
5345
6255
5757
4332
4640
4814
5104
3672
5330
6255
5764
4316
4594
4832
5107
3731
5330
6255
5757
4402
4631
4836
5116
3684
5333
6255
5754
4390
4619
4768
5104
3657
5339
6252
5754
4380
4609
4802
5107
3657
5324
4555
5242
4307
4594
4808
5116
3727
5327
6255
5754
4314
4637
4839
5107
3730
5318
6258
5757
4317
4640
4814
5126
3739
5241
6255
5748
4307
4625
4826
5116
3663
5314
6255
5751
4314
4622
4787
5119
3645
5336
6245
5754
4311
4606
4805
5119
3734
5229
6252
5754
4307
4606
4826
5113
3727
5317
6255
5748
4323
4613
4823
5128
3672
5315
6255
5751
4317
4612
4820
5116
3691
5327
6255
5754
4301
4582
4826
5113
3679
5352
6252
5757
4338
4640
4826
5104
3724
5342
6251
5755
4310
4622
4805
5120
3724
5336
6261
5754
4338
4622
4833
5107
3739
5336
6255
5757
4310
4613
4784
5113
3654
4659
4860
4582
4536
4591
5440
4588
4854
4640
5131
4829
4600
4579
5739
5876
4619
4658
5754
4606
4579
4692
4402
4600
4597
4595
4576
4607
4612
4625
4808
4685
4606
4597
5068
4756
4594
4613
3911
3630
4368
4594
4845
5089
4637
4597
5147
6255
4689
4610
5418
5065
4597
4607
4368
4582
4610
4600
4677
4612
4610
4606
4723
4775
4603
4597
4851
4967
4600
4606
4280
3621
3935
4600
4610
5302
4621
4607
4606
6224
5400
4588
4966
5541
4609
4606
4628
4411
4600
4600
4704
4604
4597
4600
4668
4823
4655
4601
4670
5116
4594
4603
4634
3648
3605
4597
4598
5055
4884
4610
4591
5632
5974
4594
4603
5767
4692
4597
4631
4308
4612
4594
4603
4671
4603
4604
4594
4793
4716
4613
4594
5013
4798
4597
4600
3989
3581
4204
4597
4722
5186
4616
4609
4930
6245
4915
4613
5250
5245
4600
4613
4429
4478
4601
4597
4677
4594
4588
4607
4680
4823
4625
4594
4781
5040
4597
4613
4444
3620
3691
4600
4613
5174
4756
4622
4619
5919
5687
4588
4750
5739
4610
4609
4610
4350
4597
4607
4713
4591
4613
4609
4601
4823
4683
4588
4594
5104
4714
4609
4594
3807
3590
4320
4603
4851
5073
4613
4606
5162
6255
4658
4613
5421
5052
4606
4597
4405
4631
4603
4604
4676
4622
4600
4606
4729
4777
4601
4603
4872
4942
4604
4615
4265
3620
3904
4594
4591
5336
4619
4594
4600
6252
5348
4607
4966
5516
4594
4622
4496
4506
4607
4606
4686
4591
4585
4603
4640
4789
4646
4594
4655
5117
4600
4619
4622
3657
3608
4609
4603
5052
4891
4597
4597
5571
6029
4597
4606
5751
4753
4606
4628
4375
4609
4610
4609
4658
4598
4606
4604
4786
4713
4588
4604
4997
4802
4594
4613
3944
3657
4143
4597
4735
5190
4606
4594
4905
6248
4930
4591
5232
5248
4610
4609
4512
4481
4619
4594
4689
4600
4652
4607
5082
4722
4601
4613
3837
3633
4331
4597
4881
5074
4594
4600
5153
6252
4689
4597
5409
5064
4610
4603
4381
4527
4606
4607
4670
4631
4610
4600
4756
4817
4607
4600
4869
4945
4613
4597
4270
3608
3831
4597
4600
5287
4649
4603
4616
6145
5461
4613
4887
5596
4597
4607
4618
4393
4610
4603
4692
4588
4588
4622
4643
4817
4658
4597
4622
5107
4640
4610
4637
3660
3675
4603
4588
5028
4903
4597
4600
5510
6102
4603
4597
5678
4805
4613
4613
4292
4609
4604
4609
4658
4619
4613
4603
4768
4744
4598
4603
4970
4838
4610
4600
4051
3624
4143
4594
4689
5254
4603
4598
4786
6255
5043
4604
5168
5315
4603
4616
4432
4579
4591
4594
4689
4604
4603
4606
4674
4799
4634
4597
4741
5046
4594
4600
4478
3611
3651
4606
4597
5159
4793
4606
4591
5815
5788
4594
4671
5760
4307
4496
4695
4918
3672
5367
6252
5751
4319
4646
4820
5122
3724
5314
6255
5754
4378
4637
4829
5122
3669
5333
6252
5766
4316
4597
4811
5113
3755
5336
6255
5754
4338
4616
4811
5119
3727
5251
6258
5751
4365
4597
4832
5126
3678
5241
6255
5757
4319
4582
4811
5110
3749
5254
6252
5754
4304
4628
4795
5110
3682
5330
6248
5751
4341
4615
4799
5104
3676
5339
6258
5751
4298
4601
4808
5116
3709
5327
6248
5748
4307
4622
4771
5116
3670
5339
6258
5758
4329
4600
4799
5113
3670
5327
6258
5757
4308
4661
4765
5107
3687
5336
6251
5754
4307
4637
4798
5095
3660
5336
6255
5757
4341
4619
4826
5117
3697
5351
6255
5758
4314
4615
4829
5122
3736
5250
6255
5754
4307
4612
4817
5113
3743
5244
6248
5754
4344
4604
4811
5131
3675
5251
6252
5754
4298
4585
4622
5757
6218
4618
5659
4823
4304
4640
4863
5126
3752
5327
6255
5761
4463
4622
4832
5116
3773
5241
6255
5751
4307
4622
4759
5107
3666
5245
6258
5757
4313
4628
4808
5128
3715
5247
6255
5770
4405
4637
4839
5110
3681
5351
6258
5760
4323
4640
4811
5107
3725
5339
6258
5764
4322
4631
4787
5107
3669
5346
6255
5757
4319
4609
4823
5128
3755
5339
6258
5754
4304
4594
4814
5113
3660
5360
6252
5754
4292
4616
4820
5122
3706
5336
6258
5748
4304
4637
4802
5104
3681
5241
6255
5761
4310
4637
4802
5126
3676
5327
6258
5760
4313
4640
4814
5095
3694
5321
6258
5754
4344
4591
4814
5107
3721
5321
6251
5761
4298
4619
4768
5119
3660
5323
6255
5757
4311
4640
4814
5126
3745
5324
6255
5754
4328
4622
4814
5101
3718
5345
6255
5760
4304
4622
4768
4573
4594
4780
5046
4613
4609
4472
3614
3734
4597
4609
5196
4738
4600
4594
5946
5647
4594
4753
5708
4585
4604
4606
4231
4591
4591
4689
4579
4594
4594
4613
4820
4664
4585
4597
5120
4716
4588
4606
3825
3635
4386
5235
6248
5757
4173
4637
4780
5117
3694
5293
6258
5754
4203
4612
4793
5138
3666
5287
6255
5757
4173
4634
4777
5104
3697
5263
6255
5761
4466
4637
4777
4628
3755
4610
4667
4597
4603
4625
4860
5122
3681
5339
6252
5745
4375
4628
4775
5129
3657
5245
6252
5754
4487
4616
4772
5132
3694
5323
6255
5754
4268
4637
4781
5125
3672
5342
6255
5751
4231
4622
4774
5119
3715
5336
6255
5751
4298
4613
4786
5116
3684
5327
6255
5754
4243
4640
4787
5114
3697
5257
6245
5767
4231
4661
4759
5119
3737
5245
6261
5764
4246
4622
4772
5077
4921
3669
6233
5754
4460
4652
4802
5110
3691
5360
6258
5754
4219
4640
4793
5104
3675
5336
6251
5757
4506
4668
4781
5107
3664
5339
6258
5754
4139
4619
4820
5107
3690
5336
6258
5764
4231
4616
4777
5116
3718
5241
6255
5763
4194
4637
4771
5113
3666
5339
6258
5751
4179
4612
4768
5129
3724
5342
6258
5757
4368
4634
4796
5116
3672
5339
6258
5754
4201
4606
4826
5092
3673
5323
6252
5754
4222
4622
4774
5104
3712
5244
6255
5757
4179
4674
4768
5113
3669
5330
6252
5751
4228
4597
4787
5144
3678
5327
6255
5754
4472
4637
4783
5101
3706
5336
6255
5754
4188
4637
4771
5134
3684
5317
6258
5751
4231
4658
4768
5113
3782
5336
6258
5745
4182
4637
4784
5107
3697
5339
6251
5760
4173
4619
4781
5110
3712
5336
6258
5757
4463
4597
4783
5110
4378
4588
6249
5757
4203
4646
4796
5147
3721
5226
6255
5767
4261
4637
4817
5150
3712
5342
6248
5767
4200
4637
4784
5104
3673
5192
6255
5754
4204
4637
4804
5116
3657
5336
6258
5757
4191
4637
4805
5113
3715
5342
6255
5751
4179
4665
4839
5092
3678
5336
6252
5761
4221
4622
4805
5113
3669
5321
6255
5751
4222
4634
4814
5120
3694
5324
6258
5763
4170
4640
4829
5104
3739
5336
6258
5751
4219
4637
4802
5135
3682
5324
6258
5764
4325
4622
4829
5135
3746
5248
6245
5754
4265
4661
4765
5107
3697
5244
6255
5764
4185
4664
4768
5101
3733
5196
6255
5754
4191
4640
4765
5104
3657
5342
6258
5764
4145
4612
4768
5116
3675
5336
6255
5757
4212
4668
4772
5113
3660
5327
6255
5751
4420
4624
4774
5120
3691
5330
6255
5760
4466
4594
4774
5132
3715
99284
4796
4707
4591
4604
5110
4738
3730
5342
6252
5757
4182
4643
4823
5095
4844
4597
6255
5755
4219
4625
4866
5150
3663
5327
6258
5754
4204
4658
4802
5110
3690
5357
6258
5751
4268
4634
4820
5110
3703
5317
6258
5757
4161
4616
4792
5101
3693
5235
6255
5764
4170
4668
4772
5129
3685
5333
6258
5751
4164
4661
4768
5116
3733
5336
6248
5760
4182
4643
4836
5101
3742
5339
6258
5754
4261
4615
4759
5113
3706
5202
6251
5760
4186
4668
4774
5092
3709
5342
6258
5764
4200
4625
4777
5123
3694
5333
6248
5758
4197
4619
4778
5113
3684
5342
6248
5754
4170
4622
4784
5132
3727
5339
6251
5761
4222
4637
4826
5098
3688
5345
6258
5757
4289
4615
4771
5098
3690
5333
6258
5761
4359
4613
4799
5104
3691
5241
6255
5760
4298
4662
4778
5119
3623
5336
6316
5757
4405
4640
4838
4365
3614
5351
6252
5754
4408
4646
4805
5144
3712
5315
6255
5754
4408
4582
4820
5135
3666
5336
6248
5764
4310
4631
4808
5104
3669
5324
6258
5754
4298
4619
4765
5116
3663
5336
6248
5748
4310
4643
4836
5104
3684
5339
6251
5760
4308
4640
4829
5125
3645
5330
6255
5757
4310
4634
4802
5135
3691
5324
6258
5760
4335
4640
4842
5113
3706
5336
6255
5761
4405
4637
4811
5107
3669
5336
6255
5764
4319
4649
4817
5110
3706
5238
6245
5757
4338
4622
4836
5095
3691
5330
6252
5760
4326
4600
4811
5116
3682
5339
6258
5760
4298
4628
4774
5104
3706
5330
6252
5764
4298
4637
4829
5113
3715
5339
6255
5757
4329
4613
4817
5094
3675
5327
6255
5754
4323
4619
4830
5126
3725
5339
6258
5751
4310
4615
4771
5129
3737
5248
29425
4487
4713
4615
4847
5125
3687
5357
6252
5748
4295
4585
4829
5120
3679
5314
6255
5760
4369
4637
4826
5128
3675
5196
6248
5757
4323
4619
4814
5107
3694
5323
6252
5757
4320
4618
4762
5101
3706
5324
6248
5767
4362
4606
4808
5107
3715
5348
6249
5761
4408
4613
4814
5126
3694
5244
6255
5754
4335
4597
4820
5107
3699
5339
6255
5760
4304
4634
4826
5107
3678
5336
6248
5754
4298
4640
4796
5110
3675
5323
6255
5760
4301
4643
4811
5116
3727
5247
6258
5767
4374
4634
4811
5116
3715
5339
6255
5760
4356
4662
4759
5117
3645
5333
6251
5758
4316
4613
4814
5113
3734
5345
6258
5751
4313
4619
4808
5104
3733
5245
6255
5763
4319
4619
4817
5104
3736
5336
6255
5758
4314
4612
4762
5098
3682
5330
6255
5754
4301
4604
4802
5104
3693
5330
6258
4472
4582
4653
4839
5122
3709
5339
6252
5751
4335
4622
4795
5113
3685
5327
6255
5754
4304
4588
4832
5116
3709
5346
6255
5748
4323
4618
4817
5135
3672
5324
6251
5751
4314
4624
4808
5104
3721
5363
6255
5748
4322
4616
4827
5110
3679
5339
6252
5754
4304
4661
4811
5113
3699
5330
6258
5754
4301
4640
4811
5092
3700
5327
6255
5751
4304
4625
4826
5104
3706
5336
6258
5757
4317
4640
4817
5135
3709
5330
6255
5757
4304
4588
4808
5122
3672
5315
6258
5764
4314
4612
4768
5095
3736
5333
6255
5751
4304
4591
4802
5098
3672
5327
6245
5754
4320
4634
4798
5116
3675
5324
6255
5757
4310
4606
4820
5125
3672
5248
6258
5754
4311
4597
4811
5117
3709
5339
6258
5757
4341
4612
4836
5110
3703
5330
6258
5751
4325
4612
4768
5098
3700
5330
6255
5754
4966
4222
3611
3905
4610
5336
6258
5849
4331
4640
4862
5119
3651
5314
6258
5754
4295
4616
4823
5123
3678
5254
6258
5751
4308
4637
4833
5113
3712
5257
6258
5754
4356
4597
4826
5107
3715
5333
6255
5754
4298
4585
4823
5092
3673
5336
6248
5754
4317
4619
4836
5123
3718
5348
6258
5751
4317
4612
4762
5123
3721
5244
6258
5764
4319
4625
4762
5119
3651
5320
6248
5754
4405
4637
4811
5122
3685
5339
6252
5764
4347
4582
4796
5165
3666
5330
6242
5754
4374
4615
4857
5101
3687
5339
6255
5757
4438
4622
4820
5123
3718
5346
6255
5757
4295
4634
4824
5119
3669
5333
6255
5761
4298
4615
4768
5104
3718
5192
6258
5757
4411
4609
4820
5101
3749
5333
6258
5754
4307
4622
4759
5110
3669
5195
6255
5754
4466
4618
4829
5119
3678
5336
6255
5757
4301
4451
4762
5153
3660
5360
6252
5758
4362
4627
4823
5117
3681
5315
6255
5748
4320
4634
4774
5107
3718
5333
6255
5760
4307
4637
4823
5113
3688
5247
6252
5767
4457
4613
4811
5116
3703
5330
6255
5751
4317
4631
4771
5088
3663
5330
6255
5754
4322
4609
4811
5132
3654
5339
6255
5751
4353
4634
4817
5110
3703
5333
6258
5748
4356
4615
4829
5122
3681
5333
6258
5751
4307
4622
4823
5098
3688
5333
6248
5751
4307
4619
4820
5091
3663
5333
6258
5760
4310
4640
4796
5116
3663
5346
6252
5754
4314
4640
4808
5113
3672
5333
6255
5754
4298
4640
4808
5120
3700
5339
6258
5751
4310
4615
4747
5104
3672
5327
6255
5751
4307
4619
4820
5091
3712
5333
6255
5763
4298
4637
4805
5110
3703
5330
6252
5751
4362
4634
4799
5107
3703
5336
6258
5758
4375
4637
4499
4982
3675
5367
6258
5748
4344
4628
4769
5113
3697
5324
6255
5754
4304
4622
4805
5104
3734
5330
6258
5764
4332
4616
4765
5119
3703
5339
6252
5764
4298
4652
4820
5104
3734
5336
6248
5757
4314
4619
4808
5116
3685
5345
6252
5757
4360
4637
4811
5128
3709
5336
6255
5748
4292
4591
4826
5123
3737
5327
6258
5751
4326
4637
4817
5119
3697
5336
6251
5767
4320
4603
4808
5107
3730
5327
6258
5764
4344
4622
4759
5117
3663
5327
6252
5757
4331
4597
4820
5119
3703
5202
6251
5758
4308
4631
4829
5119
3663
5327
6258
5757
4304
4619
4798
5110
3685
5336
6255
5751
4386
4615
4805
5098
3639
5339
6255
5751
4313
4625
4817
5104
3672
5336
6258
5754
4313
4615
4829
5119
3730
5336
6258
5754
4298
4631
4814
5101
3739
5333
6248
5760
4307
4625
26409
4637
3742
5351
6255
5754
4393
4640
4823
5122
3654
5308
6258
5757
4411
4640
4775
5116
3657
5342
6252
5751
4292
4588
4805
5123
3728
5324
6245
5764
4298
4649
4829
5113
3715
5330
6255
5754
4320
4606
4829
5122
3730
5244
6255
5764
4316
4658
4817
5113
3669
5244
6258
5751
4319
4634
4824
5101
3681
5336
6255
5761
4328
4604
4823
5116
3742
5339
6252
5761
4298
4619
4772
5113
3730
5241
6245
5754
4304
4643
4817
5098
3700
5199
6252
5757
4292
4585
4842
5128
3721
5352
6252
5748
4310
4622
4808
5107
3721
5336
6255
5764
4316
4600
4820
5116
3730
5345
6252
5751
4323
4610
4811
5092
3682
5323
6252
5757
4317
4622
4832
5123
3700
5314
6255
5754
4314
4600
4826
5110
3681
5346
6258
5764
4335
4637
4808
5088
3700
5336
6255
5754
4304
4622
4802
3641
4035
5480
6255
5767
4314
4637
4826
5107
3694
5229
6255
5767
4307
4619
4795
5119
3684
5354
6252
5767
4322
4634
4851
5101
3669
5339
6258
5757
4374
4637
4835
5107
3721
5339
6258
5757
4310
4606
4777
5110
3672
5320
6252
5758
4390
4612
4805
5125
3672
5254
6255
5757
4332
4622
4765
5113
3696
4640
4353
4790
4323
4469
4375
4301
4671
5590
5549
5443
4946
4243
3968
5913
4899
5232
6252
5760
4491
4530
3841
4328
3847
4215
5144
4710
6170
4649
4857
5171
3718
5364
6248
5751
4256
4625
4778
5123
3669
5333
6252
5757
4231
4606
4832
5098
3709
5330
6255
5761
4225
4619
4772
5141
3715
5342
6255
5767
4170
4618
4765
5098
3709
5333
6248
5757
4161
4625
4774
5119
3715
5336
6258
5758
4197
4609
4793
5135
3688
5339
6252
5757
4225
4640
4765
5122
26167
4918
6246
5751
4482
4625
4808
5125
3724
5321
6258
5754
4460
4622
4774
5144
3654
5312
6248
5760
4200
4622
4766
5104
3678
5321
6261
5757
4228
4643
4774
5107
3657
5254
6255
5766
4185
4665
4765
5126
3758
5336
6248
5764
4185
4637
4823
5132
3682
5321
6245
5757
4356
4665
4775
5107
3673
5321
6255
5779
4228
4646
4786
5147
3706
5352
6252
5764
4216
4649
4827
5125
3685
5336
6251
5754
4313
4643
4826
5123
3718
5330
6255
5754
4271
4658
4780
5113
3715
5336
6258
5751
4210
4637
4775
5107
3736
5342
6258
5751
4228
4606
4811
5104
3706
5333
6258
5751
4375
4634
4823
5101
3687
5314
6255
5754
4246
4631
4811
5119
3688
5232
6258
5760
4466
4612
4774
5116
3703
5321
6255
5757
4469
4594
4826
5101
3715
5254
6258
5754
4490
4658
4771
5095
3678
4896
6255
5748
4277
4646
4832
5120
3700
5324
6258
5751
4213
4634
4811
5122
3669
5339
6255
5766
4173
4616
4778
5098
3669
5333
6258
5754
4197
4634
4802
5123
3724
5357
6255
5751
4237
4640
4833
5126
3669
5330
6245
5764
4145
4628
4801
5104
3764
5327
6251
5757
4393
4661
4765
5119
3663
5339
6252
5754
4246
4637
4768
5101
3706
5358
6251
5754
4476
4622
4814
5110
3676
5308
6255
5757
4219
4658
4826
5132
3712
5314
6258
5754
4204
4622
4765
5123
3722
5333
6255
5757
4387
4640
4832
5119
3702
5244
6245
5763
4209
4671
4781
5101
3694
5367
6255
5760
4225
4594
4762
5091
3688
5333
6245
5757
4295
4588
4771
5146
3715
5339
6258
5770
4261
4603
4771
5113
3764
5336
6258
5770
4268
4616
4786
5113
3709
5345
6248
5757
4246
4625
4814
5123
3700
4939
5641
5770
4356
4631
4836
5141
3745
5327
6255
5757
4460
4622
4814
5132
3691
5339
6258
5760
4191
4613
4777
5116
3678
5336
6255
5760
4161
4652
4762
5113
3709
5327
6255
5760
4222
4668
4774
5113
3660
5346
6258
5754
4237
4515
0
0
0
0
0
0
0
0
0
0
0
0
0
0
0
0
0
0
0
0
0
0
0
0
0
0
0
0
0
0
0
0
0
0
0
0
0
0
0
0
0
0
0
0
0
0
0
0
0
0
0
0
0
0
0
0
0
0
0
0
0
0
0
0
0
0
0
0
0
0
0
0
0
0
0
0
0
0
0
0
0
0
0
0
0
0
0
0
0
0
0
0
0
0
0
0
0
0
0
0
0
0
0
0
0
0
0
0
0
0
0
0
0
0
0
0
0
0
0
0
0
0
0
0
0
0
0
0
0
0
0
0
0
0
0
0
0
0
0
0
0
0
0
0
0
0
0
0
0
0
0
0
0
0
0
0
0
0
0
0
0
0
0
0
0
0
0
0
0
0
0
0
0
0
0
0
0
0
0
0
0
0
0
0
0
0
0
0
0
0
0
0
0
0
0
0
0
0
0
0
0
0
0
0
0
0
0
0
0
0
0
0
0
0
0
0
0
0
0
0
0
0
0
0
0
0
0
0
0
0
0
0
0
0
0
0
0
0
0
0
0
0
0
0
0
0
0
0
0
0
0
0
0
0
0
0
0
0
0
0
0
0
0
0
0
0
0
0
0
0
0
0
0
0
0
0
0
0
0
0
0
0
0
0
0
0
0
0
0
0
0
0
0
0
0
0
0
0
0
0
0
0
0
0
0
0
0
0
0
0
0
0
0
0
0
0
0
0
0
0
0
0
0
0
0
0
0
0
0
0
0
0
0
0
0
0
0
0
0
0
0
0
0
0
0
0
0
0
0
0
0
0
0
0
0
0
0
0
0
0
0
0
0
0
0
0
0
0
0
0
0
0
0
0
0
0
0
0
0
0
0
0
0
0
0
0
0
0
0
0
0
0
0
0
0
0
0
0
0
0
0
0
0
0
0
0
0
0
0
0
0
0
0
0
0
0
0
0
0
0
0
0
0
0
0
0
0
0
0
0
0
0
0
0
0
0
0
0
0
0
0
0
0
0
0
0
0
0
0
0
0
0
0
0
0
0
0
0
0
0
0
0
0
0
0
0
0
0
0
0
0
0
0
0
0
0
0
0
0
0
0
0
0
0
0
0
0
0
0
0
0
0
0
0
0
0
0
0
0
0
0
0
0
0
0
0
0
0
0
0
0
0
0
0
0
0
0
0
0
0
0
0
0
0
0
0
0
0
0
0
0
0
0
0
0
0
0
0
0
0
0
0
0
0
0
0
0
0
0
0
0
0
0
0
0
0
0
0
0
0
0
0
0
0
0
0
0
0
0
0
0
0
0
0
0
0
0
0
0
0
0
0
0
0
0
0
0
0
0
0
0
0
0
0
0
0
0
0
0
0
0
0
0
0
0
0
0
0
0
0
0
0
0
0
0
0
0
0
0
0
0
0
0
0
0
0
0
0
0
0
0
0
0
0
0
0
0
0
0
0
0
0
0
0
0
0
0
0
0
0
0
0
0
0
0
0
0
0
0
0
0
0
0
0
0
0
0
0
0
0
0
0
0
0
0
0
0
0
0
0
0
0
0
0
0
0
0
0
0
0
0
0
0
0
0
0
0
0
0
0
0
0
0
0
0
0
0
0
0
0
0
0
0
0
0
0
0
0
0
0
0
0
0
0
0
0
0
0
0
0
0
0
0
0
0
0
0
0
0
0
0
0
0
0
0
0
0
0
0
0
0
0
0
0
0
0
0
0
0
0
0
0
0
0
0
0
0
0
0
0
0
0
0
0
0
0
0
0
0
0
0
0
0
0
0
0
0
0
0
0
0
0
0
0
0
0
0
0
0
0
0
0
0
0
0
0
0
0
0
0
0
0
0
0
0
0
0
0
0
0
0
0
0
0
0
0
0
0
0
0
0
0
0
0
0
0
0
0
0
0
0
0
0
0
0
0
0
0
0
0
0
0
0
0
0
0
0
0
0
0
0
0
0
0
0
0
0
0
0
0
0
0
0
0
0
0
0
0
0
0
0
0
0
0
0
0
0
0
0
0
0
0
0
0
0
0
0
0
0
0
0
0
0
0
0
0
0
0
0
0
0
0
0
0
0
0
0
0
0
0
0
0
0
0
0
0
0
0
0
0
0
0
0
0
0
0
0
0
0
0
0
0
0
0
0
0
0
0
0
0
0
0
0
0
0
0
0
0
0
0
0
0
0
0
0
0
0
0
0
0
0
0
0
0
0
0
0
0
0
0
0
0
0
0
0
0
0
0
0
0
0
0
0
0
0
0
0
0
0
0
0
0
0
0
0
0
0
0
0
0
0
0
0
0
0
0
0
0
0
0
0
0
0
0
0
0
0
0
0
0
0
0
0
0
0
0
0
0
0
0
0
0
0
0
0
0
0
0
0
0
0
0
0
0
0
0
0
0
0
0
0
0
0
0
0
0
0
0
0
0
0
0
0
0
0
0
0
0
0
0
0
0
0
0
0
0
0
0
0
0
0
0
0
0
0
0
0
0
0
0
0
0
0
0
0
0
0
0
0
0
0
0
0
0
0
0
0
0
0
0
0
0
0
0
0
0
0
0
0
0
0
0
0
0
0
0
0
0
0
0
0
0
0
0
0
0
0
0
0
0
0
0
0
0
0
0
0
0
0
0
0
0
0
0
0
0
0
0
0
0
0
0
0
0
0
0
0
0
0
0
0
0
0
0
0
0
0
0
0
0
0
0
0
0
0
0
0
0
0
0
0
0
0
0
0
0
0
0
0
0
0
0
0
0
0
0
0
0
0
0
0
0
0
0
0
0
0
0
0
0
0
0
0
0
0
0
0
0
0
0
0
0
0
0
0
0
0
0
0
0
0
0
0
0
0
0
0
0
0
0
0
0
0
0
0
0
0
0
0
0
0
0
0
0
0
0
0
0
0
0
0
0
0
0
0
0
0
0
0
0
0
0
0
0
0
0
0
0
0
0
0
0
0
0
0
0
0
0
0
0
0
0
0
0
0
0
0
0
0
0
0
0
0
0
0
0
0
0
0
0
0
0
0
0
0
0
0
0
0
0
0
0
0
0
0
0
0
0
0
0
0
0
0
0
0
0
0
0
0
0
0
0
0
0
0
0
0
0
0
0
0
0
0
0
0
0
0
0
0
0
0
0
0
0
0
0
0
0
0
0
0
0
0
0
0
0
0
0
0
0
0
0
0
0
0
0
0
0
0
0
0
0
0
0
0
0
0
0
0
0
0
0
0
0
0
0
0
0
0
0
0
0
0
0
0
0
0
0
0
0
0
0
0
0
0
0
0
0
0
0
0
0
0
0
0
0
0
0
0
0
0
0
0
0
0
0
0
0
0
0
0
0
0
0
0
0
0
0
0
0
0
0
0
0
0
0
0
0
0
0
0
0
0
0
0
0
0
0
0
0
0
0
0
0
0
0
0
0
0
0
0
0
0
0
0
0
0
0
0
0
0
0
0
0
0
0
0
0
0
0
0
0
0
0
0
0
0
0
0
0
0
0
0
0
0
0
0
0
0
0
0
0
0
0
0
0
0
0
0
0
0
0
0
0
0
0
0
0
0
0
0
0
0
0
0
0
0
0
0
0
0
0
0
0
0
0
0
0
0
0
0
0
0
0
0
0
0
0
0
0
0
0
0
0
0
0
0
0
0
0
0
0
0
0
0
0
0
0
0
0
0
0
0
0
0
0
0
0
0
0
0
0
0
0
0
0
0
0
0
0
0
0
0
0
0
0
0
0
0
0
0
0
0
0
0
0
0
0
0
0
0
0
0
0
0
0
0
0
0
0
0
0
0
0
0
0
0
0
0
0
0
0
0
0
0
0
0
0
0
0
0
0
0
0
0
0
0
0
0
0
0
0
0
0
0
0
0
0
0
0
0
0
0
0
0
0
0
0
0
0
0
0
0
0
0
0
0
0
0
0
0
0
0
0
0
0
0
0
0
0
0
0
0
0
0
0
0
0
0
0
0
0
0
0
0
0
0
0
0
0
0
0
0
0
0
0
0
0
0
0
0
0
0
0
0
0
0
0
0
0
0
0
0
0
0
0
0
0
0
0
0
0
0
0
0
0
0
0
0
0
0
0
0
0
0
0
0
0
0
0
0
0
0
0
0
0
0
0
0
0
0
0
0
0
0
0
0
0
0
0
0
0
0
0
0
0
0
0
0
0
0
0
0
0
0
0
0
0
0
0
0
0
0
0
0
0
0
0
0
0
0
0
0
0
0
0
0
0
0
0
0
0
0
0
0
0
0
0
0
0
0
0
0
0
0
0
0
0
0
0
0
0
0
0
0
0
0
0
0
0
0
0
0
0
0
0
0
0
0
0
0
0
0
0
0
0
0
0
0
0
0
0
0
0
0
0
0
0
0
0
0
0
0
0
0
0
0
0
0
0
0
0
0
0
0
0
0
0
0
0
0
0
0
0
0
0
0
0
0
0
0
0
0
0
0
0
0
0
0
0
0
0
0
0
0
0
0
0
0
0
0
0
0
0
0
0
0
0
0
0
0
0
0
0
0
0
0
0
0
0
0
0
0
0
0
0
0
0
0
0
0
0
0
0
0
0
0
0
0
0
0
0
0
0
0
0
0
0
0
0
0
0
0
0
0
0
0
0
0
0
0
0
0
0
0
0
0
0
0
0
0
0
0
0
0
0
0
0
0
0
0
0
0
0
0
0
0
0
0
0
0
0
0
0
0
0
0
0
0
0
0
0
0
0
0
0
0
0
0
0
0
0
0
0
0
0
0
0
0
0
0
0
0
0
0
0
0
0
0
0
0
0
0
0
0
0
0
0
0
0
0
0
0
0
0
0
0
0
0
0
0
0
0
0
0
0
0
0
0
0
0
0
0
0
0
0
0
0
0
0
0
0
0
0
0
0
0
0
0
0
0
0
0
0
0
0
0
0
0
0
0
0
0
0
0
0
0
0
0
0
0
0
0
0
0
0
0
0
0
0
0
0
0
0
0
0
0
0
0
0
0
0
0
0
0
0
0
0
0
0
0
0
0
0
0
0
0
0
0
0
0
0
0
0
0
0
0
0
0
0
0
0
0
0
0
0
0
0
0
0
0
0
0
0
0
0
0
0
0
0
0
0
0
0
0
0
0
0
0
0
0
0
0
0
0
0
0
0
0
0
0
0
0
0
0
0
0
0
0
0
0
0
0
0
0
0
0
0
0
0
0
0
0
0
0
0
0
0
0
0
0
0
0
0
0
0
0
0
0
0
0
0
0
0
0
0
0
0
0
0
0
0
0
0
0
0
0
0
0
0
0
0
0
0
0
0
0
0
0
0
0
0
0
0
0
0
0
0
0
0
0
0
0
0
0
0
0
0
0
0
0
0
0
0
0
0
0
0
0
0
0
0
0
0
0
0
0
0
0
0
0
0
0
0
0
0
0
0
0
0
0
0
0
0
0
0
0
0
0
0
0
0
0
0
0
0
0
0
0
0
0
0
0
0
0
0
0
0
0
0
0
0
0
0
0
0
0
0
0
0
0
0
0
0
0
0
0
0
0
0
0
0
0
0
0
0
0
0
0
0
0
0
0
0
0
0
0
0
0
0
0
0
0
0
0
0
0
0
0
0
0
0
0
0
0
0
0
0
0
0
0
0
0
0
0
0
0
0
0
0
0
0
0
0
0
0
0
0
0
0
0
0
0
0
0
0
0
0
0
0
0
0
0
0
0
0
0
0
0
0
0
0
0
0
0
0
0
0
0
0
0
0
0
0
0
0
0
0
0
0
0
0
0
0
0
0
0
0
0
0
0
0
0
0
0
0
0
0
0
0
0
0
0
0
0
0
0
0
0
0
0
0
0
0
0
0
0
0
0
0
0
0
0
0
0
0
0
0
0
0
0
0
0
0
0
0
0
0
0
0
0
0
0
0
0
0
0
0
0
0
0
0
0
0
0
0
0
0
0
0
0
0
0
0
0
0
0
0
0
0
0
0
0
0
0
0
0
0
0
0
0
0
0
0
0
0
0
0
0
0
0
0
0
0
0
0
0
0
0
0
0
0
0
0
0
0
0
0
0
0
0
0
0
0
0
0
0
0
0
0
0
0
0
0
0
0
0
0
0
0
0
0
0
0
0
0
0
0
0
0
0
0
0
0
0
0
0
0
0
0
0
0
0
0
0
0
0
0
0
0
0
0
0
0
0
0
0
0
0
0
0
0
0
0
0
0
0
0
0
0
0
0
0
0
0
0
0
0
0
0
0
0
0
0
0
0
0
0
0
0
0
0
0
0
0
0
0
0
0
0
0
0
0
0
0
0
0
0
0
0
0
0
0
0
0
0
0
0
0
0
0
0
0
0
0
0
0
0
0
0
0
0
0
0
0
0
0
0
0
0
0
0
0
0
0
0
0
0
0
0
0
0
0
0
0
0
0
0
0
0
0
0
0
0
0
0
0
0
0
0
0
0
0
0
0
0
0
0
0
0
0
0
0
0
0
0
0
0
0
0
0
0
0
0
0
0
0
0
0
0
0
0
0
0
0
0
0
0
0
0
0
0
0
0
0
0
0
0
0
0
0
0
0
0
0
0
0
0
0
0
0
0
0
0
0
0
0
0
0
0
0
0
0
0
0
0
0
0
0
0
0
0
0
0
0
0
0
0
0
0
0
0
0
0
0
0
0
0
0
0
0
0
0
0
0
0
0
0
0
0
0
0
0
0
0
0
0
0
0
0
0
0
0
0
0
0
0
0
0
0
0
0
0
0
0
0
0
0
0
0
0
0
0
0
0
0
0
0
0
0
0
0
0
0
0
0
0
0
0
0
0
0
0
0
0
0
0
0
0
0
0
0
0
0
0
0
0
0
0
0
0
0
0
0
0
0
0
0
0
0
0
0
0
0
0
0
0
0
0
0
0
0
0
0
0
0
0
0
0
0
0
0
0
0
0
0
0
0
0
0
0
0
0
0
0
0
0
0
0
0
0
0
0
0
0
0
0
0
0
0
0
0
0
0
0
0
0
0
0
0
0
0
0
0
0
0
0
0
0
0
0
0
0
0
0
0
0
0
0
0
0
0
0
0
0
0
0
0
0
0
0
0
0
0
0
0
0
0
0
0
0
0
0
0
0
0
0
0
0
0
0
0
0
0
0
0
0
0
0
0
0
0
0
0
0
0
0
0
0
0
0
0
0
0
0
0
0
0
0
0
0
0
0
0
0
0
0
0
0
0
0
0
0
0
0
0
0
0
0
0
0
0
0
0
0
0
0
0
0
0
0
0
0
0
0
0
0
0
0
0
0
0
0
0
0
0
0
0
0
0
0
0
0
0
0
0
0
0
0
0
0
0
0
0
0
0
0
0
0
0
0
0
0
0
0
0
0
0
0
0
0
0
0
0
0
0
0
0
0
0
0
0
0
0
0
0
0
0
0
0
0
0
0
0
0
0
0
0
0
0
0
0
0
0
0
0
0
0
0
0
0
0
0
0
0
0
0
0
0
0
0
0
0
0
0
0
0
0
0
0
0
0
0
0
0
0
0
0
0
0
0
0
0
0
0
0
0
0
0
0
0
0
0
0
0
0
0
0
0
0
0
0
0
0
0
0
0
0
0
0
0
0
0
0
0
0
0
0
0
0
0
0
0
0
0
0
0
0
0
0
0
0
0
0
0
0
0
0
0
0
0
0
0
0
0
0
0
0
0
0
0
0
0
0
0
0
0
0
0
0
0
0
0
0
0
0
0
0
0
0
0
0
0
0
0
0
0
0
0
0
0
0
0
0
0
0
0
0
0
0
0
0
0
0
0
0
0
0
0
0
0
0
0
0
0
0
0
0
0
0
0
0
0
0
0
0
0
0
0
0
0
0
0
0
0
0
0
0
0
0
0
0
0
0
0
0
0
0
0
0
0
0
0
0
0
0
0
0
0
0
0
0
0
0
0
0
0
0
0
0
0
0
0
0
0
0
0
0
0
0
0
0
0
0
0
0
0
0
0
0
0
0
0
0
0
0
0
0
0
0
0
0
0
0
0
0
0
0
0
0
0
0
0
0
0
0
0
0
0
0
0
0
0
0
0
0
0
0
0
0
0
0
0
0
0
0
0
0
0
0
0
0
0
0
0
0
0
0
0
0
0
0
0
0
0
0
0
0
0
0
0
0
0
0
0
0
0
0
0
0
0
0
0
0
0
0
0
0
0
0
0
0
0
0
0
0
0
0
0
0
0
0
0
0
0
0
0
0
0
0
0
0
0
0
0
0
0
0
0
0
0
0
0
0
0
0
0
0
0
0
0
0
0
0
0
0
0
0
0
0
0
0
0
0
0
0
0
0
0
0
0
0
0
0
0
0
0
0
0
0
0
0
0
0
0
0
0
0
0
0
0
0
0
0
0
0
0
0
0
0
0
0
0
0
0
0
0
0
0
0
0
0
0
0
0
0
0
0
0
0
0
0
0
0
0
0
0
0
0
0
0
0
0
0
0
0
0
0
0
0
0
0
0
0
0
0
0
0
0
0
0
0
0
0
0
0
0
0
0
0
0
0
0
0
0
0
0
0
0
0
0
0
0
0
0
0
0
0
0
0
0
0
0
0
0
0
0
0
0
0
0
0
0
0
0
0
0
0
0
0
0
0
0
0
0
0
0
0
0
0
0
0
0
0
0
0
0
0
0
0
0
0
0
0
0
0
0
0
0
0
0
0
0
0
0
0
0
0
0
0
0
0
0
0
0
0
0
0
0
0
0
0
0
0
0
0
0
0
0
0
0
0
0
0
0
0
0
0
0
0
0
0
0
0
0
0
0
0
0
0
0
0
0
0
0
0
0
0
0
0
0
0
0
0
0
0
0
0
0
0
0
0
0
0
0
0
0
0
0
0
0
0
0
0
0
0
0
0
0
0
0
0
0
0
0
0
0
0
0
0
0
0
0
0
0
0
0
0
0
0
0
0
0
0
0
0
0
0
0
0
0
0
0
0
0
0
0
0
0
0
0
0
0
0
0
0
0
0
0
0
0
0
0
0
0
0
0
0
0
0
0
0
0
0
0
0
0
0
0
0
0
0
0
0
0
0
0
0
0
0
0
0
0
0
0
0
0
0
0
0
0
0
0
0
0
0
0
0
0
0
0
0
0
0
0
0
0
0
0
0
0
0
0
0
0
0
0
0
0
0
0
0
0
0
0
0
0
0
0
0
0
0
0
0
0
0
0
0
0
0
0
0
0
0
0
0
0
0
0
0
0
0
0
0
0
0
0
0
0
0
0
0
0
0
0
0
0
0
0
0
0
0
0
0
0
0
0
0
0
0
0
0
0
0
0
0
0
0
0
0
0
0
0
0
0
0
0
0
0
0
0
0
0
0
0
0
0
0
0
0
0
0
0
0
0
0
0
0
0
0
0
0
0
0
0
0
0
0
0
0
0
0
0
0
0
0
0
0
0
0
0
0
0
0
0
0
0
0
0
0
0
0
0
0
0
0
0
0
0
0
0
0
0
0
0
0
0
0
0
0
0
0
0
0
0
0
0
0
0
0
0
0
0
0
0
0
0
0
0
0
0
0
0
0
0
0
0
0
0
0
0
0
0
0
0
0
0
0
0
0
0
0
0
0
0
0
0
0
0
0
0
0
0
0
0
0
0
0
0
0
0
0
0
0
0
0
0
0
0
0
0
0
0
0
0
0
0
0
0
0
0
0
0
0
0
0
0
0
0
0
0
0
0
0
0
0
0
0
0
0
0
0
0
0
0
0
0
0
0
0
0
0
0
0
0
0
0
0
0
0
0
0
0
0
0
0
0
0
0
0
0
0
0
0
0
0
0
0
0
0
0
0
0
0
0
0
0
0
0
0
0
0
0
0
0
0
0
0
0
0
0
0
0
0
0
0
0
0
0
0
0
0
0
0
0
0
0
0
0
0
0
0
0
0
0
0
0
0
0
0
0
0
0
0
0
0
0
0
0
0
0
0
0
0
0
0
0
0
0
0
0
0
0
0
0
0
0
0
0
0
0
0
0
0
0
0
0
0
0
0
0
0
0
0
0
0
0
0
0
0
0
0
0
0
0
0
0
0
0
0
0
0
0
0
0
0
0
0
0
0
0
0
0
0
0
0
0
0
0
0
0
0
0
0
0
0
0
0
0
0
0
0
0
0
0
0
0
0
0
0
0
0
0
0
0
0
0
0
0
0
0
0
0
0
0
0
0
0
0
0
0
0
0
0
0
0
0
0
0
0
0
0
0
0
0
0
0
0
0
0
0
0
0
0
0
0
0
0
0
0
0
0
0
0
0
0
0
0
0
0
0
0
0
0
0
0
0
0
0
0
0
0
0
0
0
0
0
0
0
0
0
0
0
0
0
0
0
0
0
0
0
0
0
0
0
0
0
0
0
0
0
0
0
0
0
0
0
0
0
0
0
0
0
0
0
0
0
0
0
0
0
0
0
0
0
0
0
0
0
0
0
0
0
0
0
0
0
0
0
0
0
0
0
0
0
0
0
0
0
0
0
0
0
0
0
0
0
0
0
0
0
0
0
0
0
0
0
0
0
0
0
0
0
0
0
0
0
0
0
0
0
0
0
0
0
0
0
0
0
0
0
0
0
0
0
0
0
0
0
0
0
0
0
0
0
0
0
0
0
0
0
0
0
0
0
0
0
0
0
0
0
0
0
0
0
0
0
0
0
0
0
0
0
0
0
0
0
0
0
0
0
0
0
0
0
0
0
0
0
0
0
0
0
0
0
0
0
0
0
0
0
0
0
0
0
0
0
0
0
0
0
0
0
0
0
0
0
0
0
0
0
0
0
0
0
0
0
0
0
0
0
0
0
0
0
0
0
0
0
0
0
0
0
0
0
0
0
0
0
0
0
0
0
0
0
0
0
0
0
0
0
0
0
0
0
0
0
0
0
0
0
0
0
0
0
0
0
0
0
0
0
0
0
0
0
0
0
0
0
0
0
0
0
0
0
0
0
0
0
0
0
0
0
0
0
0
0
0
0
0
0
0
0
0
0
0
0
0
0
0
0
0
0
0
0
0
0
0
0
0
0
0
0
0
0
0
0
0
0
0
0
0
0
0
0
0
0
0
0
0
0
0
0
0
0
0
0
0
0
0
0
0
0
0
0
0
0
0
0
0
0
0
0
0
0
0
0
0
0
0
0
0
0
0
0
0
0
0
0
0
0
0
0
0
0
0
0
0
0
0
0
0
0
0
0
0
0
0
0
0
0
0
0
0
0
0
0
0
0
0
0
0
0
0
0
0
0
0
0
0
0
0
0
0
0
0
0
0
0
0
0
0
0
0
0
0
0
0
0
0
0
0
0
0
0
0
0
0
0
0
0
0
0
0
0
0
0
0
0
0
0
0
0
0
0
0
0
0
0
0
0
0
0
0
0
0
0
0
0
0
0
0
0
0
0
0
0
0
0
0
0
0
0
0
0
0
0
0
0
0
0
0
0
0
0
0
0
0
0
0
0
0
0
0
0
0
0
0
0
0
0
0
0
0
0
0
0
0
0
0
0
0
0
0
0
0
0
0
0
0
0
0
0
0
0
0
0
0
0
0
0
0
0
0
0
0
0
0
0
0
0
0
0
0
0
0
0
0
0
0
0
0
0
0
0
0
0
0
0
0
0
0
0
0
0
0
0
0
0
0
0
0
0
0
0
0
0
0
0
0
0
0
0
0
0
0
0
0
0
0
0
0
0
0
0
0
0
0
0
0
0
0
0
0
0
0
0
0
0
0
0
0
0
0
0
0
0
0
0
0
0
0
0
0
0
0
0
0
0
0
0
0
0
0
0
0
0
0
0
0
0
0
0
0
0
0
0
0
0
0
0
0
0
0
0
0
0
0
0
0
0
0
0
0
0
0
0
0
0
0
0
0
0
0
0
0
0
0
0
0
0
0
0
0
0
0
0
0
0
0
0
0
0
0
0
0
0
0
0
0
0
0
0
0
0
0
0
0
0
0
0
0
0
0
0
0
0
0
0
0
0
0
0
0
0
0
0
0
0
0
0
0
0
0
0
0
0
0
0
0
0
0
0
0
0
0
0
0
0
0
0
0
0
0
0
0
0
0
0
0
0
0
0
0
0
0
0
0
0
0
0
0
0
0
0
0
0
0
0
0
0
0
0
0
0
0
0
0
0
0
0
0
0
0
0
0
0
0
0
0
0
0
0
0
0
0
0
0
0
0
0
0
0
0
0
0
0
0
0
0
0
0
0
0
0
0
0
0
0
0
0
0
0
0
0
0
0
0
0
0
0
0
0
0
0
0
0
0
0
0
0
0
0
0
0
0
0
0
0
0
0
0
0
0
0
0
0
0
0
0
0
0
0
0
0
0
0
0
0
0
0
0
0
0
0
0
0
0
0
0
0
0
0
0
0
0
0
0
0
0
0
0
0
0
0
0
0
0
0
0
0
0
0
0
0
0
0
0
0
0
0
0
0
0
0
0
0
0
0
0
0
0
0
0
0
0
0
0
0
0
0
0
0
0
0
0
0
0
0
0
0
0
0
0
0
0
0
0
0
0
0
0
0
0
0
0
0
0
0
0
0
0
0
0
0
0
0
0
0
0
0
0
0
0
0
0
0
0
0
0
0
0
0
0
0
0
0
0
0
0
0
0
0
0
0
0
0
0
0
0
0
0
0
0
0
0
0
0
0
0
0
0
0
0
0
0
0
0
0
0
0
0
0
0
0
0
0
0
0
0
0
0
0
0
0
0
0
0
0
0
0
0
0
0
0
0
0
0
0
0
0
0
0
0
0
0
0
0
0
0
0
0
0
0
0
0
0
0
0
0
0
0
0
0
0
0
0
0
0
0
0
0
0
0
0
0
0
0
0
0
0
0
0
0
0
0
0
0
0
0
0
0
0
0
0
0
0
0
0
0
0
0
0
0
0
0
0
0
0
0
0
0
0
0
0
0
0
0
0
0
0
0
0
0
0
0
0
0
0
0
0
0
0
0
0
0
0
0
0
0
0
0
0
0
0
0
0
0
0
0
0
0
0
0
0
0
0
0
0
0
0
0
0
0
0
0
0
0
0
0
0
0
0
0
0
0
0
0
0
0
0
0
0
0
0
0
0
0
0
0
0
0
0
0
0
0
0
0
0
0
0
0
0
0
0
0
0
0
0
0
0
0
0
0
0
0
0
0
0
0
0
0
0
0
0
0
0
0
0
0
0
0
0
0
0
0
0
0
0
0
0
0
0
0
0
0
0
0
0
0
0
0
0
0
0
0
0
0
0
0
0
0
0
0
0
0
0
0
0
0
0
0
0
0
0
0
0
0
0
0
0
0
0
0
0
0
0
0
0
0
0
0
0
0
0
0
0
0
0
0
0
0
0
0
0
0
0
0
0
0
0
0
0
0
0
0
0
0
0
0
0
0
0
0
0
0
0
0
0
0
0
0
0
0
0
0
0
0
0
0
0
0
0
0
0
0
0
0
0
0
0
0
0
0
0
0
0
0
0
0
0
0
0
0
0
0
0
0
0
0
0
0
0
0
0
0
0
0
0
0
0
0
0
0
0
0
0
0
0
0
0
0
0
0
0
0
0
0
0
0
0
0
0
0
0
0
0
0
0
0
0
0
0
0
0
0
0
0
0
0
0
0
0
0
0
0
0
0
0
0
0
0
0
0
0
0
0
0
0
0
0
0
0
0
0
0
0
0
0
0
0
0
0
0
0
0
0
0
0
0
0
0
0
0
0
0
0
0
0
0
0
0
0
0
0
0
0
0
0
0
0
0
0
0
0
0
0
0
0
0
0
0
0
0
0
0
0
0
0
0
0
0
0
0
0
0
0
0
0
0
0
0
0
0
0
0
0
0
0
0
0
0
0
0
0
0
0
0
0
0
0
0
0
0
0
0
0
0
0
0
0
0
0
0
0
0
0
0
0
0
0
0
0
0
0
0
0
0
0
0
0
0
0
0
0
0
0
0
0
0
0
0
0
0
0
0
0
0
0
0
0
0
0
0
0
0
0
0
0
0
0
0
0
0
0
0
0
0
0
0
0
0
0
0
0
0
0
0
0
0
0
0
0
0
0
0
0
0
0
0
0
0
0
0
0
0
0
0
0
0
0
0
0
0
0
0
0
0
0
0
0
0
0
0
0
0
0
0
0
0
0
0
0
0
0
0
0
0
0
0
0
0
0
0
0
0
0
0
0
0
0
0
0
0
0
0
0
0
0
0
0
0
0
0
0
0
0
0
0
0
0
0
0
0
0
0
0
0
0
0
0
0
0
0
0
0
0
0
0
0
0
0
0
0
0
0
0
0
0
0
0
0
0
0
0
0
0
0
0
0
0
0
0
0
0
0
0
0
0
0
0
0
0
0
0
0
0
0
0
0
0
0
0
0
0
0
0
0
0
0
0
0
0
0
0
0
0
0
0
0
0
0
0
0
0
0
0
0
0
0
0
0
0
0
0
0
0
0
0
0
0
0
0
0
0
0
0
0
0
0
0
0
0
0
0
0
0
0
0
0
0
0
0
0
0
0
0
0
0
0
0
0
0
0
0
0
0
0
0
0
0
0
0
0
0
0
0
0
0
0
0
0
0
0
0
0
0
0
0
0
0
0
0
0
0
0
0
0
0
0
0
0
0
0
0
0
0
0
0
0
0
0
0
0
0
0
0
0
0
0
0
0
0
0
0
0
0
0
0
0
0
0
0
0
0
0
0
0
0
0
0
0
0
0
0
0
0
0
0
0
0
0
0
0
0
0
0
0
0
0
0
0
0
0
0
0
0
0
0
0
0
0
0
0
0
0
0
0
0
0
0
0
0
0
0
0
0
0
0
0
0
0
0
0
0
0
0
0
0
0
0
0
0
0
0
0
0
0
0
0
0
0
0
0
0
0
0
0
0
0
0
0
0
0
0
0
0
0
0
0
0
0
0
0
0
0
0
0
0
0
0
0
0
0
0
0
0
0
0
0
0
0
0
0
0
0
0
0
0
0
0
0
0
0
0
0
0
0
0
0
0
0
0
0
0
0
0
0
0
0
0
0
0
0
0
0
0
0
0
0
0
0
0
0
0
0
0
0
0
0
0
0
0
0
0
0
0
0
0
0
0
0
0
0
0
0
0
0
0
0
0
0
0
0
0
0
0
0
0
0
0
0
0
0
0
0
0
0
0
0
0
0
0
0
0
0
0
0
0
0
0
0
0
0
0
0
0
0
0
0
0
0
0
0
0
0
0
0
0
0
0
0
0
0
0
0
0
0
0
0
0
0
0
0
0
0
0
0
0
0
0
0
0
0
0
0
0
0
0
0
0
0
0
0
0
0
0
0
0
0
0
0
0
0
0
0
0
0
0
0
0
0
0
0
0
0
0
0
0
0
0
0
0
0
0
0
0
0
0
0
0
0
0
0
0
0
0
0
0
0
0
0
0
0
0
0
0
0
0
0
0
0
0
0
0
0
0
0
0
0
0
0
0
0
0
0
0
0
0
0
0
0
0
0
0
0
0
0
0
0
0
0
0
0
0
0
0
0
0
0
0
0
0
0
0
0
0
0
0
0
0
0
0
0
0
0
0
0
0
0
0
0
0
0
0
0
0
0
0
0
0
0
0
0
0
0
0
0
0
0
0
0
0
0
0
0
0
0
0
0
0
0
0
0
0
0
0
0
0
0
0
0
0
0
0
0
0
0
0
0
0
0
0
0
0
0
0
0
0
0
0
0
0
0
0
0
0
0
0
0
0
0
0
0
0
0
0
0
0
0
0
0
0
0
0
0
0
0
0
0
0
0
0
0
0
0
0
0
0
0
0
0
0
0
0
0
0
0
0
0
0
0
0
0
0
0
0
0
0
0
0
0
0
0
0
0
0
0
0
0
0
0
0
0
0
0
0
0
0
0
0
0
0
0
0
0
0
0
0
0
0
0
0
0
0
0
0
0
0
0
0
0
0
0
0
0
0
0
0
0
0
0
0
0
0
0
0
0
0
0
0
0
0
0
0
0
0
0
0
0
0
0
0
0
0
0
0
0
0
0
0
0
0
0
0
0
0
0
0
0
0
0
0
0
0
0
0
0
0
0
0
0
0
0
0
0
0
0
0
0
0
0
0
0
0
0
0
0
0
0
0
0
0
0
0
0
0
0
0
0
0
0
0
0
0
0
0
0
0
0
0
0
0
0
0
0
0
0
0
0
0
0
0
0
0
0
0
0
0
0
0
0
0
0
0
0
0
0
0
0
0
0
0
0
0
0
0
0
0
0
0
0
0
0
0
0
0
0
0
0
0
0
0
0
0
0
0
0
0
0
0
0
0
0
0
0
0
0
0
0
0
0
0
0
0
0
0
0
0
0
0
0
0
0
0
0
0
0
0
0
0
0
0
0
0
0
0
0
0
0
0
0
0
0
0
0
0
0
0
0
0
0
0
0
0
0
0
0
0
0
0
0
0
0
0
0
0
0
0
0
0
0
0
0
0
0
0
0
0
0
0
0
0
0
0
0
0
0
0
0
0
0
0
0
0
0
0
0
0
0
0
0
0
0
0
0
0
0
0
0
0
0
0
0
0
0
0
0
0
0
0
0
0
0
0
0
0
0
0
0
0
0
0
0
0
0
0
0
0
0
0
0
0
0
0
0
0
0
0
0
0
0
0
0
0
0
0
0
0
0
0
0
0
0
0
0
0
0
0
0
0
0
0
0
0
0
0
0
0
0
0
0
0
0
0
0
0
0
0
0
0
0
0
0
0
0
0
0
0
0
0
0
0
0
0
0
0
0
0
0
0
0
0
0
0
0
0
0
0
0
0
0
0
0
0
0
0
0
0
0
0
0
0
0
0
0
0
0
0
0
0
0
0
0
0
0
0
0
0
0
0
0
0
0
0
0
0
0
0
0
0
0
0
0
0
0
0
0
0
0
0
0
0
0
0
0
0
0
0
0
0
0
0
0
0
0
0
0
0
0
0
0
0
0
0
0
0
0
0
0
0
0
0
0
0
0
0
0
0
0
0
0
0
0
0
0
0
0
0
0
0
0
0
0
0
0
0
0
0
0
0
0
0
0
0
0
0
0
0
0
0
0
0
0
0
0
0
0
0
0
0
0
0
0
0
0
0
0
0
0
0
0
0
0
0
0
0
0
0
0
0
0
0
0
0
0
0
0
0
0
0
0
0
0
0
0
0
0
0
0
0
0
0
0
0
0
0
0
0
0
0
0
0
0
0
0
0
0
0
0
0
0
0
0
0
0
0
0
0
0
0
0
0
0
0
0
0
0
0
0
0
0
0
0
0
0
0
0
0
0
0
0
0
0
0
0
0
0
0
0
0
0
0
0
0
0
0
0
0
0
0
0
0
0
0
0
0
0
0
0
0
0
0
0
0
0
0
0
0
0
0
0
0
0
0
0
0
0
0
0
0
0
0
0
0
0
0
0
0
0
0
0
0
0
0
0
0
0
0
0
0
0
0
0
0
0
0
0
0
0
0
0
0
0
0
0
0
0
0
0
0
0
0
0
0
0
0
0
0
0
0
0
0
0
0
0
0
0
0
0
0
0
0
0
0
0
0
0
0
0
0
0
0
0
0
0
0
0
0
0
0
0
0
0
0
0
0
0
0
0
0
0
0
0
0
0
0
0
0
0
0
0
0
0
0
0
0
0
0
0
0
0
0
0
0
0
0
0
0
0
0
0
0
0
0
0
0
0
0
0
0
0
0
0
0
0
0
0
0
0
0
0
0
0
0
0
0
0
0
0
0
0
0
0
0
0
0
0
0
0
0
0
0
0
0
0
0
0
0
0
0
0
0
0
0
0
0
0
0
0
0
0
0
0
0
0
0
0
0
0
0
0
0
0
0
0
0
0
0
0
0
0
0
0
0
0
0
0
0
0
0
0
0
0
0
0
0
0
0
0
0
0
0
0
0
0
0
0
0
0
0
0
0
0
0
0
0
0
0
0
0
0
0
0
0
0
0
0
0
0
0
0
0
0
0
0
0
0
0
0
0
0
0
0
0
0
0
0
0
0
0
0
0
0
0
0
0
0
0
0
0
0
0
0
0
0
0
0
0
0
0
0
0
0
0
0
0
0
0
0
0
0
0
0
0
0
0
0
0
0
0
0
0
0
0
0
0
0
0
0
0
0
0
0
0
0
0
0
0
0
0
0
0
0
0
0
0
0
0
0
0
0
0
0
0
0
0
0
0
0
0
0
0
0
0
0
0
0
0
0
0
0
0
0
0
0
0
0
0
0
0
0
0
0
0
0
0
0
0
0
0
0
0
0
0
0
0
0
0
0
0
0
0
0
0
0
0
0
0
0
0
0
0
0
0
0
0
0
0
0
0
0
0
0
0
0
0
0
0
0
0
0
0
0
0
0
0
0
0
0
0
0
0
0
0
0
0
0
0
0
0
0
0
0
0
0
0
0
0
0
0
0
0
0
0
0
0
0
0
0
0
0
0
0
0
0
0
0
0
0
0
0
0
0
0
0
0
0
0
0
0
0
0
0
0
0
0
0
0
0
0
0
0
0
0
0
0
0
0
0
0
0
0
0
0
0
0
0
0
0
0
0
0
0
0
0
0
0
0
0
0
0
0
0
0
0
0
0
0
0
0
0
0
0
0
0
0
0
0
0
0
0
0
0
0
0
0
0
0
0
0
0
0
0
0
0
0
0
0
0
0
0
0
0
0
0
0
0
0
0
0
0
0
0
0
0
0
0
0
0
0
0
0
0
0
0
0
0
0
0
0
0
0
0
0
0
0
0
0
0
0
0
0
0
0
0
0
0
0
0
0
0
0
0
0
0
0
0
0
0
0
0
0
0
0
0
0
0
0
0
0
0
0
0
0
0
0
0
0
0
0
0
0
0
0
0
0
0
0
0
0
0
0
0
0
0
0
0
0
0
0
0
0
0
0
0
0
0
0
0
0
0
0
0
0
0
0
0
0
0
0
0
0
0
0
0
0
0
0
0
0
0
0
0
0
0
0
0
0
0
0
0
0
0
0
0
0
0
0
0
0
0
0
0
0
0
0
0
0
0
0
0
0
0
0
0
0
0
0
0
0
0
0
0
0
0
0
0
0
0
0
0
0
0
0
0
0
0
0
0
0
0
0
0
0
0
0
0
0
0
0
0
0
0
0
0
0
0
0
0
0
0
0
0
0
0
0
0
0
0
0
0
0
0
0
0
0
0
0
0
0
0
0
0
0
0
0
0
0
0
0
0
0
0
0
0
0
0
0
0
0
0
0
0
0
0
0
0
0
0
0
0
0
0
0
0
0
0
0
0
0
0
0
0
0
0
0
0
0
0
0
0
0
0
0
0
0
0
0
0
0
0
0
0
0
0
0
0
0
0
0
0
0
0
0
0
0
0
0
0
0
0
0
0
0
0
0
0
0
0
0
0
0
0
0
0
0
0
0
0
0
0
0
0
0
0
0
0
0
0
0
0
0
0
0
0
0
0
0
0
0
0
0
0
0
0
0
0
0
0
0
0
0
0
0
0
0
0
0
0
0
0
0
0
0
0
0
0
0
0
0
0
0
0
0
0
0
0
0
0
0
0
0
0
0
0
0
0
0
0
0
0
0
0
0
0
0
0
0
0
0
0
0
0
0
0
0
0
0
0
0
0
0
0
0
0
0
0
0
0
0
0
0
0
0
0
0
0
0
0
0
0
0
0
0
0
0
0
0
0
0
0
0
0
0
0
0
0
0
0
0
0
0
0
0
0
0
0
0
0
0
0
0
0
0
0
0
0
0
0
0
0
0
0
0
0
0
0
0
0
0
0
0
0
0
0
0
0
0
0
0
0
0
0
0
0
0
0
0
0
0
0
0
0
0
0
0
0
0
0
0
0
0
0
0
0
0
0
0
0
0
0
0
0
0
0
0
0
0
0
0
0
0
0
0
0
0
0
0
0
0
0
0
0
0
0
0
0
0
0
0
0
0
0
0
0
0
0
0
0
0
0
0
0
0
0
0
0
0
0
0
0
0
0
0
0
0
0
0
0
0
0
0
0
0
0
0
0
0
0
0
0
0
0
0
0
0
0
0
0
0
0
0
0
0
0
0
0
0
0
0
0
0
0
0
0
0
0
0
0
0
0
0
0
0
0
0
0
0
0
0
0
0
0
0
0
0
0
0
0
0
0
0
0
0
0
0
0
0
0
0
0
0
0
0
0
0
0
0
0
0
0
0
0
0
0
0
0
0
0
0
0
0
0
0
0
0
0
0
0
0
0
0
0
0
0
0
0
0
0
0
0
0
0
0
0
0
0
0
0
0
0
0
0
0
0
0
0
0
0
0
0
0
0
0
0
0
0
0
0
0
0
0
0
0
0
0
0
0
0
0
0
0
0
0
0
0
0
0
0
0
0
0
0
0
0
0
0
0
0
0
0
0
0
0
0
0
0
0
0
0
0
0
0
0
0
0
0
0
0
0
0
0
0
0
0
0
0
0
0
0
0
0
0
0
0
0
0
0
0
0
0
0
0
0
0
0
0
0
0
0
0
0
0
0
0
0
0
0
0
0
0
0
0
0
0
0
0
0
0
0
0
0
0
0
0
0
0
0
0
0
0
0
0
0
0
0
0
0
0
0
0
0
0
0
0
0
0
0
0
0
0
0
0
0
0
0
0
0
0
0
0
0
0
0
0
0
0
0
0
0
0
0
0
0
0
0
0
0
0
0
0
0
0
0
0
0
0
0
0
0
0
0
0
0
0
0
0
0
0
0
0
0
0
0
0
0
0
0
0
0
0
0
0
0
0
0
0
0
0
0
0
0
0
0
0
0
0
0
0
0
0
0
0
0
0
0
0
0
0
0
0
0
0
0
0
0
0
0
0
0
0
0
0
0
0
0
0
0
0
0
0
0
0
0
0
0
0
0
0
0
0
0
0
0
0
0
0
0
0
0
0
0
0
0
0
0
0
0
0
0
0
0
0
0
0
0
0
0
0
0
0
0
0
0
0
0
0
0
0
0
0
0
0
0
0
0
0
0
0
0
0
0
0
0
0
0
0
0
0
0
0
0
0
0
0
0
0
0
0
0
0
0
0
0
0
0
0
0
0
0
0
0
0
0
0
0
0
0
0
0
0
0
0
0
0
0
0
0
0
0
0
0
0
0
0
0
0
0
0
0
0
0
0
0
0
0
0
0
0
0
0
0
0
0
0
0
0
0
0
0
0
0
0
0
0
0
0
0
0
0
0
0
0
0
0
0
0
0
0
0
0
0
0
0
0
0
0
0
0
0
0
0
0
0
0
0
0
0
0
0
0
0
0
0
0
0
0
0
0
0
0
0
0
0
0
0
0
0
0
0
0
0
0
0
0
0
0
0
0
0
0
0
0
0
0
0
0
0
0
0
0
0
0
0
0
0
0
0
0
0
0
0
0
0
0
0
0
0
0
0
0
0
0
0
0
0
0
0
0
0
0
0
0
0
0
0
0
0
0
0
0
0
0
0
0
0
0
0
0
0
0
0
0
0
0
0
0
0
0
0
0
0
0
0
0
0
0
0
0
0
0
0
0
0
0
0
0
0
0
0
0
0
0
0
0
0
0
0
0
0
0
0
0
0
0
0
0
0
0
0
0
0
0
0
0
0
0
0
0
0
0
0
0
0
0
0
0
0
0
0
0
0
0
0
0
0
0
0
0
0
0
0
0
0
0
0
0
0
0
0
0
0
0
0
0
0
0
0
0
0
0
0
0
0
0
0
0
0
0
0
0
0
0
0
0
0
0
0
0
0
0
0
0
0
0
0
0
0
0
0
0
0
0
0
0
0
0
0
0
0
0
0
0
0
0
0
0
0
0
0
0
0
0
0
0
0
0
0
0
0
0
0
0
0
0
0
0
0
0
0
0
0
0
0
0
0
0
0
0
0
0
0
0
0
0
0
0
0
0
0
0
0
0
0
0
0
0
0
0
0
0
0
0
0
0
0
0
0
0
0
0
0
0
0
0
0
0
0
0
0
0
0
0
0
0
0
0
0
0
0
0
0
0
0
0
0
0
0
0
0
0
0
0
0
0
0
0
0
0
0
0
0
0
0
0
0
0
0
0
0
0
0
0
0
0
0
0
0
0
0
0
0
0
0
0
0
0
0
0
0
0
0
0
0
0
0
0
0
0
0
0
0
0
0
0
0
0
0
0
0
0
0
0
0
0
0
0
0
0
0
0
0
0
0
0
0
0
0
0
0
0
0
0
0
0
0
0
0
0
0
0
0
0
0
0
0
0
0
0
0
0
0
0
0
0
0
0
0
0
0
0
0
0
0
0
0
0
0
0
0
0
0
0
0
0
0
0
0
0
0
0
0
0
0
0
0
0
0
0
0
0
0
0
0
0
0
0
0
0
0
0
0
0
0
0
0
0
0
0
0
0
0
0
0
0
0
0
0
0
0
0
0
0
0
0
0
0
0
0
0
0
0
0
0
0
0
0
0
0
0
0
0
0
0
0
0
0
0
0
0
0
0
0
0
0
0
0
0
0
0
0
0
0
0
0
0
0
0
0
0
0
0
0
0
0
0
0
0
0
0
0
0
0
0
0
0
0
0
0
0
0
0
0
0
0
0
0
0
0
0
0
0
0
0
0
0
0
0
0
0
0
0
0
0
0
0
0
0
0
0
0
0
0
0
0
0
0
0
0
