3047
2293
1960
2365
3038
2305
1973
2366
3047
2291
1962
2349
3048
2259
1950
2341
3049
2281
1958
2328
3046
2277
1948
2355
3061
2271
1922
2355
3053
2283
1948
2338
3045
2267
1954
2348
3057
2293
1949
2338
3049
2281
1914
2337
3037
2240
1942
2343
3053
2301
1930
2357
3043
2301
1934
2337
3033
2258
1916
2354
3046
2271
1934
2343
3060
2276
1920
2350
3045
2255
1950
2343
3043
2284
1936
2356
3053
2279
1948
2344
3044
2279
1936
2339
3033
2253
1918
2330
3051
2269
1942
2333
3052
2272
1934
2341
3041
2285
1934
2352
3044
2293
1930
2360
3059
2260
1918
2335
3039
2269
1916
2339
3041
2263
1938
2350
3057
2269
1946
2340
3044
2277
1926
2339
3043
2271
1954
2336
3057
2275
1948
2344
3048
2262
1942
2352
3041
2259
1948
2319
3047
2271
1958
2346
3059
2291
1930
2348
3042
2253
1912
2333
3041
2256
1942
2344
3051
2263
1940
2331
3045
2261
1946
2337
3047
2268
1946
2351
3067
2271
1958
2347
3049
2268
1924
2352
3037
2268
1918
2341
3047
2263
1950
2345
3057
2271
1945
2349
3047
2265
1938
2329
3043
2274
1912
2360
3053
2293
1946
2336
3043
2271
1916
2348
3041
2254
1954
2340
3059
2289
1924
2341
3051
2260
1914
2341
3037
2258
1932
2343
3050
2267
1944
2349
3049
2256
1946
2341
3049
2261
1936
2335
3043
2279
1949
2343
3054
2281
1940
2325
3056
2271
1962
2331
3043
2260
1924
2361
3052
2263
1954
2339
3049
2261
1924
2344
3045
2267
1940
2336
3051
2271
1932
2339
3051
2255
1944
2346
3043
2261
1930
2333
3045
2259
1949
2360
3059
2265
1960
2343
3041
2247
1984
2346
3045
2264
1940
2336
3049
2279
1956
2351
3057
2285
1921
2347
3036
2255
1942
2347
3049
2273
1932
2350
3051
2279
1926
2351
3044
2255
1912
2345
3061
2256
1926
2352
3056
2271
1924
2335
3041
2284
1934
2333
3049
2262
1952
2328
3050
2269
1960
2343
3045
2272
1918
2337
3041
2275
1938
2331
3047
2266
1940
2360
3045
2279
1943
2347
3039
2255
1948
2341
3045
2266
1990
2342
3061
2263
1920
2339
3045
2259
1942
2333
3037
2275
1926
2341
3051
2265
1966
2335
3051
2269
1940
2334
3039
2269
1930
2362
3063
2266
1962
2346
3053
2271
1945
2340
3037
2243
1930
2342
3043
2264
1930
2338
3056
2271
1930
2351
3045
2265
1977
2326
3041
2259
1926
2349
3051
2277
1962
2347
3047
2250
1898
2344
3043
2285
1956
2352
3051
2276
1964
2352
3047
2428
1934
2331
3043
2268
1920
2340
3043
2258
1940
2345
3054
2267
1942
2335
3055
2263
1938
2340
3043
2261
1948
2342
3047
2277
1950
2335
3041
2278
1966
2350
3043
2273
1930
2339
3057
2277
1932
2356
3047
2263
1946
2340
3037
2259
1926
2347
3049
2263
1938
2346
3051
2241
1922
2341
3045
2281
1928
2346
3057
2259
1942
2355
3051
2270
1950
2344
3049
2266
1944
2332
3043
2271
1946
2335
3051
2285
1924
2354
3053
2281
1934
2335
3041
2267
1952
2343
3049
2259
1922
2358
3051
2261
1951
2341
3041
2264
1928
2334
3049
2267
1958
2349
3060
2273
1952
2351
3041
2267
1928
2335
3041
2263
1921
2345
3049
2285
1963
2356
3051
2279
1959
2341
3043
2281
1968
2346
3050
2258
1944
2347
3051
2268
1952
2337
3041
2251
1932
2340
3045
2263
1938
2358
3053
2271
1946
2338
3040
2261
1934
2347
3047
2269
1966
2333
3049
2263
1972
2343
3044
2265
1979
2339
3040
2264
1928
2338
3049
2261
1952
2329
3055
2267
1936
2348
3043
2274
1909
2340
3054
2253
1934
2349
3055
2283
1973
2348
3042
2267
1934
2333
3048
2256
1940
2345
3063
2287
1951
2340
3044
2271
1946
2340
3037
2265
1912
2344
3051
2267
1922
2339
3056
2258
1918
2351
3041
2261
1962
2341
3046
2271
1930
2353
3049
2262
1946
2338
3048
2267
1914
2343
3044
2281
1942
2325
3055
2270
1950
2355
3043
2285
1946
2338
3037
2293
1958
2337
3051
2291
1948
2351
3049
2259
1934
2340
3045
2271
1907
2331
3056
2263
1960
2355
3045
2272
1924
2347
3050
2277
1920
2337
3048
2254
1926
2334
3059
2291
1936
2341
3044
2273
1938
2327
3039
2276
1912
2337
3049
2271
1928
2337
3054
2271
1954
2327
3037
2264
1942
2348
3049
2265
1962
2351
3059
2273
1946
2347
3044
2263
1964
2348
3043
2240
1918
2342
3057
2267
1924
2339
3045
2265
1938
2337
3039
2259
1928
2363
3048
2285
1942
2344
3050
2269
1924
2340
3045
2257
1938
2342
3042
2266
1955
2344
3049
2279
1964
2344
3041
2279
1934
2351
3050
2260
1923
2350
3063
2289
1934
2341
3044
2281
1924
2336
3045
2269
1948
2347
3052
2260
1942
2345
3049
2255
1934
2336
3049
2271
1916
2339
3050
2265
1938
2339
3049
2253
1926
2329
3039
2243
1932
2336
3055
2276
1934
2347
3067
2283
1932
2352
3062
2278
1938
2336
3041
2262
1940
2337
3051
2272
1908
2345
3045
2273
1952
2333
3043
2251
1942
2339
3047
2269
1964
2346
3057
2285
1938
2349
3045
2260
1924
2353
3041
2279
1940
2342
3057
2259
1936
2349
3047
2255
1948
2327
3045
2270
1920
2342
3058
2263
1970
2349
3047
2271
1942
2326
3039
2253
1936
2349
3043
2261
1954
2339
3051
2275
1928
2365
3047
2254
1930
2326
3049
2258
1914
2333
3055
2259
1926
2347
3055
2264
1930
2320
3041
2269
1948
2347
3054
2275
1970
2341
3037
2266
1946
2337
3041
2279
1960
2341
3047
2282
1952
2354
3051
2291
1946
2343
3050
2276
1934
2342
3047
2299
1934
2351
3057
2281
1950
2341
3047
2261
1972
2353
3047
2261
1928
2349
3053
2267
1973
2354
3049
2273
1940
2340
3039
2261
1916
2335
3051
2266
1934
2355
3047
2277
1950
2336
3039
2261
1930
2336
3045
2285
1932
2350
3052
2262
1932
2349
3051
2268
1918
2338
3051
2281
1942
2345
3051
2275
1946
2342
3045
2261
1928
2330
3047
2277
1924
2365
3051
2267
1956
2362
3048
2265
1962
2347
3041
2268
1951
2334
3045
2275
1932
2361
3051
2269
1942
2337
3045
2262
1950
2348
3052
2267
1954
2339
3055
2287
1954
2349
3051
2263
1926
2332
3033
2247
1930
2345
3055
2277
1947
2334
3049
2271
1954
2337
3039
2254
1924
2337
3047
2265
1928
2357
3058
2263
1932
2351
3041
2283
1946
2338
3044
2269
1976
2347
3056
2283
1950
2335
3044
2279
1929
2341
3047
2263
1946
2336
3053
2279
1946
2338
3045
2271
1948
2331
3043
2257
1946
2351
3053
2273
1936
2338
3050
2277
1938
2344
3047
2259
1948
2330
3041
2287
1940
2353
3055
2287
1960
2342
3047
2259
1936
2335
3044
2279
1940
2338
3047
2271
1974
2351
3047
2259
1936
2339
3039
2274
1945
2341
3053
2263
1942
2345
3053
2277
1948
2332
3041
2265
1913
2343
3044
2283
1932
2343
3051
2281
1963
2338
3051
2251
1938
2325
3037
2271
1979
2355
3060
2281
1920
2366
3051
2269
1928
2347
3045
2275
1906
2340
3048
2247
1928
2335
3054
2267
1928
2332
3039
2249
1951
2340
3047
2261
1942
2347
3061
2259
1952
2341
3051
2277
1936
2345
3055
2257
1922
2349
3049
2277
1948
2351
3045
2269
1928
2341
3035
2261
1924
2344
3047
2285
1930
2356
3055
2289
1913
2342
3043
2263
1938
2347
3047
2270
1948
2346
3053
2265
1938
2350
3053
2265
1970
2348
3047
2258
1918
2343
3059
2287
1940
2347
3054
2258
1956
2349
3045
2269
1930
2352
3043
2269
1944
2331
3056
2267
1944
2339
3041
2253
1954
2351
3051
2261
1938
2346
3047
2266
1926
2338
3042
2273
1956
2347
3041
2256
1954
2350
3044
2269
1959
2350
3045
2261
1932
2340
3039
2256
1910
2348
3047
2270
1946
2362
3045
2283
1958
2349
3037
2279
1932
2347
3045
2256
1931
2348
3057
2264
1910
2343
3040
2253
1940
2331
3041
2266
1930
2354
3060
2285
1966
2345
3059
2252
1936
2334
3041
2275
1936
2345
3051
2289
1936
2333
3053
2277
1934
2341
3041
2261
1898
2343
3057
2268
1940
2349
3059
2272
1935
2337
3039
2262
1942
2325
3051
2268
1936
2335
3059
2261
1946
2335
3049
2266
1952
2338
3039
2261
1950
2338
3049
2257
1928
2343
3051
2264
1938
2343
3045
2252
1922
2349
3053
2252
1938
2342
3049
2279
1942
2345
3045
2275
1932
2329
3047
2250
1930
2342
3064
2283
1930
2343
3063
2274
1952
2333
3057
2277
1938
2327
3056
2299
1964
2343
3049
2261
1926
2346
3036
2271
1941
2342
3043
2268
1944
2351
3050
2287
1920
2349
3041
2257
1920
2340
3043
2265
1974
2347
3053
2261
1926
2351
3049
2262
1936
2333
3045
2247
1954
2343
3059
2275
1984
2343
3047
2276
1930
2357
3036
2269
1942
2341
3047
2267
1936
2348
3059
2273
1924
2345
3048
2274
1924
2342
3047
2285
1955
2347
3051
2271
1920
2336
3045
2272
1934
2341
3039
2265
1976
2339
3053
2281
1946
2350
3051
2275
1932
2345
3039
2289
1956
2336
3045
2256
1946
2339
3053
2265
1946
2341
3051
2279
1966
2343
3041
2261
1934
2355
3051
2249
1956
2351
3045
2248
1961
2336
3038
2289
1936
2350
3055
2271
1966
2360
3053
2257
1940
2341
3041
2261
1928
2333
3049
2276
1938
2347
3053
2279
1956
2345
3057
2265
1942
2335
3059
2262
1950
2344
3058
2265
1974
2348
3047
2270
1940
2323
3043
2257
1948
2335
3053
2269
1944
2340
3051
2262
1942
2345
3043
2253
1940
2330
3049
2276
1930
2334
3046
2269
1968
2357
3039
2256
1970
2341
3047
2269
1920
2335
3051
2267
1928
2350
3052
2263
1928
2332
3041
2321
2160
2337
3050
2277
1971
2376
3041
2281
1950
2345
3039
2251
1936
2366
3061
2254
1926
2352
3051
2265
1922
2337
3045
2249
1942
2336
3051
2267
1960
2351
3051
2283
1942
2331
3043
2260
1952
2333
3044
2274
1948
2343
3053
2267
1936
2351
3047
2277
1908
2333
3040
2279
1938
2346
3054
2265
1952
2353
3049
2261
1926
2339
3043
2262
1952
2335
3047
2261
1944
2347
3063
2263
1956
2344
3043
2267
1936
2333
3049
2258
1940
2338
3053
2277
1930
2346
3047
2251
1908
2345
3049
2277
1940
2342
3053
2269
1961
2343
3052
2281
1922
2329
3037
2263
1936
2339
3055
2263
1928
2347
3055
2272
1948
2337
3039
2260
1924
2337
3044
2259
1926
2350
3053
2277
1952
2341
3049
2283
1958
2341
3041
2248
1915
2353
3051
2287
1959
2353
3051
2286
1942
2342
3045
2250
1928
2346
3060
2255
1944
2355
3051
2277
1960
2351
3039
2261
1940
2337
3045
2265
1946
2354
3049
2281
1924
2348
3047
2257
1926
2343
3038
2261
1969
2346
3055
2271
1942
2347
3047
2263
1950
2344
3037
2265
1942
2339
3053
2271
1948
2347
3051
2262
1928
2344
3049
2275
1914
2341
3047
2275
1949
2338
3056
2273
1936
2359
3047
2261
1948
2357
3047
2263
1948
2347
3048
2271
1952
2345
3050
2295
1918
2336
3037
2275
1942
2339
3049
2255
1950
2344
3051
2274
1910
2340
3041
2257
1950
2347
3045
2262
1948
2346
3055
2281
1936
2339
3047
2281
1936
2345
3043
2254
1956
2357
3051
2277
1948
2345
3047
2268
1934
2335
3049
2273
1934
2335
3048
2267
1934
2336
3049
2279
1983
2349
3050
2273
1946
2346
3047
2270
1912
2346
3052
2295
1960
2357
3039
2264
1930
2345
3041
2264
1960
2337
3050
2275
1938
2347
3050
2248
1926
2347
3049
2257
1950
2360
3053
2277
1962
2340
3057
2272
1964
2342
3039
2259
1930
2335
3045
2266
1966
2344
3050
2273
1926
2349
3043
2258
1905
2333
3041
2261
1926
2334
3050
2254
1932
2366
3043
2279
1917
2338
3045
2279
1926
2345
3052
2301
1926
2347
3055
2271
1934
2351
3041
2275
1934
2340
3045
2273
1932
2348
3047
2263
1936
2347
3045
2258
1944
2332
3041
2260
1952
2349
3058
2284
1942
2349
3039
2259
1956
2346
3037
2261
1938
2345
3051
2275
1938
2344
3051
2283
1940
2340
3041
2259
1945
2345
3059
2289
1936
2343
3053
2289
1938
2343
3043
2269
1920
2338
3047
2277
1944
2355
3051
2267
1954
2358
3051
2283
1952
2339
3047
2267
1944
2343
3049
2268
1944
2345
3047
2267
1918
2345
3045
2265
1920
2343
3051
2281
1933
2355
3050
2277
1912
2349
3043
2253
1930
2338
3049
2259
1934
2347
3050
2268
1948
2376
3057
2258
1932
2325
3039
2269
1946
2350
3049
2270
1926
2338
3045
2269
1926
2345
3041
2259
1911
2346
3055
2277
1915
2356
3052
2263
1942
2349
3043
2258
1930
2333
3037
2275
1936
2356
3051
2279
1948
2346
3043
2254
1940
2337
3047
2295
1960
2348
3053
2279
1918
2347
3044
2273
1934
2349
3043
2263
1936
2344
3049
2287
1980
2344
3047
2259
1934
2341
3051
2261
1920
2337
3050
2267
1934
2355
3056
2265
1938
2346
3051
2263
1934
2333
3041
2269
1946
2353
3055
2287
1944
2338
3047
2259
1942
2333
3037
2275
1942
2346
3061
2264
1954
2341
3050
2284
1942
2346
3039
2271
1946
2341
3045
2269
1952
2339
3055
2256
1954
2342
3047
2267
1934
2341
3050
2259
1926
2360
3057
2269
1936
2332
3045
2269
1956
2339
3043
2255
1930
2333
3055
2281
1938
2347
3055
2241
1904
2341
3041
2269
1930
2346
3048
2277
1942
2345
3055
2285
1959
2350
3049
2265
1906
2339
3045
2269
1950
2346
3047
2283
1922
2352
3049
2267
1926
2333
3039
2272
1934
2348
3056
2289
1917
2352
3046
2281
1936
2336
3037
2238
1932
2337
3045
2279
1942
2348
3047
2262
1929
2344
3049
2249
1920
2340
3043
2273
1928
2347
3047
2287
1930
2352
3045
2263
1936
2337
3041
2250
1922
2357
3048
2269
1962
2351
3051
2257
1944
2329
3039
2254
1930
2346
3047
2269
1948
2352
3051
2285
1952
2333
3047
2279
1934
2337
3047
2279
1962
2331
3065
2271
1942
2356
3041
2265
1932
2328
3041
2258
1936
2341
3052
2271
1954
2355
3055
2259
1934
2348
3039
2263
1938
2363
3052
2277
1934
2332
3053
2273
1922
2338
3038
2273
1958
2339
3051
2260
1956
2335
3060
2263
1944
2348
3043
2267
1932
2335
3039
2263
1948
2337
3054
2275
1929
2352
3051
2272
1922
2337
3048
2263
1954
2340
3045
2271
1946
2342
3051
2261
1930
2346
3041
2263
1932
2329
3047
2267
1956
2334
3055
2287
1934
2363
3051
2257
1948
2342
3041
2271
1964
2344
3052
2283
1954
2358
3047
2242
1930
2333
3039
2259
1934
2329
3052
2256
1932
2350
3057
2250
1956
2339
3054
2271
1906
2347
3045
2277
1971
2347
3053
2261
1942
2353
3043
2266
1942
2331
3039
2261
1926
2351
3060
2265
1966
2350
3055
2256
1940
2357
3029
2267
1897
2335
3056
2249
1974
2339
3048
2279
1967
2323
3043
2279
1960
2341
3047
2281
1938
2346
3056
2271
1975
2337
3041
2271
1919
2350
3047
2252
1946
2335
3053
2279
1962
2353
3045
2260
1938
2344
3044
2263
1958
2333
3047
2278
1975
2344
3049
2265
1921
2333
3039
2257
1950
2339
3049
2258
1946
2359
3052
2269
1926
2344
3041
2249
1952
2341
3042
2254
1936
2349
3055
2275
1956
2342
3047
2267
1950
2335
3062
2271
1942
2335
3053
2264
1916
2348
3046
2257
1934
2349
3045
2253
1928
2338
3047
2287
1963
2351
3053
2261
1954
2345
3047
2271
1956
2331
3043
2267
1944
2339
3052
2272
1946
2342
3043
2283
1942
2340
3058
2271
1924
2337
3053
2283
1940
2336
3053
2261
1952
2337
3039
2267
1942
2343
3045
2263
1934
2354
3062
2269
1924
2350
3043
2267
1936
2340
3045
2273
1934
2337
3051
2266
1961
2340
3037
2277
1915
2340
3049
2284
1934
2341
3055
2274
1952
2334
3050
2273
1928
2337
3043
2257
1950
2340
3047
2279
1943
2351
3055
2259
1926
2337
3047
2272
1960
2338
3045
2244
1934
2329
3053
2263
1936
2334
3043
2263
1938
2346
3045
2271
1950
2337
3057
2265
1962
2348
3053
2249
1968
2355
3039
2254
1922
2334
3049
2287
1920
2358
3049
2257
1954
2334
3043
2250
1909
2342
3048
2279
1918
2349
3053
2276
1958
2343
3043
2269
1932
2329
3039
2281
1936
2348
3043
2268
1928
2344
3049
2266
1932
2341
3037
2269
1930
2344
3061
2269
1938
2355
3049
2280
1916
2344
3045
2263
1930
2350
3043
2256
1952
2356
3053
2255
1956
2338
3048
2281
1932
2347
3041
2277
1930
2339
3045
2281
1942
2341
3054
2269
1958
2329
3049
2245
1930
2351
3047
2251
1954
2337
3052
2285
1932
2343
3047
2250
1932
2360
3052
2257
1940
2345
3055
2264
1924
2351
3044
2277
1954
2351
3042
2271
1934
2332
3053
2271
1992
2345
3049
2275
1943
2337
3043
2285
1989
2335
3061
2259
1922
2349
3041
2279
1946
2327
3039
2246
1930
2351
3054
2281
1932
2346
3053
2281
1942
2340
3041
2277
1934
2339
3051
2270
1952
2360
3051
2279
1950
2336
3045
2267
1940
2331
3041
2263
1916
2339
3048
2253
1942
2359
3053
2257
1925
2340
3037
2271
1940
2341
3050
2263
1960
2345
3053
2260
1946
2353
3047
2261
1962
2343
3045
2291
1950
2350
3063
2285
1918
2348
3051
2276
1924
2345
3043
2258
1936
2357
3056
2287
1946
2355
3047
2275
1962
2337
3046
2269
1922
2337
3051
2245
1940
2346
3055
2277
1922
2337
3047
2259
1942
2329
3059
2276
1969
2354
3051
2259
1966
2361
3043
2276
1938
2345
3043
2250
1924
2337
3052
2261
1950
2343
3057
2272
1932
2326
3039
2281
1920
2355
3047
2252
1942
2336
3049
2273
1964
2338
3045
2257
1928
2327
3051
2269
1920
2341
3066
2273
1932
2341
3046
2253
1926
2331
3041
2279
1952
2354
3051
2273
1952
2353
3047
2281
1935
2345
3037
2275
1953
2343
3049
2264
1927
2356
3049
2270
1966
2343
3045
2261
1924
2337
3047
2255
1966
2340
3052
2289
1964
2343
3045
2277
1924
2325
3035
2269
1932
2336
3049
2279
1960
2346
3051
2256
1946
2339
3041
2267
1936
2333
3041
2254
1946
2355
3053
2277
1923
2335
3053
2263
1944
2323
3047
2283
1972
2344
3055
2293
1910
2337
3051
2260
1948
2329
3049
2245
1946
2337
3057
2271
1944
2358
3043
2273
1948
2335
3043
2263
1942
2352
3045
2281
1969
2335
3057
2269
1932
2351
3038
2255
1942
2345
3055
2250
1927
2344
3057
2257
1953
2339
3043
2264
1910
2347
3053
2269
1942
2349
3055
2259
1976
2347
3045
2267
1932
2340
3037
2259
1930
2342
3053
2283
1928
2354
3061
2281
1934
2337
3041
2261
1944
2332
3045
2259
1975
2341
3051
2265
1942
2347
3041
2252
1936
2341
3046
2261
1942
2343
3051
2267
1963
2347
3045
2283
1942
2339
3037
2267
1940
2351
3059
2279
1934
2353
3049
2251
1922
2333
3043
2260
1926
2339
3045
2255
1946
2349
3053
2253
1934
2343
3047
2265
1912
2335
3043
2285
1944
2347
3053
2275
1909
2340
3047
2277
1944
2331
3050
2257
1952
2354
3049
2251
1982
2339
3052
2267
1938
2344
3041
2274
1946
2342
3043
2265
1962
2352
3051
2267
1926
2340
3043
2253
1928
2339
3044
2271
1952
2349
3051
2260
1934
2338
3043
2273
1942
2347
3041
2265
1940
2344
3047
2252
1924
2336
3049
2262
1944
2344
3037
2274
1942
2357
3045
2267
1936
2345
3055
2270
1962
2344
3039
2258
1960
2352
3044
2287
1924
2333
3065
2286
1960
2336
3041
2287
1940
2338
3050
2275
1952
2329
3047
2278
1948
2346
3062
2275
1940
2343
3039
2267
1959
2345
3051
2255
1940
2336
3051
2275
1942
2352
3045
2267
1942
2335
6768
2262
1974
2366
3057
2268
1942
2348
3041
2252
1954
2341
3042
2278
1932
2340
3055
2271
1958
2354
3056
2263
1938
2362
3041
2269
1932
2334
3045
2279
1938
2345
3051
2279
1946
2348
3039
2253
1918
2364
3050
2255
1926
2365
3061
2270
1932
2337
3044
2261
1922
2335
3061
2250
1906
2344
3052
2279
1940
2343
3045
2273
1910
2332
3043
2238
1946
2341
3049
2279
1902
2333
3053
2276
1938
2340
3059
2265
1958
2347
3045
2265
1930
2337
3051
2293
1946
2338
3043
2265
1958
2341
3043
2257
1934
2338
3052
2289
1930
2348
3050
2253
1969
2335
3037
2277
1918
2341
3050
2273
1942
2353
3053
2272
1948
2339
3035
2261
1899
2341
3048
2274
1930
2349
3049
2266
1930
2353
3056
2271
1922
2352
3045
2260
1952
2347
3058
2275
1932
2331
3050
2247
1952
2329
3037
2275
1962
2341
3047
2275
1953
2345
3053
2269
1914
2336
3043
2265
1936
2353
3048
2263
1932
2336
3055
2285
1936
2335
3045
2268
1936
2334
3047
2260
1934
2344
3050
2271
1938
2343
3043
2264
1932
2339
3043
2251
1903
2345
3047
2262
1918
2343
3053
2263
1932
2344
3039
2243
1946
2341
3045
2273
1964
2356
3055
2283
1928
2331
3052
2263
1948
2341
3049
2274
1934
2353
3055
2275
1944
2343
3043
2262
1934
2333
3044
2299
1936
2343
3053
2261
1962
2341
3049
2267
1928
2342
3043
2269
1948
2345
3058
2301
1980
2340
3052
2277
1940
2346
3037
2270
1934
2345
3043
2277
1958
2350
3055
2271
1916
2333
3047
2259
1952
2348
3043
2263
1968
2337
3053
2273
1938
2340
3049
2260
1938
2355
3041
2268
1964
2339
3049
2278
1962
2344
3055
2261
1940
2337
3045
2251
1956
2342
3041
2261
1909
2358
3054
2268
1961
2346
3045
2273
1942
2350
3041
2265
1930
2351
3057
2269
1968
2354
3047
2279
1952
2350
3041
2266
1912
2348
3049
2272
1956
2354
3051
2275
1955
2329
3051
2281
1922
2335
3047
2267
1938
2335
3049
2283
1936
2337
3051
2268
1924
2336
3045
2269
1928
2353
3050
2279
1934
2333
3046
2263
1952
2347
3040
2263
1913
2335
3051
2263
1921
2342
3053
2277
1970
2369
3051
2269
1922
2332
3051
2263
1922
2362
3053
2263
1958
2359
3045
2265
1916
2332
3043
2271
1942
2353
3066
2260
1926
2350
3050
2244
1946
2337
3037
2268
1932
2342
3053
2287
1980
2358
3057
2257
1934
2353
3039
2266
1932
2327
3050
2283
1932
2353
3061
2275
1950
2339
3045
2266
1946
2332
3042
2273
1940
2353
3051
2276
1940
2340
3051
2271
1944
2335
3039
2241
1924
2337
3057
2277
1960
2343
3051
2265
1946
2339
3047
2238
1928
2343
3045
2263
1932
2340
3057
2271
1952
2347
3041
2265
1968
2327
3045
2264
1979
2340
3055
2277
1957
2345
3047
2295
1940
2335
3045
2267
1952
2344
3053
2287
1962
2348
3050
2271
1963
2341
3039
2262
1946
2325
3045
2267
1961
2343
3061
2281
1916
2352
3047
2249
1942
2331
3043
2249
1950
2352
3051
2278
1940
2336
3039
2271
1930
2321
3047
2245
1944
2339
3059
2269
1930
2343
3045
2265
1938
2343
3033
2254
1920
2358
3043
2251
1932
2356
3053
2271
1940
2349
3049
2260
1924
2341
3041
2263
1948
2340
3055
2267
1942
2341
3044
2251
1944
2327
3045
2263
1936
2333
3057
2261
1938
2341
3054
2276
1924
2339
3037
2273
1915
2334
3045
2265
1953
2347
3051
2273
1967
2339
3043
2271
1946
2329
3049
2259
1963
2354
3055
2261
1942
2344
3042
2241
1974
2341
3031
2260
1948
2346
3049
2271
1958
2341
3055
2263
1918
2337
3049
2258
1958
2352
3045
2275
1936
2347
3051
2262
1940
2335
3043
2255
1926
2343
3045
2268
1940
2345
3055
2271
1938
2341
3045
2269
1956
2351
3039
2270
1934
2347
3053
2259
1950
2345
3053
2273
1944
2339
3041
2253
1940
2338
3051
2282
1936
2346
3047
2268
1918
2356
3041
2255
1914
2335
3043
2268
1944
2358
3057
2285
1938
2346
3047
2265
1925
2343
3055
2259
1932
2350
3051
2275
1958
2343
3047
2266
1958
2339
3039
2283
1982
2333
3053
2273
1922
2349
3061
2255
1926
2343
3047
2283
1898
2335
3043
2266
1954
2357
3051
2271
1942
2335
3042
2265
1956
2347
3037
2261
1926
2347
3056
2269
1930
2343
3049
2263
1908
2339
3037
2261
1946
2351
3050
2278
1918
2345
3059
2331
1934
2332
3050
2239
1932
2355
3059
2278
1940
2358
3057
2273
1934
2352
3043
2273
1954
2339
3045
2281
1932
2340
3045
2267
1934
2331
3049
2275
1972
2343
3050
2253
1942
2350
3054
2264
1950
2342
3047
2266
1922
2350
3040
2253
1914
2341
3047
2268
1926
2350
3059
2267
1932
2347
3045
2279
1950
2342
3045
2285
1948
2351
3050
2272
1946
2341
3047
2261
1924
2340
3041
2277
1928
2345
3053
2273
1924
2330
3060
2268
1940
2345
3035
2269
1941
2336
3045
2276
1949
2356
3054
2269
1928
2347
3045
2261
1919
2344
3045
2269
1938
2347
3050
2279
1944
2341
3047
2263
1931
2332
3043
2263
1957
2339
3054
2281
1944
2333
3049
2248
1908
2337
3043
2259
1946
2333
3045
2258
1956
2363
3055
2261
1936
2351
3041
2261
1938
2356
3049
2271
1952
2365
3058
2293
1971
2348
3043
2251
1952
2336
3037
2257
1952
2343
3049
2274
1930
2363
3058
2257
1933
2345
3052
2284
1947
2337
3047
2267
1942
2337
3062
2259
1940
2341
3045
2266
1934
2338
3049
2263
1974
2335
3056
2279
1956
2343
3047
2242
1932
2331
3045
2279
1916
2341
3051
2256
1951
2337
3043
2265
1930
2321
3047
2283
1928
2349
3051
2276
1974
2351
3064
2258
1951
2329
3039
2273
1946
2340
3041
2277
1952
2357
3061
2279
1946
2340
3040
2271
1936
2335
3043
2267
1950
2342
3057
2265
1986
2353
3048
2275
1920
2339
3037
2258
1930
2342
3049
2279
1945
2337
3047
2276
1948
2341
3053
2270
1936
2338
3045
2269
1944
2347
3055
2266
1922
2340
3045
2266
1950
2331
3045
2272
1942
2350
3051
2266
1938
2338
3043
2271
1948
2331
3039
2263
1938
2348
3048
2272
1937
2343
3051
2258
1915
2351
3051
2265
1932
2341
3052
2261
1936
2345
3053
2279
1924
2345
3051
2251
1924
2331
3048
2256
1916
2335
3047
2290
1944
2361
3053
2273
1940
2331
3039
2256
1952
2341
3053
2275
1974
2355
3047
2277
1920
2342
3041
2330
2319
2000
2151
2396
3092
2317
2303
2063
1984
47450
2935
2394
2295
2074
1944
2349
2800
2505
2261
53617
1981
2386
2842
2610
2319
2204
2006
2345
2746
2692
2334
2200
1996
2267
2541
2299
2089
2479
42868
2400
2696
2666
2284
2172
1960
2248
2556
2763
2049
2725
2257
2341
2275
2333
2264
2133
2272
1920
2642
1922
3057
2151
2535
2273
1950
2352
3041
2279
1974
2344
3055
2273
1991
2343
3046
2265
1965
2352
3041
2248
1942
2339
3045
2278
1942
2347
3055
2278
1942
2352
3047
2241
1926
2345
3047
2254
1958
2346
3053
2273
1930
2341
3048
2257
1926
2341
3039
2260
1952
2344
3049
2275
1974
2347
3045
2264
1940
2350
3045
2271
1948
2351
3053
2273
1932
2347
3059
2277
1972
2342
3041
2255
1968
2329
3041
2269
1968
2352
3051
2273
1972
2343
3046
2269
1936
2334
3039
2264
1938
2358
3053
2275
1944
2347
3047
2280
1942
2343
3039
2257
1921
2339
3047
2265
1928
2342
3049
2279
1940
2341
3041
2271
1950
2335
3047
2273
1948
2338
3052
2281
1915
2345
3047
2253
1940
2342
3043
2273
1934
2337
3045
2265
1944
2347
3049
2272
1922
2336
3039
2283
1940
2339
3049
2289
1934
2356
3051
2261
1934
2345
3041
2261
1938
2331
3043
2271
1932
2347
3054
2265
1986
2345
3045
2261
1936
2344
3035
2271
1946
2363
3051
2284
1932
2351
3051
2271
1948
2331
3039
2271
1952
2341
3046
2274
1918
2354
3049
2287
1928
2337
3039
2278
1945
2341
3043
2289
1960
2338
3054
2285
1938
2345
3043
2263
1928
2333
3043
2263
1948
2361
3050
2278
1938
2354
3047
2277
1944
2333
3041
2269
1954
2335
3053
2301
1964
2337
3051
2261
1930
2349
3041
2265
1926
2346
3045
2258
1932
2344
3053
2261
1929
2337
3045
2254
1920
2338
3041
2267
1952
2368
3051
2259
1932
2336
3049
2263
1951
2337
3040
2259
1922
2351
3047
2273
1928
2353
3051
2281
1938
2341
3039
2282
1944
2339
3047
2263
1944
2345
3053
2273
1938
2339
3043
2270
1922
2331
3039
2261
1956
2339
3057
2293
1904
2329
3051
2271
1932
2342
3041
2251
1926
2343
3049
2268
1958
2338
3049
2261
1932
2333
3041
2257
1958
2331
3045
2275
1942
2331
3055
2281
1993
2337
3043
2275
1936
2346
3045
2261
1948
2349
3051
2273
1932
2348
3051
2271
1940
2335
3039
2271
1954
2347
3049
2275
1974
2340
3048
2265
1932
2345
3043
2275
1927
2338
3049
2266
1962
2357
3049
2257
1970
2344
3043
2269
1954
2343
3049
2273
1942
2349
3053
2274
1964
2350
3045
2266
1910
2337
3050
2268
1953
2337
3047
2254
1956
2346
3047
2263
1946
2329
3037
2266
1920
2346
3050
2243
1952
2360
3051
2268
1936
2340
3041
2265
1933
2340
3043
2263
1938
2357
3061
2254
1942
2350
3047
2268
1928
2331
3045
2255
1940
2326
3049
2272
1914
2343
3058
2269
1938
2333
3039
2275
1938
2337
3058
2281
1938
2351
3048
2287
1929
2342
3043
2264
1946
2343
3047
2279
1963
2377
3055
2295
1962
2337
3046
2269
1944
2325
3046
2283
1934
2341
3049
2276
1942
2342
3049
2253
1946
2350
3033
2256
1950
2341
3051
2271
1954
2343
3049
2266
1948
2341
3045
2251
1940
2342
3055
2265
1948
2340
3055
2275
1926
2346
3047
2269
1926
2347
3046
2258
1956
2341
3051
2258
1952
2352
3050
2284
1930
2346
3045
2263
1928
2340
3045
2271
1936
2360
3049
2279
1932
2326
3041
2273
1928
2356
2753
2313
1972
2359
3061
2266
1934
2370
3045
2277
1924
2339
3049
2280
1931
2348
3053
2275
1934
2355
3063
2261
1942
2331
3039
2264
1946
2340
3050
2271
1951
2345
3045
2256
1918
2332
3042
2239
1938
2330
3052
2274
1934
2337
3055
2270
1954
2341
3047
2273
1930
2327
3046
2262
1924
2343
3053
2267
1948
2337
3052
2267
1920
2344
3037
2253
1932
2335
3049
2297
1942
2352
3053
2255
1952
2329
3043
2255
1940
2339
3045
2274
1973
2364
3055
2270
1954
2350
3041
2257
1928
2331
3049
2261
1934
2341
3052
2297
1936
2345
3043
2275
1932
2342
3047
2277
1952
2346
3050
2257
1938
2345
3045
2255
1908
2334
3049
2257
1944
2372
3051
2257
1945
2332
3059
2256
1936
2351
3043
2259
1920
2332
3043
2260
1930
2340
3047
2273
1952
2339
3053
2261
1955
2331
3042
2263
1940
2341
3046
2283
1972
2337
3047
2268
1917
2340
3040
2261
1954
2339
3055
2281
1936
2368
3051
2293
1954
2338
3044
2267
1934
2343
3043
2289
1930
2346
3054
2283
1944
2351
3055
2257
1946
2331
3045
2275
1958
2339
3057
2267
1948
2335
3050
2269
1930
2343
3046
2271
1932
2348
3051
2276
1919
2343
3053
2253
1962
2339
3042
2262
1922
2342
3047
2265
1938
2365
3052
2293
1948
2333
3051
2250
1946
2335
3044
2271
1950
2347
3059
2277
1941
2343
3049
2273
1927
2348
3042
2261
1938
2345
3053
2293
1968
2346
3053
2265
1911
2343
3042
2271
1926
2352
3046
2264
1948
2349
3052
2283
1954
2335
3051
2254
1938
2341
3041
2242
1960
2351
3047
2282
1948
2332
3049
2265
1927
2344
3041
2261
1962
2340
3059
2268
1934
2361
3053
2285
1902
2339
3041
2273
1929
2351
3045
2254
1942
2343
3061
2273
1948
2352
3051
2264
1970
2337
3043
2283
1932
2327
3053
2266
1934
2344
3047
2256
1982
2350
3041
2283
1979
2344
3051
2257
1942
2349
3051
2251
1944
2333
3041
2266
1932
2329
3043
2271
1942
2344
3056
2270
1926
2341
3045
2259
1914
2338
3041
2271
1968
2352
3055
2291
1918
2347
3047
2271
1938
2333
3041
2267
1932
2355
3049
2260
1936
2337
3047
2271
1924
2339
3037
2255
1923
2336
3043
2269
1946
2345
3057
2267
1946
2355
3047
2265
1952
2335
3051
2274
1963
2349
3049
2260
1965
2339
3047
2283
1934
2337
3041
2263
1952
2345
3047
2275
1907
2347
3052
2265
1948
2325
3039
2256
1928
2329
3047
2253
1942
2347
3057
2267
1928
2346
3047
2261
1918
2342
3047
2273
1932
2335
3053
2278
1936
2346
3040
2271
1966
2347
3051
2269
1914
2335
3049
2295
1946
2357
3057
2263
1944
2335
3037
2279
1940
2342
3047
2267
1936
2337
3048
2260
1920
2346
3041
2271
1930
2337
3043
2287
1960
2356
3053
2266
1930
2342
3047
2263
1942
2335
3041
2277
1934
2350
3055
2283
1938
2341
3048
2270
1952
2335
3037
2275
1932
2347
3045
2271
1914
2347
3053
2262
1926
2346
3049
2279
1976
2333
3049
2273
1938
2339
3057
2273
1924
2344
3047
2245
1932
2337
3051
2297
1924
2342
3057
2255
1954
2343
3066
2269
1946
2341
3039
2263
1954
2337
3047
2281
1965
2348
3051
2266
1952
2346
3041
2269
1912
2331
3046
2273
1981
2349
3065
2279
1960
2326
3051
2267
1959
2341
3041
2283
1942
2350
3051
2267
1940
2345
3047
2259
1936
2337
3043
2260
1942
2338
3049
2271
1991
2354
3049
2254
1924
2343
3039
2267
1946
2343
3047
2271
1932
2348
3051
2265
1966
2338
3049
2282
1922
2321
3047
2261
1946
2339
3048
2285
1962
2355
3051
2262
1964
2342
3043
2240
1938
2339
3046
2285
1953
2345
3053
2273
1930
2342
3045
2289
1940
2333
3057
2271
1926
2344
3056
2275
1941
2347
3046
2269
1916
2331
3043
2273
1958
2339
3058
2279
1946
2353
3057
2281
1914
2350
3039
2269
1968
2345
3047
2269
1962
2357
3049
2268
1958
2346
3039
2267
1916
2335
3047
2250
1958
2350
3053
2269
1928
2333
3045
2269
1934
2352
3045
2261
1928
2348
3057
2274
1956
2346
3053
2268
1926
2335
3039
2265
1919
2347
3057
2273
1932
2349
3047
2270
1924
2341
3039
2247
1954
2335
3045
2256
1944
2340
3051
2265
1932
2339
3049
2267
1926
2337
3041
2285
1940
2347
3052
2283
1940
2354
3051
2263
1922
2344
3041
2246
1932
2339
3049
2281
1946
2339
3051
2250
1945
2345
3037
2243
1912
2335
3049
2281
1922
2340
3054
2261
1956
2349
3053
2253
1945
2342
3049
2263
1948
2343
3057
2283
1956
2344
3047
2267
1934
2335
3039
2263
1918
2343
3051
2279
1920
2338
3056
2279
1932
2342
3046
2268
1920
2349
3045
2275
1932
2335
3050
2287
1932
2331
3041
2262
1924
2346
3047
2279
1934
2340
3058
2281
1957
2345
3043
2258
1934
2332
3045
2251
1914
2333
3055
2279
1928
2343
3051
2260
1922
2349
3035
2263
1961
2341
3053
2273
1954
2356
3055
2265
1950
2353
3041
2272
1932
2348
3046
2258
1940
2353
3053
2283
1952
2356
3049
2277
1916
2345
3046
2283
1938
2349
3051
2271
1931
2336
3044
2275
1980
2325
3041
2277
1962
2339
3057
2266
1938
2344
3059
2259
1966
2344
3047
2273
1942
2331
3049
2267
1964
2343
3057
2259
1903
2342
3045
2279
1924
2349
3042
2257
1930
2341
3057
2284
1946
2352
3049
2271
1930
2347
3038
2255
1959
2340
3043
2278
1934
2349
3049
2253
1928
2325
3043
2260
1932
2335
3050
2277
1982
2347
3055
2273
1942
2344
3047
2271
1936
2349
3039
2253
1970
2351
3049
2277
1936
2352
3050
2277
1938
2337
3046
2249
1950
2337
3053
2273
1942
2359
3048
2284
1944
2330
3037
2262
1925
2333
3051
2265
1920
2356
3053
2253
1917
2339
3049
2261
1948
2337
3045
2266
1932
2344
3053
2280
1948
2348
3045
2259
1920
2348
3044
2263
1936
2335
3048
2269
1946
2358
3055
2284
1928
2341
3051
2272
1946
2342
3045
2261
1952
2351
3055
2263
1946
2338
3047
2273
1942
2357
3043
2264
1930
2336
3059
2273
1928
2339
3049
2273
1911
2341
3041
2263
1949
2350
3050
2281
1914
2339
3052
2289
1938
2330
3037
2270
1944
2350
3047
2255
1958
2351
3057
2283
1934
2356
3045
2259
1950
2347
3043
2284
1944
2342
3054
2275
1942
2337
3048
2283
1944
2335
3041
2275
1936
2348
3053
2275
1938
2349
3045
2262
1918
2333
3041
2251
1944
2335
3045
2271
1940
2351
3043
2258
1956
2341
3042
2255
1928
2335
3045
2267
1952
2344
3057
2261
1946
2344
3043
2255
1928
2331
3041
2275
1936
2335
3054
2269
1946
2355
3047
2258
1938
2349
3037
2274
1928
2337
3049
2255
1968
2343
3051
2287
1922
2362
3051
2267
1964
2352
3055
2263
1940
2352
3053
2260
1930
2338
3043
2263
1940
2345
3043
2273
1943
2344
3066
2263
1959
2357
3047
2264
1946
2339
3035
2259
1930
2341
3049
2262
1961
2341
3055
2270
1928
2334
3045
2251
1934
2355
3047
2277
1950
2346
3053
2275
1930
2337
3041
2272
1944
2343
3045
2280
1936
2350
3054
2271
1954
2349
3043
2267
1948
2344
3047
2289
1956
2349
3051
2273
1964
2350
3051
2269
1922
2347
3042
2265
1950
2341
3045
2269
1938
2344
3054
2265
1944
2341
3043
2256
1968
2331
3054
2260
1966
2350
3057
2261
1936
2338
3047
2271
1951
2330
3039
2249
1922
2339
3051
2262
1936
2343
3051
2262
1950
2333
3039
2265
1942
2341
3047
2278
1952
2347
3050
2271
1924
2341
3047
2267
1944
2352
3043
2273
1950
2349
3050
2277
1956
2345
3047
2281
1944
2320
3039
2261
1940
2352
3059
2267
1934
2339
3053
2269
1922
2336
3039
2264
1934
2337
3045
2273
1963
2349
3043
2267
1932
2335
3046
2263
1926
2338
3049
2273
1936
2351
3055
2272
1930
2346
3045
2262
1936
2324
3043
2271
1926
2329
3055
2263
1944
2344
3052
2271
1922
2353
3045
2255
1946
2349
3043
2285
1952
2336
3055
2269
1930
2335
3045
2262
1954
2338
3051
2267
1940
2353
3065
2293
1926
2340
3045
2259
1934
2327
3041
2263
1938
2361
3053
2260
1936
2350
3047
2279
1940
2333
3047
2271
1936
2339
3055
2281
1968
2343
3057
2271
1945
2345
3041
2266
1942
2345
3038
2283
1934
2341
3049
2279
1944
2351
3045
2265
1942
2343
3041
2251
1912
2350
3057
2275
1932
2354
3049
2271
1938
2333
3031
2274
1938
2327
3047
2257
1948
2350
3055
2268
1934
2343
3043
2261
1958
2325
3051
2275
1920
2345
3051
2276
1928
2356
3045
2255
1944
2338
3036
2287
1934
2342
3055
2287
1958
2334
3054
2261
1934
2354
3041
2264
1953
2336
3047
2258
1980
2349
3060
2263
1964
2337
3041
2272
1930
2340
3045
2279
1932
2355
3051
2265
1973
2336
3055
2267
1911
2327
3037
2274
1950
2342
3053
2271
1942
2341
3044
2253
1944
2325
3039
2275
1938
2328
3049
2289
1932
2339
3053
2271
1926
2347
3041
2240
1930
2338
3045
2269
1960
2346
3057
2281
1940
2342
3044
2253
1938
2339
3045
2263
1952
2337
3061
2275
1955
2343
3046
2261
1932
2337
3051
2275
1944
2352
3049
2277
1940
2343
3056
2277
1924
2335
3041
2256
1924
2338
3049
2273
1939
2340
3047
2283
1941
2345
3053
2283
1912
2335
3041
2274
1948
2351
3057
2275
1932
2337
3048
2283
1940
2343
3037
2285
1924
2336
3053
2283
1954
2357
3063
2260
1954
2343
3047
2271
1934
2346
3050
2278
1936
2349
3055
2279
1936
2349
3047
2241
1918
2347
3051
2266
1944
2349
3046
2275
1942
2354
3045
2261
1922
2339
3041
2271
1942
2348
3050
2287
1964
2345
3051
2277
1920
2346
3045
2269
1948
2340
3045
2266
1938
2337
3049
2259
1930
2365
3039
2271
1924
2335
3045
2262
1948
2350
3052
2271
1968
2337
3043
2271
1954
2323
3041
2267
1934
2338
3052
2269
1958
2333
3053
2267
1936
2338
3043
2279
1952
9807
2620
2293
1927
2344
3057
2258
1928
2331
3043
87608
2317
2130
1964
2408
2866
2596
2315
2216
2021
2428
2815
2617
2309
2204
2009
2369
2686
2747
2352
2006
52621
2263
2311
1923
2160
2366
2965
2271
2263
1948
2049
2325
2271
2274
2269
2047
2426
1946
2811
1994
2866
2213
2420
2273
1948
2353
3060
2259
1930
2341
3052
2252
1930
2354
3047
2271
1948
2334
3053
2266
1906
2347
3053
2273
1896
2333
3037
2267
1942
2341
3047
2270
1938
2353
3051
2277
1966
2339
3042
2266
1934
2353
3047
2272
1942
2339
3055
2285
1968
2343
3050
2278
1950
2337
3035
2255
1922
2355
3054
2267
1934
2351
3047
2271
1930
2336
3037
2257
1950
2345
3051
2265
1958
2356
3061
2271
1961
2349
3037
2268
1934
2339
3045
2254
1930
2335
3050
2269
1938
2343
3045
2279
1976
2340
3047
2269
1928
2345
3056
2276
1922
2341
3047
2265
1950
2337
3041
2265
1946
2349
3049
2266
1954
2344
3058
2271
1924
2341
3039
2275
1946
2334
3049
2274
1932
2359
3053
2277
1940
2355
3046
2256
1944
2346
3046
2271
1952
2339
3049
2267
1960
2339
3051
2273
1940
2328
3043
2269
1944
2335
3043
2295
1948
2352
3062
2263
1966
2335
3041
2244
1950
2347
3051
2269
1912
2347
3051
2277
1924
2350
3041
2256
1956
2332
3043
2259
1908
2351
3055
2275
1921
2341
3049
2263
1921
2335
3039
2277
1934
2336
3047
2293
1967
2360
3053
2271
1936
2337
3045
2267
1910
2339
3047
2279
1958
2352
3053
2267
1930
2345
3043
2252
1934
2345
3041
2277
1916
2341
3055
2291
1942
2361
3047
2263
1925
2336
3044
2257
1957
2347
3049
2273
1932
2360
3047
2283
1946
2335
3039
2257
1918
2344
3051
2279
1920
2359
3054
2279
1928
2339
3043
2271
1926
2335
3043
2273
1930
2354
3052
2277
1950
2339
3047
2283
1922
2339
3039
2275
1936
2349
3053
2260
1954
2344
3050
2273
1916
2331
3041
2264
1940
2337
3049
2273
1950
2350
3051
2273
1948
2356
3039
2252
1960
2339
3046
2275
1926
2333
3051
2285
1952
2341
3054
2265
1940
2329
3043
2259
1936
2348
3049
2271
1968
2341
3049
2275
1924
2335
3039
2275
1948
2349
3046
2299
1934
2341
3051
2260
1918
2330
3043
2283
1934
2336
3047
2269
1965
2344
3053
2271
1949
2350
3056
2267
1938
2321
3041
2255
1924
2343
3051
2259
1944
2343
3049
2285
1912
2339
3039
2265
1919
2341
3049
2265
1958
2335
3053
2259
1946
2355
3045
2253
1924
2333
3045
2275
1932
2343
3055
2279
1958
2339
3045
2283
1936
2341
3047
2287
1926
2340
3051
2268
1946
2338
3047
2251
1930
2330
3035
2266
1897
2347
3049
2261
1944
2364
3047
2287
1902
2330
3041
2259
1936
2351
3047
2284
1944
2340
3055
2275
1928
2338
3045
2265
1934
2343
3048
2277
1928
2348
3055
2275
1958
2349
3048
2256
1930
2344
3041
2289
1938
2348
3057
2289
1946
2344
3051
2277
1938
2344
3041
2287
1934
2348
3045
2277
1966
2346
3057
2279
1963
2333
3041
2267
1928
2337
3043
2251
1936
2356
3053
2293
1960
2333
3049
2269
1966
2333
3041
2262
1954
2340
3051
2263
1926
2349
3053
2256
1956
2344
3043
2271
1922
2335
3051
2257
1940
2348
3051
2262
1936
2347
3043
2251
1928
2350
3049
2261
1954
2332
3046
2267
1926
2341
3043
2276
1977
2331
3037
2279
1932
2332
3058
2270
1946
2339
3049
2276
1961
2328
3040
2285
1934
2341
3047
2297
1920
2362
3053
2267
1956
2341
3045
2261
1942
2335
3039
2261
1933
2335
3047
2279
1930
2341
3057
2291
1910
2330
3041
2269
1936
2340
3050
2283
1938
2351
3059
2270
1944
2332
3043
2271
1948
2345
3047
2274
1930
2337
3051
2291
1954
2333
3043
2263
1930
2329
3045
2266
1930
2334
3051
2283
1924
2342
3047
2278
1922
2330
3043
2265
1938
2351
3050
2277
1997
2342
3047
2271
1906
2345
3037
2273
1951
2344
3047
2255
1936
2340
3052
2275
1948
2341
3051
2281
1940
2341
3049
2265
1938
2341
3051
2277
1961
2333
3043
2269
1957
2347
3039
2253
1921
2355
3051
2272
1934
2343
3049
2262
1946
2343
3036
2253
1957
2347
3049
2261
1922
2336
3051
2271
1938
2349
3043
2279
1934
2358
3043
2264
1932
2353
3051
2275
1932
2341
3041
2259
1942
2339
3041
2271
1950
2331
3053
2269
1946
2341
3049
2251
1942
2340
3039
2265
1924
2341
3051
2263
1940
2344
3050
2267
1934
2327
3037
2262
1964
2344
3044
2258
1946
2351
3055
2283
1924
2349
3049
2265
1924
2325
3045
2263
1948
2335
3051
2277
1950
2339
3047
2274
1920
2341
3040
2251
1934
2345
3051
2281
1934
2355
3049
2261
1924
2341
3039
2262
1924
2341
3045
2261
1956
2357
3051
2264
1948
2340
3039
2258
1914
2349
3053
2277
1950
2359
3049
2281
1932
2338
3047
2272
1914
2339
3051
2266
1946
2346
3045
2271
1956
2336
3049
2277
1946
2361
3041
2252
1930
2359
3046
2275
1956
2347
3051
2261
1940
2331
3047
2273
1951
2335
3047
2283
1944
2337
3053
2271
1960
2348
3045
2269
1936
2327
3047
2267
1944
2344
3049
2255
1944
2354
3048
2281
1954
2346
3043
2285
1942
2348
3046
2277
1930
2345
3051
2258
1946
2341
3045
2281
1926
2337
3046
2277
1938
2337
3057
2265
1912
2350
3054
2275
1916
2329
3042
2277
1926
2340
3050
2263
1914
2347
3051
2243
1934
2351
3049
2273
1930
2340
3049
2279
1934
2356
3051
2285
1934
2345
3041
2265
1938
2349
3044
2277
1938
2355
3055
2263
1908
2359
3045
2267
1936
2337
3043
2252
1914
2342
3045
2265
1948
2351
3046
2269
1922
2327
3041
2260
1952
2358
3044
2257
1934
2344
3053
2264
1958
2341
3041
2271
1954
2337
3055
2271
1932
2348
3047
2279
1899
2339
3045
2267
1953
2333
3043
2253
1960
2339
3049
2275
1970
2351
3047
2270
1942
2335
3039
2266
1942
2342
3048
2275
1952
2353
3051
2273
1926
2346
3047
2259
1948
2331
3043
2291
1928
2350
3057
2269
1938
2343
3047
2263
1942
2337
3045
2252
1926
2344
3050
2269
1911
2341
3046
2262
1922
2334
3039
2259
1910
2357
3050
2273
1914
2347
3051
2275
1934
2345
3045
2234
1950
2347
3041
2273
1938
2348
3051
2261
1921
2343
3049
2249
1916
2339
3045
2270
1934
2342
3051
2263
1966
2345
3065
2283
1972
2343
3047
2262
1936
2345
3049
2273
1946
2341
3049
2258
1952
2344
3041
2241
1936
2345
3044
2264
1974
2336
3055
2271
1952
2331
3049
2250
1912
2341
3041
2267
1934
2344
3055
2261
1938
2343
3043
2248
1920
2335
3041
2273
1942
2341
3051
2263
1942
2349
3053
2279
1940
2348
3041
2273
1932
2339
3043
2268
1946
2349
3051
2271
1924
2337
3049
2263
1958
2343
3047
2269
1918
2332
3056
2281
1954
2339
3045
2259
1919
2338
3042
2251
1932
2335
3048
2267
1948
2346
3047
2263
1942
2341
3037
2243
1932
2339
3049
2266
1940
2340
3048
2248
1942
2347
3051
2259
1932
2341
3041
2273
1950
2336
3052
2279
1912
2333
3041
2279
1908
2336
3042
2253
1944
2347
3047
2285
1938
2341
3047
2267
1954
2347
3037
2261
1930
2339
3047
2266
1964
2348
3057
2291
1928
2335
3045
2263
1933
2333
3045
2268
1956
2351
3054
2265
1920
2344
3051
2272
1916
2336
3041
2269
1928
2337
3051
2264
1932
2350
3056
2271
1934
2340
3043
2257
1958
2345
3057
2268
1950
2350
3055
2263
1948
2354
3039
2267
1944
2353
3045
2263
1960
2339
3060
2268
1954
2345
3051
2244
1924
2335
3053
2253
1958
2327
3053
2270
1956
2347
3051
2289
1946
2349
3050
2260
1938
2332
3047
2274
1942
2354
3048
2271
1936
2331
3045
2255
1930
2358
3047
2265
1922
2352
3054
2265
1938
2344
3057
2273
1960
2336
3040
2270
1930
2345
3049
2265
1898
2357
3048
2261
1926
2357
3039
2275
1936
2342
3049
2271
1928
2359
3054
2273
1916
2331
3039
2248
1938
2337
3049
2267
1936
2347
3047
2271
1928
2334
3047
2259
1936
2335
3041
2292
1932
2332
3049
2281
1926
2338
3053
2267
1944
2343
3039
2271
1916
2335
3051
2273
1938
2353
3046
2256
1918
2362
3039
2267
1936
2333
3051
2269
1940
2343
3063
2260
1936
2353
3043
2263
1962
2335
3050
2270
1914
2341
3053
2282
1932
2349
3044
2287
1960
2337
3041
2270
1938
2337
3049
2268
1972
2355
3046
2256
1956
2341
3049
2257
1936
2339
3051
2253
1946
2339
3043
2283
1932
2340
3045
2269
1950
2331
3047
2267
1916
2358
3053
2295
1998
2347
3049
2257
1934
2341
3039
2293
1930
2348
3048
2261
1950
2345
3056
2275
1916
2341
3049
2263
1956
2348
3041
2267
1952
2349
3051
2262
1924
2339
3053
2269
1914
2337
3048
2277
1942
2335
3051
2263
1948
2341
3045
2271
1934
2329
3041
2259
1934
2350
3055
2287
1964
2356
3049
2283
1932
2338
3039
2273
1924
2342
3060
2279
1966
2341
3049
2271
1928
2347
3045
2279
1924
2336
3049
2283
1958
2362
3050
2267
1994
2346
3043
2255
1963
2337
3039
2260
1958
2345
3048
2281
1982
2341
3043
2284
1925
2347
3037
2258
1936
2339
3045
2269
1953
2339
3053
2278
1958
2343
3046
2255
1934
2335
3041
2272
1928
2354
3053
2265
1974
2343
3043
2283
1948
2335
3043
2256
1934
2334
3054
2283
1960
2343
3047
2265
1956
2337
3041
2255
1930
2338
3049
2266
1952
2341
3049
2257
1948
2340
3031
2267
1930
2337
3043
2269
1938
2348
3061
2291
1920
2333
3043
2273
1950
2331
3043
2287
1934
2339
3049
2293
1956
2351
3047
2301
1942
2344
3035
2267
1930
2351
3043
2283
1942
2346
3049
2273
1949
2340
3041
2259
1924
2335
3045
2267
1921
2346
3061
2261
1920
2333
3047
2249
1946
2339
3043
2259
1923
2338
3060
2283
1940
2340
3053
2277
1924
2332
3039
2267
1936
2401
3053
2305
1926
2349
3051
2264
1956
2353
3106
2325
2305
1961
2165
2384
3092
2339
2301
2120
2006
2377
2938
2481
2303
2133
2612
2319
2399
2338
2126
41908
2273
2162
1968
2359
2676
2630
2277
2170
1971
2529
1944
2918
2059
2356
3060
2268
1930
2337
3050
2253
1932
2331
3051
2255
1957
2363
3055
2269
1916
2333
3047
2261
1967
2333
3047
2275
1934
2348
3047
2283
1944
2350
3045
2270
1934
2334
3043
2263
1938
2359
3052
2281
1968
2354
3049
2255
1938
2337
3042
2257
1928
2340
3045
2270
1938
2350
3053
2265
1938
2347
3047
2254
1971
2339
3043
2275
1954
2335
3052
2268
1944
2344
3053
2262
1916
2332
3041
2271
1953
2340
3049
2259
1952
2346
3047
2270
1922
2342
3042
2273
1944
2339
3049
2262
1962
2341
3052
2271
1936
2341
3041
2255
1932
2332
3046
2267
1948
2351
3054
2265
1930
2350
3045
2288
1956
2345
3049
2257
1958
2355
3053
2275
1936
2352
3048
2269
1944
2341
3037
2245
1946
2351
3043
2285
1930
2369
3057
2273
1930
2358
3045
2260
1915
2342
3043
2257
1928
2345
3053
2266
1972
2352
3041
2254
1930
2343
3036
2265
1938
2351
3051
2282
1950
2340
3051
2250
1956
2341
3041
2281
1930
2334
3051
2267
1969
2356
3052
2279
1954
2345
3043
2262
1932
2336
3045
2291
1930
2345
3063
2265
1920
2325
3050
2263
1928
2348
3050
2277
1942
2337
3051
2283
1940
2344
3048
2269
1968
2343
3043
2261
1926
2350
3051
2255
1909
2351
3061
2269
1941
2333
3045
2271
1919
2341
3043
2273
1934
2339
3051
2260
1952
2343
3046
2279
1936
2339
3045
2257
1926
2345
3063
2283
1936
2343
3049
2267
1962
2337
3039
2260
1926
2335
3053
2275
1944
2343
3057
2265
1958
2329
3043
2267
1942
2335
3049
2265
1934
2348
3059
2275
1936
2354
3047
2265
1946
2331
3046
2291
1942
2326
3051
2251
1956
2344
3048
2255
1937
2339
3041
2262
1966
2341
3050
2269
1942
2341
3049
2271
1946
2341
3041
2249
1932
2333
3045
2275
1912
2349
3055
2267
1932
2344
3053
2250
1922
2347
3041
2253
1951
2340
3049
2272
1958
2337
3047
2278
1938
2333
3041
2263
1936
2337
3049
2279
1956
2351
3047
2291
1923
2350
3037
2256
1928
2353
3043
2259
1955
2355
3051
2295
1938
2338
3047
2255
1926
2339
3044
2279
1936
2339
3051
2261
1936
2357
3049
2276
1972
2343
3049
2265
1930
2337
3051
2277
1938
2352
3047
2281
1940
2356
3039
2255
1928
2343
3050
2265
1926
2344
3053
2281
1942
2350
3044
2261
1923
2329
3043
2265
1928
2351
3053
2275
1913
2349
3055
2247
1944
2333
3037
2279
1932
2336
3060
2252
1950
2341
3049
2267
1934
2343
3037
2265
1924
2333
3057
2272
1941
2352
3053
2253
1950
2350
3041
2270
1934
2347
3053
2266
1928
2342
3052
2271
1940
2339
3049
2264
1928
2331
3047
2254
1942
2341
3053
2273
1954
2345
3047
2285
1944
2351
3033
2263
1918
2337
3050
2258
1926
2344
3053
2261
1948
2353
3047
2281
1930
2335
3047
2277
1948
2344
3057
2267
1938
2331
3053
2266
1954
2342
3043
2259
1942
2335
3055
2271
1936
2349
3051
2275
1914
2348
3035
2257
1934
2349
3055
2270
1962
2342
3051
2254
1944
2333
3047
2259
1920
2336
3043
2278
1942
2353
3053
2273
1934
2329
3043
2260
1960
2333
3039
2260
1920
2337
3057
2290
1947
2350
3049
2261
1930
2341
3036
2269
1924
2347
3051
2286
1960
2344
3056
2297
1936
2336
3049
2269
1940
2337
3047
2279
1934
2339
3055
2275
1954
2339
3046
2274
1922
2325
3043
2265
1920
2355
3059
2283
1906
2374
3051
2281
1934
2334
3040
2257
1938
2333
3043
2279
1928
2339
3049
2263
1924
2339
3049
2268
1954
2340
3043
2261
1951
2346
3059
2269
1924
2346
3045
2269
1946
2352
3046
2283
1924
2353
3052
2274
1961
2336
3047
2287
1913
2337
3037
2279
1924
2335
3047
2254
1932
2347
3049
2259
1906
2343
3039
2260
1950
2336
3049
2273
1964
2341
3055
2285
1971
2345
3043
2258
1936
2334
3047
2261
1932
2335
3053
2289
1940
2341
3057
2251
1970
2340
3043
2249
1946
2355
3049
2277
1937
2356
3052
2263
1922
2337
3040
2253
1942
2346
3043
2267
1936
2351
3055
2243
1970
2339
3047
2269
1924
2356
3037
2269
1954
2341
3057
2281
1946
2345
3043
2269
1936
2344
3044
2261
1923
2351
3057
2267
1960
2343
3052
2257
1922
2339
3053
2250
1922
2334
3047
2259
1956
2351
3052
2244
1960
2341
3043
2262
1948
2342
3042
2289
1968
2341
3053
2279
1924
2333
3047
2261
1934
2331
3040
2267
1928
2357
3047
2276
1970
2341
3053
2273
1926
2331
3049
2260
1967
2336
3051
2257
1966
2353
3053
2274
1965
2342
3051
2265
1924
2353
3045
2279
1944
2357
3057
2278
1946
2335
3047
2265
1956
2341
3042
2254
1950
2350
3051
2255
1928
2347
3046
2251
1970
2335
3031
2266
1938
2338
3055
2259
1932
2351
3049
2266
1952
2337
3054
2251
1930
2336
3046
2283
1950
2347
3051
2270
1936
2340
3048
2265
1942
2333
3045
2267
1936
2343
3057
2269
1946
2334
3044
2273
1950
2333
3033
2271
1938
2344
3047
2289
1934
2353
3047
2265
1936
2346
3039
2277
1954
2335
3045
2285
1938
2357
3049
2276
1930
2333
3043
2277
1950
2339
3046
2270
1932
2343
3051
2271
1926
2340
3045
2270
1942
2337
3039
2267
1938
2352
3047
2271
1952
2363
3059
2265
1934
2336
3045
2267
1944
2326
3057
2259
1950
2350
3051
2279
1924
2335
3049
2271
1908
2335
3039
2276
1940
2339
3053
2283
1958
2335
3054
2269
1926
2329
3055
2259
1924
2342
3054
2268
1957
2350
3051
2257
1956
2338
3043
2275
1932
2345
3045
2259
1928
2340
3060
2283
1942
2349
3048
2251
1923
2345
3043
2281
1958
2352
3055
2275
1963
2355
3049
2261
1950
2346
3045
2266
1948
2345
3051
2253
1953
2341
3061
2249
1940
2342
3041
2257
1953
2339
3043
2271
1960
2331
3053
2295
1920
2349
3056
2255
1916
2331
3051
2276
1938
2348
3050
2293
1954
2345
3047
2275
1918
2323
3037
2281
1920
2336
3045
2274
1946
2343
3045
2263
1930
2346
3037
2257
1926
2341
3047
2273
1958
2353
3059
2281
1968
2349
3039
2269
1945
2341
3045
2274
1914
2334
3052
2269
1939
2343
3049
2267
1948
2343
3043
2279
1924
2335
3049
2250
1942
2342
3051
2259
1928
2345
3046
2273
1944
2341
3055
2259
1942
2343
3055
2261
1932
2339
3043
2263
1916
2333
3049
2258
1932
2353
3053
2251
1948
2347
3043
2256
1906
2350
3047
2267
1930
2361
3054
2276
1953
2352
3056
2266
1956
2331
3041
2263
1943
2344
3049
2270
1946
2364
3051
2277
1934
2335
3044
2267
1922
2339
3045
2271
1936
2347
3057
2265
1934
2357
3047
2257
1907
2345
3033
2283
1952
2339
3050
2268
1958
2340
3049
2253
1924
2342
3041
2265
1950
2356
3045
2277
1934
2349
3051
2275
1952
2355
3047
2268
1928
2335
3045
2265
1950
2347
3054
2275
1954
2348
3049
2262
1917
2335
3039
2245
1942
2339
3063
2264
1958
2353
3045
2255
1918
2336
3043
2272
1978
2353
3061
2281
1938
2358
3048
2269
1952
2341
3042
2281
1959
2345
3047
2259
1895
2343
3060
2251
1920
2342
3045
2279
1948
2331
3042
2277
1952
2342
3053
2264
1962
2351
3051
2263
1944
2341
3043
2261
1947
2348
3053
2289
1936
2350
3049
2264
1920
2339
3045
2260
1946
2341
3045
2271
1950
2345
3052
2271
1952
2352
3053
2255
1940
2340
3056
2255
1932
2333
3053
2278
1928
2347
3049
2253
1952
2339
3043
2266
1944
2339
3045
2264
1948
2347
3052
2287
1928
2343
3053
2254
1920
2330
3057
2263
1944
2335
3053
2259
1952
2332
3045
2277
1912
2344
3042
2259
1979
2351
3051
2281
1944
2350
3061
2265
1926
2339
3041
2270
1943
2341
3049
2277
1952
2347
3049
2263
1960
2340
3043
2271
1946
2338
3047
2269
1958
2359
3049
2274
1968
2342
3047
2263
1930
2349
3043
2257
1951
2335
3057
2275
1950
2331
3049
2257
1948
2347
3055
2276
1924
2333
3053
2281
1950
2334
3052
2270
1922
2336
3043
2279
1942
2351
3051
2269
1950
2347
3053
2267
1936
2348
3045
2267
1952
2345
3046
2277
1923
2341
3055
2295
1966
2344
3047
2277
1945
2341
3045
2260
1958
2332
3050
2256
1946
2351
3049
2269
1932
2337
3041
2265
1952
2355
3047
2259
1942
2350
3053
2287
1922
2334
3049
2261
1932
2343
3047
2285
1940
2348
3055
2271
1897
2345
3051
2255
1950
2349
3043
2266
1967
2354
3049
2271
1970
2350
3045
2264
1954
2335
3035
2250
1910
2351
3048
2275
1949
2339
3049
2270
1940
2343
3039
2265
1938
2341
3045
2267
1942
2355
3063
2262
1936
2349
3049
2273
1952
2331
3045
2266
1961
2350
3051
2283
1946
2353
3046
2254
1930
2345
3041
2266
1918
2353
3054
2268
1959
2349
3051
2266
1958
2350
3045
2255
1944
2343
3046
2269
1940
2340
3055
2266
1948
2342
3040
2251
1932
2343
3045
2268
1966
2345
3051
2287
1952
2353
3057
2267
1940
2329
3043
2265
1926
2339
3051
2295
1965
2348
3051
2277
1946
2335
3041
2249
1943
2352
3043
2272
1958
2356
3058
2273
1960
2335
3046
2262
1924
2341
3043
2270
1924
2349
3050
2271
1950
2339
3047
2277
1932
2335
3041
2242
1944
2365
3059
2271
1920
2344
3049
2279
1948
2335
3051
2259
1906
2337
3047
2275
1962
2346
3062
2273
1936
2341
3048
2261
1932
2341
3039
2276
1936
2345
3061
2261
1958
2345
3047
2279
1942
2338
3045
2269
1950
2347
3047
2277
1963
2350
3051
2293
1934
2341
3039
2263
1926
2333
3045
2289
1924
2348
3062
2279
1936
2331
3047
2257
1944
2326
3047
2258
1936
2336
3051
2261
1922
2339
3049
2268
1920
2336
3047
2265
5308
2356
3049
2329
1944
2348
3055
2255
1964
2333
3039
2261
1936
2356
3045
2288
1930
2343
3061
2295
1940
2337
3045
2299
1922
2345
3047
2285
1940
2355
3058
2264
1910
2334
3053
2271
1916
2346
3041
2273
1942
2343
3053
2269
1916
2360
3045
2269
1940
2347
3038
2259
1926
2329
3051
2271
1944
2349
3046
2271
1949
2349
3041
2267
1923
2347
3049
2257
1926
2345
3057
2275
1932
2350
3051
2265
1934
2342
3047
2263
1936
2345
3051
2273
1940
2356
2424
2271
