3066
2330
1980
2406
3055
2277
1917
2344
3053
2267
1958
2347
3049
2289
1916
2335
3040
2270
1920
2325
3044
2263
1946
2339
3051
2258
1930
2354
3052
2273
1934
2350
3043
2257
1910
2345
3037
2257
1961
2339
2462
2261
1950
2386
3053
2271
1930
2366
3051
2265
1901
2349
3053
2265
1940
2329
3041
2278
1940
2353
3046
2281
1952
2342
3049
2287
1961
2347
3049
2266
1932
2342
3039
2264
1938
2337
3045
2275
1958
2351
3059
2257
1912
2359
3053
2287
1932
2345
3052
2267
1922
2333
3041
2283
1938
2351
3047
2273
1946
2337
3055
2277
1932
2339
3051
2275
1948
2341
3051
2257
1914
2337
3040
2291
1924
2340
3050
2279
1954
2359
3061
2287
1956
2337
3050
2256
1930
2341
3039
2266
1938
2341
3047
2267
1923
2362
3049
2271
1952
2351
3055
2267
1960
2350
3045
2251
1940
2337
3033
2273
1914
2345
3047
2275
1905
2333
3049
2267
1936
2347
3049
2273
1934
2329
3038
2268
1946
2323
3035
2259
1924
2327
3047
2247
1950
2343
3051
2267
1944
2351
3045
2289
1972
2350
3039
2267
1904
2337
3043
2265
1946
2343
3046
2270
1946
2343
3053
2277
1922
2336
3045
2259
1909
2325
3043
2258
1930
2347
3047
2271
1940
2352
3054
2287
1991
2357
3053
2285
1929
2353
3047
2273
1934
2329
3044
2265
1938
2341
3055
2259
1932
2349
3053
2261
1936
2343
3047
2277
1950
2345
3041
2267
1922
2336
3047
2257
1958
2333
3058
2291
1956
2345
3060
2258
1920
2344
3037
2283
1954
2345
3031
2299
1965
2340
3052
2293
1947
2338
3054
2261
1957
2349
3043
2285
1938
2337
3047
2272
1940
2351
3033
2273
1942
2340
3051
2271
1938
2351
3050
2258
1956
2353
3045
2261
1948
2332
3059
2279
1900
2339
3039
2269
1948
2348
3044
2281
1948
2348
3053
2277
1936
2345
3045
2273
1924
2339
3041
2264
1932
2356
3046
2266
1928
2349
3057
2267
1938
2352
3051
2271
1964
2345
3037
2268
1952
2340
3042
2262
1936
2350
3041
2279
1975
2343
3053
2259
1928
2339
3050
2256
1919
2335
3039
2256
1924
2339
3045
2283
1954
2350
3050
2287
1946
2333
3051
2270
1956
2355
3043
2279
1940
2341
3043
2289
1934
2354
3048
2271
1926
2351
3051
2273
1944
2345
3051
2269
1936
2339
3043
2267
1926
2341
3046
2279
1950
2357
3039
2245
1922
2343
3055
2265
1936
2355
3049
2254
1936
2340
3040
2273
1938
2335
3049
2263
1914
2347
3053
2280
1946
2339
3047
2255
1944
2346
3043
2259
1924
2341
3041
2269
1926
2346
3046
2273
1934
2350
3049
2273
1924
2341
3041
2268
1952
2340
3037
2259
1950
2329
3037
2258
1948
2343
3045
2291
1938
2352
3053
2297
1934
2355
3053
2251
1956
2338
3041
2275
1938
2337
3047
2265
1920
2348
3052
2295
1969
2348
3053
2269
1950
2339
3045
2253
1908
2343
3041
2275
1930
2336
3050
2287
1936
2356
3053
2275
1965
2353
3049
2246
1930
2342
3040
2262
1944
2355
3053
2263
1956
2351
3035
2283
1949
2329
3054
2272
1974
2345
3043
2249
1942
2339
3029
2265
1916
2349
3037
2255
1944
2349
3043
2269
1944
2340
3057
2253
1932
2347
3045
2261
1952
2341
3045
2267
1916
2345
3051
2279
1938
2352
3049
2289
1938
2345
3102
2291
1950
2339
3039
2267
1917
2344
3037
2261
1932
2345
3045
2265
1953
2350
3048
2269
1964
2341
3045
2244
1922
2349
3039
2263
1905
2337
3050
2266
1952
2347
3057
2279
1920
2350
3051
2279
1940
2339
3045
2263
1920
2352
3045
2262
1949
2346
3049
2265
1920
2355
3062
2264
1958
2353
3045
2267
1907
2341
3044
2262
1932
2336
3043
2265
1914
2345
3055
2284
1968
2342
3047
2274
1938
2355
3055
2263
1930
2347
3029
2256
1948
2341
3041
2271
1952
2358
3058
2259
1990
2356
3047
2241
1949
2345
3041
2275
1930
2358
3042
2258
1942
2353
3049
2279
1946
2343
3055
2280
1906
2360
3049
2263
1930
2348
3045
2246
1931
2340
3047
2263
1932
2351
3055
2272
1952
2354
3059
2259
1946
2350
3047
2281
1938
2335
3047
2275
1928
2339
3048
2264
1928
2350
3055
2271
1946
2343
3047
2265
1944
2337
3041
2258
1920
2336
3045
2254
1964
2336
3043
2283
1938
2333
3055
2285
1958
2347
3038
2285
1934
2335
3041
2256
1931
2336
3053
2279
1946
2350
3051
2277
1948
2348
3048
2278
1932
2340
3041
2267
1932
2339
3045
2263
1938
2355
3043
2264
1944
2348
3053
2261
1942
2341
3055
2259
1954
2343
3041
2262
1920
2331
3044
2280
1942
2352
3055
2301
1942
2357
3057
2287
1954
2346
3048
2257
1922
2346
3039
2279
1936
2339
3045
2273
1914
2351
3051
2283
1938
2340
3052
2266
1950
2334
3041
2263
1916
2341
3031
2264
1958
2346
3048
2277
1968
2335
3055
2253
1944
2333
3045
2265
1926
2353
3041
2277
1960
2346
3047
2273
1952
2351
3049
2261
1952
2352
3050
2278
1938
2335
3043
2269
1936
2336
3033
2246
1936
2335
3041
2267
1940
2345
3064
2273
1934
2334
3049
2257
1951
2334
3037
2263
1950
2363
3041
2284
1926
2344
3051
2296
1936
2353
3055
2273
1952
2347
3049
2277
1955
2331
3036
2253
1932
2343
3043
2277
1942
2351
3051
2277
1965
2341
3065
2280
1946
2334
3048
2260
1938
2341
3041
2283
1946
2331
3049
2273
1944
2362
3045
2268
1922
2338
3058
2260
1922
2343
3041
2256
1938
2346
3041
2287
1926
2340
3053
2267
1948
2361
3063
2275
1938
2341
3052
2277
1944
2345
3031
2272
1959
2331
3045
2267
1946
2333
3059
2277
1954
2347
3059
2260
1928
2344
3045
2261
1934
2337
3045
2253
1946
2345
3047
2284
1916
2346
3052
2273
1932
2345
3041
2283
1938
2336
3037
2279
1897
2349
3034
2260
1950
2327
3048
2264
1956
2340
3045
2275
1940
2349
3047
2252
1974
2335
3037
2257
1936
2347
3043
2271
1934
2331
3057
2271
1936
2347
3055
2284
1936
2349
3037
2283
1932
2341
3037
2285
1976
2349
3049
2269
1948
2358
3049
2265
1964
2348
3056
2273
1936
2345
3045
2289
1961
2345
3045
2269
1950
2347
3047
2271
1956
2353
3051
2263
1898
2335
3048
2278
1924
2333
3051
2260
1934
2342
3047
2281
1942
2343
3053
2267
1930
2343
3047
2287
1926
2336
3041
2263
1922
2331
3045
2279
1975
2337
3047
2283
1936
2365
3058
2280
1943
2356
3051
2265
1948
2339
3039
2273
1920
2351
3045
2269
1932
2332
3045
2255
1971
2353
3057
2271
1946
2351
3047
2266
1928
2341
3033
2263
1958
2341
3047
2277
1938
2353
3056
2261
1928
2357
3049
2284
1947
2344
3050
2277
1910
2355
3049
2275
1932
2347
3049
2294
1942
2352
3055
2265
1946
2359
3047
2261
1967
2339
3043
2284
1950
2348
3044
2297
1924
2351
3055
2269
1940
2335
3053
2263
1958
2349
3045
2265
1928
2339
3043
2257
1932
2337
3061
2257
1958
2349
3053
2304
1952
2353
3049
2271
1946
2354
3039
2267
1956
2343
3045
2261
1941
2337
3046
2277
1936
2347
3053
2273
1930
2354
3053
2261
1918
2335
3041
2256
1910
2327
3043
2267
1942
2338
3049
2273
1930
2357
3051
2256
1948
2335
3045
2263
1902
2336
3031
2271
1928
2341
3055
2269
1922
2343
3057
2283
1930
2352
3052
2285
1924
2345
3043
2275
1936
2337
3043
2269
1928
2336
3046
2250
1950
2340
3047
2273
1940
2343
3039
2247
1904
2342
3041
2258
1940
2333
3041
2276
1946
2351
3053
2267
1960
2337
3049
2278
1946
2340
3046
2260
1964
2357
3041
2275
1932
2335
3047
2277
1948
2337
3065
2288
1964
2350
3057
2273
1952
2341
3043
2271
1952
2337
3047
2256
1942
2348
3048
2279
1973
2358
3065
2271
1952
2339
3057
2261
1904
2329
3035
2276
1942
2336
3043
2251
1946
2348
3053
2281
1930
2343
3050
2270
1956
2333
3041
2253
1954
2329
3040
2277
1924
2347
3047
2273
1932
2353
3055
2277
1950
2335
3045
2277
1926
2348
3043
2283
1936
2337
3049
2257
1924
2343
3051
2267
1928
2353
3055
2283
1926
2335
3047
2267
1952
2347
3037
2252
1940
2337
3049
2285
1930
2358
3047
2275
1962
2351
3046
2273
1920
2358
3046
2268
1924
2329
3039
2253
1930
2333
3049
2253
1926
2364
3051
2262
1948
2344
3046
2258
1942
2347
3045
2267
1942
2341
3038
2258
1934
2338
3051
2272
1944
2339
3051
2261
1932
2347
3045
2261
1958
2343
3041
2261
1968
2344
3044
2265
1926
2337
3047
2269
1946
2367
3044
2270
1908
2347
3035
2257
1951
2343
3039
2237
1946
2353
3041
2259
1932
2345
3052
2279
1932
2356
3048
2250
1938
2337
3039
2261
1906
2340
3044
2258
1946
2342
3050
2279
1932
2362
3049
2283
1944
2349
3047
2259
1918
2351
3042
2266
1946
2340
3041
2263
1942
2347
3047
2277
1950
2347
3043
2266
1916
2335
3047
2289
1898
2329
3041
2267
1949
2331
3052
2272
1906
2341
3055
2275
1949
2371
3053
2279
1997
2331
3043
2258
1930
2336
3045
2258
1961
2341
3054
2252
1964
2350
3053
2263
1946
2335
3047
2281
1928
2335
3038
2289
1936
2339
3041
2279
1934
2341
3054
2283
1921
2350
3046
2268
1926
2336
3040
2285
1954
9123
2489
2874
2299
1942
2674
2272
1956
2352
3057
2280
1951
2335
3047
2249
1914
2342
3043
2261
1976
2354
3041
2263
1940
2339
3054
2283
1979
2339
3045
2275
1966
2350
3049
2277
1907
2333
3046
2270
1938
2343
3047
2283
1954
2337
3055
2279
1944
2345
3055
2270
1942
2347
3042
2277
1932
2339
3043
2264
1920
2341
3053
2260
1988
2336
3055
2275
1960
2340
3043
2279
1940
2343
3041
2272
1928
2345
3042
2285
1938
2345
3051
2253
1940
2347
3049
2265
1948
2343
3049
2267
1958
2328
3043
2253
1938
2347
3049
2265
1932
2345
3051
2291
1930
2343
3037
2270
1918
2331
3039
2273
1914
2319
3047
2277
1917
2345
3046
2269
1959
2354
3055
2261
1926
2342
3041
2281
1940
2337
3045
2249
1916
2335
3045
2256
1948
2338
3056
2287
1952
2356
3051
2279
1924
2341
3045
2259
1934
2338
3039
2263
1934
2319
3051
2253
1921
2353
3057
2276
1932
2358
3048
2262
1940
2339
3041
2249
1962
2333
3047
2263
1950
2335
3049
2273
1934
2352
3054
2262
1946
2358
3045
2249
1924
2345
3043
2257
1928
2342
3039
2275
1926
2349
3055
2273
1914
2343
3047
2287
1932
2333
3049
2256
1938
2337
3052
2265
1919
2335
3043
2251
1916
2353
3053
2263
1930
2325
3047
2240
1938
2351
3039
2257
1928
2345
3049
2255
1912
2345
3045
2261
1940
2358
3047
2277
1958
2350
3039
2265
1896
2331
3033
2255
1918
2341
3047
2271
1936
2343
3053
2273
1970
2333
3051
2264
1930
2336
3050
2278
1926
2352
3041
2279
1943
2335
3065
2287
1930
2341
3061
2274
1922
2326
3050
2252
1920
2325
3043
2246
1940
2349
3045
2252
1926
2350
3052
2267
1960
2352
3053
2273
1932
2353
3045
2264
1950
2332
3039
2273
1940
2340
3049
2279
1928
2339
3063
2289
1922
2346
3046
2277
1916
2335
3033
2270
1926
2340
3042
2263
1919
2355
3047
2268
1948
2343
3053
2282
1920
2335
3046
2259
1936
2335
3033
2268
1938
2333
3043
2273
1915
2346
3051
2269
1952
2335
3059
2277
1906
2333
3047
2263
1956
2327
3039
2261
1972
2340
3041
2281
1958
2346
3049
2281
1936
2349
3050
2262
1966
2335
3043
2277
1944
2343
3049
2277
1955
2339
3061
2268
1954
2335
3061
2289
1938
2339
3045
2265
1926
2341
3039
2247
1924
2345
3047
2267
1916
2338
3056
2277
1942
2354
3043
2261
1942
2345
3037
2272
1920
2344
3053
2279
1922
2339
3043
2267
1947
2337
3049
2249
1952
2355
3041
2281
1950
2347
3039
2261
1932
2329
3053
2285
1940
2347
3049
2295
1962
2348
3048
2264
1934
2354
3052
2259
1948
2336
3043
2267
1938
2344
3049
2288
1926
2344
3054
2271
1964
2347
3059
2265
1930
2345
3043
2281
1930
2339
3045
2267
1928
2338
3043
2253
1952
2351
3055
2287
1923
2349
3047
2267
1934
2346
3037
2267
1912
2339
3043
2259
1920
2343
3053
2269
1934
2356
3047
2277
1938
2345
3045
2257
1930
2353
3045
2261
1920
2349
3045
2276
1951
2335
3051
2267
1944
2339
3055
2249
1934
2339
3052
2263
1912
2342
3033
2271
1924
2352
3047
2271
1908
2349
3043
2261
1956
2349
3045
2277
1942
2348
3044
2261
1934
2344
3041
2269
1948
2341
3061
2288
1930
2350
3054
2281
1949
2339
3039
2273
1932
2339
3041
2257
1938
2335
3056
2287
1944
2351
3053
2271
1926
2345
3047
2281
1938
2335
3047
2269
1940
2324
3037
2257
1930
2349
3049
2273
1936
2343
3057
2270
1932
2346
3043
2256
1936
2342
3041
2261
1934
2335
3049
2267
1934
2342
3051
2269
1946
2353
3055
2277
1928
2338
3039
2261
1959
2351
3037
2280
1942
2343
3053
2271
1944
2349
3053
2263
1931
2337
3052
2278
1952
2343
3043
2275
1924
2343
3043
2259
1922
2347
3053
2259
1956
2344
3053
2275
1944
2349
3037
2257
1964
2339
3041
2265
1948
2327
3041
2270
1938
2339
3051
2269
1938
2348
3057
2263
1932
2345
3045
2281
1942
2331
3046
2272
1916
2339
3051
2277
1932
2350
3043
2293
1956
2347
3051
2251
1970
2336
3041
2254
1952
2329
3043
2267
1936
2327
3051
2253
1928
2345
3051
2266
1938
2338
3046
2272
1970
2349
3045
2263
1918
2349
3041
2262
1912
2347
3059
2299
1918
2341
3053
2287
1944
2345
3049
2262
1930
2343
3044
2260
1938
2353
3047
2271
1944
2342
3055
2277
1928
2345
3047
2271
1958
2335
3040
2267
1916
2339
3043
2263
1930
2349
3045
2264
1928
2352
3050
2260
1888
2348
3042
2279
1930
2339
3041
2247
1944
2345
3041
2275
1944
2334
3050
2285
1949
2340
3055
2261
1948
2331
3045
2253
1952
2340
3040
2278
1964
2323
3047
2259
1942
2352
3055
2281
1956
2363
3049
2249
1978
2331
3045
2269
1938
2335
3043
2265
1930
2335
3052
2261
1930
2337
3052
2293
1910
2337
3046
2256
1930
2335
3037
2266
1960
2351
3044
2262
1956
2352
3049
2301
1928
2353
3051
2267
1930
2341
3051
2261
1924
2336
3045
2250
1926
2336
3039
2275
1952
2347
3063
2265
1938
2333
3038
2262
1960
2343
3045
2263
1916
2336
3047
2255
1938
2347
3047
2264
1948
2352
3049
2263
1967
2339
3045
2259
1938
2339
3043
2248
1931
2335
3045
2269
1924
2366
3052
2287
1922
2354
3041
2267
1938
2339
3047
2265
1920
2335
3039
2261
1930
2355
3047
2271
1938
2339
3051
2273
1942
2338
3049
2243
1934
2332
3029
2273
1969
2339
3039
2273
1948
2347
3055
2259
1950
2352
3045
2277
1944
2347
3045
2261
1930
2345
3033
2273
1955
2338
3057
2268
1956
2341
3056
2263
1954
2342
3049
2265
1930
2346
3049
2255
1932
2333
3043
2254
1922
2344
3047
2269
1930
2361
3051
2279
1938
2347
3045
2262
1944
2341
3045
2255
1912
2338
3041
2269
1942
2343
3051
2281
1972
2346
3054
2261
1924
2353
3047
2249
1946
2335
3035
2277
1946
2356
3047
2272
1940
2348
3061
2273
1940
2349
3041
2275
1930
2354
3041
2264
1911
2350
3045
2270
1936
2356
3047
2261
1936
2337
3048
2275
1936
2349
3041
2285
1922
2333
3033
2250
1930
2344
3055
2253
1946
2353
3053
2279
1928
2343
3051
2255
1916
2341
3051
2287
1916
2343
3039
2265
1946
2343
3053
2252
1964
2347
3057
2262
1918
2349
3051
2249
1944
2348
3048
2276
1926
2336
3039
2259
1932
2356
3053
2283
1916
2348
3051
2281
1934
2353
3043
2261
1936
2337
3039
2269
1940
2345
3045
2259
1946
2355
3059
2256
1950
2336
3050
2277
1932
2341
3045
2263
1932
2345
3040
2279
1948
2342
3055
2281
1918
2342
3057
2269
1950
2335
3059
2271
1922
2335
3045
2262
1932
2328
3042
2263
1946
2336
3053
2285
1940
2360
3052
2260
1916
2350
3047
2277
1919
2325
3035
2253
1956
2347
3043
2253
1930
2360
3045
2271
1950
2347
3057
2279
1960
2341
3051
2253
1932
2323
3039
2256
1950
2350
3052
2274
1930
2346
3057
2259
1928
2339
3041
2276
1938
2337
3034
2253
1922
2345
3037
2263
1944
2349
3049
2295
1944
2357
3057
2278
1928
2342
3055
2265
1938
2335
3039
2269
1960
2335
3035
2272
1956
2341
3059
2267
1944
2337
3049
2255
1943
2337
3051
2269
1936
2335
3040
2260
1963
2358
3050
2283
1924
2359
3053
2263
1938
2343
3047
2277
1948
2336
3043
2267
1946
2336
3049
2285
1946
2341
3053
2263
1952
2352
3052
2267
1924
2346
3037
2255
1940
2355
3037
2289
1910
2343
3042
2261
1954
2337
3049
2271
1950
2339
3045
2281
1945
2331
3047
2275
1932
2341
3036
2287
1946
2339
3051
2257
1946
2343
3049
2275
1906
2346
3047
2252
1936
2337
3041
2262
1968
2349
3043
2257
1932
2351
3052
2277
1942
2349
3054
2283
1948
2342
3029
2267
1942
2357
3047
2267
1954
2337
3050
2273
1962
2352
3050
2264
1925
2357
3051
2271
1936
2357
3037
2267
1919
2327
3041
2267
1946
2351
3055
2251
1995
2352
3049
2275
1932
2343
3041
2256
1936
2340
3038
2257
1918
2358
3043
2281
1951
2347
3050
2279
1940
2343
3049
2264
1966
2336
3041
2283
1908
2337
3043
2261
1924
2349
3047
2265
1930
2342
3055
2297
1934
2347
3051
2259
1926
2331
3039
2240
1946
2341
3046
2248
1934
2355
3063
2285
1928
2346
3057
2277
1919
2345
3046
2274
1932
2341
3039
2267
1920
2347
3037
2265
1952
2333
3057
2253
1944
2345
3045
2278
1926
2340
3047
2267
1968
2337
3043
2279
1946
2348
3052
2263
1974
2362
3054
2283
1944
2349
3045
2269
1932
2345
3037
2266
1928
2342
3043
2259
1921
2346
3047
2271
1950
2352
3055
2272
1916
2346
3046
2264
1940
2349
3041
2270
1928
2331
3043
2284
1924
2335
3051
2273
1956
2341
3047
2258
1924
2331
3045
2259
1951
2335
3043
2273
1906
2344
3054
2270
1942
2356
3060
2279
1930
2343
3055
2267
1930
2333
3043
2261
1934
2337
3039
2265
1932
2345
3065
2285
1958
2352
3054
2279
1948
2352
3043
2293
1930
2338
3040
2277
1978
2346
3039
2267
1948
2357
3053
2283
1958
2335
3054
2262
1934
2336
3041
2277
1922
2341
3045
2267
1918
2340
3048
2271
1920
2344
3053
2273
1942
2345
3053
2275
1921
2327
3041
2277
1930
2331
3058
2268
1958
2342
3047
2279
1992
2345
3050
2264
1932
2355
3043
2274
1907
2336
3039
2265
1972
2345
3041
2262
1952
2355
3064
2287
1946
2350
3052
2256
1922
2344
3049
2253
1903
2327
3045
2273
1944
2349
3049
2260
1938
2340
3049
2285
1936
2347
3039
2271
1916
2341
3039
2263
1908
2338
3046
2277
1942
2339
3053
2277
1936
2345
3061
2265
1938
2350
3046
2268
1951
2325
3043
2267
1914
2337
3044
2271
1919
2348
3056
2283
1948
2356
3048
2267
1916
2357
3043
2267
1942
2337
3042
2252
1922
2331
3050
2267
1950
2349
3057
2273
1953
2349
3047
2271
1938
2348
3035
2269
1908
2343
3051
2259
1944
2347
3058
2283
1962
2354
3054
2284
1908
2343
3050
2263
1940
2337
3041
2261
1956
2329
3037
2275
1916
2347
3051
2263
1922
2357
3063
2263
1934
2336
3041
2257
1912
2333
3041
2278
1934
2345
3053
2267
1926
2353
3055
2285
1922
2345
3045
2267
1932
2333
3032
2258
1936
2343
3045
2283
1946
2349
3055
2287
1944
2344
3051
2282
1940
2346
3045
2273
1930
2342
3045
2279
1950
2337
3057
2256
1940
2350
3053
2261
1928
2337
3049
2250
1948
2335
3051
2261
1952
2345
3043
2276
1916
2358
3053
2265
1942
2342
3049
2250
1918
2345
3041
2269
1934
2352
3040
2279
1936
2340
3041
2281
1958
2353
3045
2275
1911
2347
3053
2289
1948
2331
3050
2260
1930
2329
3031
2277
1938
2347
3047
2268
1944
2359
3052
2275
1944
2351
3047
2263
1940
2335
3043
2275
1950
2335
3038
2264
1910
2367
3045
2273
1954
2340
3051
2267
1914
2354
3047
2265
1930
2342
3043
2271
1916
2323
3047
2267
1962
2351
3044
2276
1952
2346
3043
2269
1934
2348
3044
2263
1932
2336
3039
2281
1924
2337
3046
2274
1946
2336
3052
2275
1936
2345
3049
2275
1944
2341
3037
2252
1940
2353
3044
2279
1926
2349
3053
2271
1942
2353
3043
2289
1954
2349
3043
2276
1905
2332
3039
2275
1944
2337
3053
2243
1958
2347
3055
2271
1948
2351
3039
2262
1934
2333
3041
2259
1952
2341
3045
2271
1948
2347
3049
2256
1950
2342
3051
2287
1920
2347
3047
2265
1922
2341
3041
2267
1914
2341
3045
2265
1932
2348
3056
2263
1932
2343
3051
2268
1909
2338
3046
2277
1930
2343
3041
2252
1921
2348
3043
2245
1936
2349
3053
2272
1936
2344
3037
2271
1942
2341
3047
2261
1926
2333
3039
2273
1944
2355
3049
2263
1954
2351
3049
2255
1948
2346
3041
2274
1948
2333
3035
2252
1932
2333
3043
2252
1938
2351
3047
2273
1944
2347
3053
2252
1938
2350
3045
2252
1948
2335
3037
2265
1926
2327
3043
2271
1936
2344
3056
2266
1974
2354
3047
2259
1928
2338
3039
2269
1902
2335
3043
2260
1912
2344
3049
2279
1921
2347
3059
2277
1952
2333
3049
2253
1940
2339
3029
2277
1938
2325
3045
2265
1950
2341
3055
2269
1924
2353
3049
2273
1938
2335
3043
2263
1968
2341
3039
2259
1904
2331
3047
2273
1950
2361
3052
2295
1938
2342
3050
2283
1944
2335
3043
2261
1932
2347
3045
2279
1921
2341
3051
2272
1936
2343
3049
2269
1946
2335
3037
2281
1922
2343
3056
2256
1960
2352
3050
2277
1956
2344
3057
2279
1948
2349
3050
2250
1950
2336
3041
2260
1928
2332
3043
2249
1903
2348
3049
2295
1920
2345
3057
2280
1936
2352
3044
2262
1914
2337
3041
2275
1920
2341
3045
2273
1930
2342
3051
2277
1955
2346
3047
2291
1930
2341
3047
2275
1921
2336
3035
2279
1962
2343
3045
2273
1953
2355
3055
2283
1926
2355
3049
2273
1944
2341
3035
2258
1909
2332
3037
2291
1942
2353
3038
2275
1976
2342
3049
2271
1930
2344
3048
2246
1929
2339
3041
2269
1940
2347
3038
2269
1921
2342
3043
2262
1960
2351
3045
2269
1930
2343
3045
2253
1960
2342
3039
2246
1942
2341
3055
2279
1962
2361
3055
2261
1940
2333
3045
2281
1938
2356
3045
2259
1918
2331
3047
2255
1946
2329
3049
2287
1938
2358
3049
2267
1952
2349
3047
2265
1932
2339
3033
2260
1936
2344
3048
2252
1922
2340
3053
2267
1940
2353
3051
2269
1942
2339
3047
2281
1940
2344
3045
2261
1942
2332
3047
2277
1926
2349
3053
2276
1948
2351
3045
2271
1960
2331
3038
2252
1934
2327
3043
2276
1940
2343
3042
2261
1948
2349
3054
2272
1938
2339
3049
2253
1916
2343
3039
2250
1936
2341
3036
2277
1974
2344
3050
2283
1946
2345
3045
2269
1968
2355
3047
2271
1957
2331
3042
2289
1928
2326
3057
2257
1948
2347
3055
2277
1956
2349
3037
2272
1946
2341
3043
2263
7527
2343
2797
2267
1936
2330
3055
2271
1932
2342
3052
2279
1926
2347
3049
2279
1920
2341
3037
2281
1921
2341
3049
2284
1918
2346
3057
2271
1916
2337
3039
2271
1932
2341
3035
2250
1950
2337
3035
2269
1940
2349
3047
2273
1928
2341
3054
2278
1930
2354
3046
2273
1916
2341
3039
2285
1930
2341
3045
2273
1930
2357
3045
2273
1948
2346
3053
2249
1950
2339
3047
2247
1932
2337
3046
2258
1940
2349
3045
2270
1926
2350
3049
2273
1936
2347
3045
2283
1942
2337
3043
2275
1928
2324
3039
2259
1932
2345
3051
2267
1932
2343
3058
2289
1932
2343
3047
2265
1944
2325
3038
2248
1942
2343
3033
2273
1932
2342
3054
2254
1942
2339
3047
2277
1932
2340
3041
2251
1952
2331
3041
2273
1938
2336
3053
2283
1920
2351
3053
2291
1928
2340
3039
2277
1922
2355
3043
2259
1906
2331
3037
2271
1936
2349
3051
2263
1948
2351
3060
2295
1956
2343
3041
2261
1936
2348
3035
2259
1934
2349
3047
2251
1938
2341
3053
2267
1918
2350
3052
2265
1942
2331
3045
2267
1936
2344
3041
2263
1934
2346
3043
2269
1987
2337
3061
2285
1939
2335
3061
2247
1939
2347
3041
2263
1936
2349
3059
2265
1960
2341
3051
2267
1946
2359
3052
2270
1920
2347
3043
2262
1962
2335
3037
2255
1952
2353
3043
2271
1926
2333
3050
2264
1956
2348
3045
2269
1944
2347
3043
2279
1924
2331
3041
2271
1938
2350
3048
2293
1920
2339
3061
2263
1936
2341
3045
2255
1928
2348
3042
2254
1942
2351
3035
2261
1928
2333
3044
2283
1946
2352
3081
2277
1958
2339
3049
2254
1965
2339
3047
2273
1952
2345
3045
2275
1928
2346
3049
2273
1956
2339
3055
2275
1949
2343
3045
2257
1946
2331
3045
2258
1934
2335
3047
2253
1942
2345
3063
2279
1917
2354
3047
2260
1934
2336
3039
2271
1934
2341
3047
2251
1956
2345
3049
2275
1932
2350
3052
2277
1910
2342
3039
2275
1936
2327
3035
2251
1930
2359
3041
2258
1938
2346
3051
2277
1946
2343
3051
2277
1934
2347
3045
2261
1925
2340
3042
2246
1926
2354
3047
2269
1932
2343
3057
2275
1944
2335
3049
2263
1948
2328
3041
2271
1966
2343
3045
2251
1932
2341
3056
2285
1905
2361
3051
2264
1944
2356
3045
2267
1930
2336
3037
2265
1947
2340
3043
2270
1976
2340
3054
2279
1936
2335
3051
2277
1932
2347
3045
2263
1948
2333
3035
2285
1943
2331
3059
2287
1946
2335
3048
2271
1896
2348
3048
2264
1942
2345
3033
2252
1944
2343
3053
2263
1922
2345
3044
2289
1940
2341
3059
2269
1956
2339
3045
2269
1938
2337
3033
2263
1932
2347
3041
2275
1911
2341
3062
2271
1960
2343
3043
2261
1944
2339
3042
2264
1950
2327
3046
2260
1934
2348
3051
2273
1930
2349
3053
2262
1948
2344
3048
2284
1947
2337
3041
2264
1930
2333
3037
2251
1930
2343
3051
2275
1955
2342
3050
2267
1972
2334
3041
2259
1928
2329
3039
2261
1974
2344
3056
2283
1936
2357
3049
2273
1950
2360
3053
2275
1923
2337
3043
2271
1936
2329
3043
2246
1940
2354
3041
2261
1926
2349
3049
2289
1946
2344
3045
2260
1912
2350
3031
2273
1928
2343
3045
2261
1942
2343
3053
2260
1940
2364
3051
2269
1936
2341
3033
2283
1932
2331
3041
2254
1944
2340
3051
2275
1938
2341
3051
2263
1916
2349
3043
2276
1932
2343
3041
2266
1922
2341
3041
2272
1938
2332
3051
2277
1921
2349
3051
2258
1973
2331
3039
2244
1944
2335
3043
2255
1920
2321
3045
2279
1942
2333
3051
2280
1936
2339
3037
2273
1948
2340
3033
2257
1958
2343
3041
2253
1948
2348
3050
2278
1934
2339
3053
2271
1964
2351
3045
2244
1922
2354
3045
2268
1931
2346
3042
2261
1972
2346
3053
2287
1934
2346
3054
2265
1922
2338
3049
2262
1958
2341
3043
2263
1950
2339
3047
2271
1946
2342
3052
2275
1946
2344
3053
2267
1908
2337
3057
2259
1930
2337
3038
2278
1958
2340
3047
2283
1969
2347
3067
2271
1926
2350
3047
2259
1958
2344
3043
2285
1922
2341
3047
2275
1948
2343
3049
2284
1948
2343
3050
2279
1928
2351
3045
2279
1930
2336
3037
2267
1946
2356
3041
2269
1948
2335
3047
2277
1970
2347
3047
2259
1932
2335
3029
2265
1926
2339
3043
2274
1938
2346
3049
2279
1962
2366
3055
2265
1934
2342
3043
2268
1938
2347
3039
2252
1916
2335
3035
2247
1962
2345
3051
2287
1921
2345
3043
2252
1940
2348
3041
2267
1906
2347
3041
2249
1926
2341
3051
2287
1966
2348
3066
2267
1942
2353
3049
2259
1940
2327
3035
2253
1934
2337
3021
2266
1942
2334
3048
2265
1922
2351
3051
2275
1956
2347
3040
2254
1942
2346
3043
2285
1940
2330
3051
2273
1928
2363
3043
2249
1931
2369
3052
2279
1926
2338
3037
2267
1940
2345
3031
2281
1928
2359
3039
2283
1956
2354
3053
2281
1971
2351
3049
2255
1962
2341
3029
2269
1930
2341
3035
2267
1938
2338
3047
2258
1950
2349
3051
2273
1934
2349
3037
2272
1918
2343
3039
2277
1928
2340
3039
2277
1972
2351
3052
2280
1950
2344
3041
2252
1935
2334
3041
2267
1920
2326
3037
2249
1956
2341
3049
2256
1952
2339
3049
2259
1920
2340
3045
2267
1922
2337
3045
2269
1936
2334
3047
2275
1955
2354
3055
2287
1948
2346
3055
2259
1942
2340
3045
2273
1924
2342
3039
2267
1940
2351
3047
2281
1944
2331
3043
2249
1942
2351
3045
2277
1938
2351
3043
2263
1912
2331
3041
2267
1924
2341
3047
2280
1956
2347
3055
2263
1946
2339
3043
2277
1948
2331
3041
2249
1910
2344
3042
2262
1928
2344
3053
2273
1942
2339
3051
2271
1960
2335
3041
2289
1919
2345
3047
2258
1917
2351
3053
2265
1942
2343
3055
2291
1948
2346
3043
2269
1942
2347
3041
2283
1934
2341
3041
2273
1944
2350
3048
2262
1932
2353
3051
2281
1956
2347
3049
2262
1930
2337
3041
2257
1928
2342
3041
2267
1952
2341
3043
2263
1932
2353
3053
2259
1928
2344
3048
2264
1940
2349
3045
2251
1936
2352
3049
2281
1936
2341
3050
2269
1928
2357
3049
2257
1926
2331
3049
2271
1937
2325
3049
2263
1932
2340
3050
2262
1952
2356
3047
2271
1932
2339
3055
2265
1930
2334
3039
2255
1932
2345
3045
2269
1932
2340
3045
2281
1920
2349
3044
2277
1922
2335
3041
2281
1950
2342
3041
2281
1904
2331
3047
2283
1942
2345
3049
2274
1954
2351
3041
2263
1952
2330
3041
2261
1961
2343
3031
2261
1936
2331
3047
2275
1965
2352
3051
2265
1954
2349
3043
2266
1930
2333
3034
2266
1944
2341
3047
2273
1928
2349
3053
2273
1960
2347
3051
2254
1946
2343
3041
2271
1936
2340
3033
2259
1944
2347
3045
2272
1958
2352
3051
2269
1947
2335
3045
2269
1955
2351
3045
2271
1914
2331
3046
2266
1940
2335
3051
2267
1948
2355
3055
2289
1930
2333
3047
2259
1942
2337
3040
2266
1908
2336
3047
2275
1954
2337
3057
2271
1955
2354
3054
2275
1934
2352
3045
2268
1930
2345
3041
2271
1948
2345
3044
2271
1946
2358
3053
2268
1882
2355
3051
2281
1919
2338
3043
2277
1936
2339
3041
2274
1944
2348
3064
2287
1964
2353
3045
2269
1932
2347
3043
2259
1934
2348
3040
2264
1952
2331
3049
2262
1942
2352
3051
2278
1946
2353
3047
2260
1946
2333
3039
2275
1934
2340
3033
2277
1912
2339
3056
2268
1956
2356
3055
2271
1934
2351
3045
2263
1926
2335
3041
2261
1920
2337
3048
2279
1946
2347
3045
2279
1958
2337
3051
2273
1920
2339
3046
2252
1928
2331
3037
2267
1898
2332
3049
2265
1964
2351
3051
2275
1932
2333
3063
2268
1932
2346
3035
2269
1930
2331
3037
2269
1934
2351
3051
2257
1954
2346
3045
2295
1947
2344
3055
2281
1942
2337
3039
2239
1928
2345
3043
2255
1932
2356
3051
2263
1958
2353
3043
2275
1918
2338
3046
2280
1936
2354
3047
2277
1920
2340
3041
2279
1936
2353
3053
2275
1938
2342
3052
2253
1942
2346
3043
2261
1912
2339
3043
2275
1938
2341
3049
2263
1932
2352
3062
2273
1934
2349
3045
2277
1921
2337
3035
2256
1926
2342
3046
2270
1930
2350
3053
2277
1969
2353
3045
2267
1934
2354
3044
2279
1918
2344
3043
2261
1976
2348
3045
2270
1940
2345
3053
2273
1956
2339
3052
2283
1956
2348
3033
2265
1950
2337
3049
2263
1936
2349
3057
2267
1922
2347
3057
2283
1948
2341
3049
2273
1940
2339
3037
2261
1926
2333
3047
2251
1934
2337
3049
2285
1914
2353
3053
2275
1938
2337
3043
2261
1948
2339
3043
2254
1970
2346
3049
2267
1971
2355
3061
2286
1916
2356
3049
2261
1934
2340
3043
2257
1946
2345
3046
2285
1930
2353
3051
2269
1922
2351
3053
2264
1946
2348
3041
2259
1926
2337
3039
2267
1944
2349
3049
2269
1948
2345
3059
2271
1926
2359
3049
2260
1934
2356
3036
2263
1930
2347
3041
2261
1928
2339
3041
2284
1946
2346
3065
2287
1938
2340
3047
2260
1936
2337
3039
2265
1938
2341
3039
2260
1936
2344
3049
2271
1971
2349
3049
2255
1958
2347
3045
2255
1926
2337
3042
2254
1962
2344
3047
2289
1954
2340
3047
2265
1946
2343
3049
2257
1920
2335
3043
2273
1950
2341
3041
2283
1954
2329
3049
2268
1934
2345
3058
2274
1944
2354
3045
2271
1936
2329
3045
2285
1922
2352
3051
2285
1922
2333
3053
2273
1942
2340
3043
2277
1966
2345
3043
2270
1944
2340
3033
2254
1946
2343
3049
2277
1947
2356
3057
2287
1932
2348
3050
2272
1952
2346
3045
2256
1953
2344
3043
2281
1932
2343
3049
2251
1930
2342
3054
2292
1940
2340
3045
2277
1908
2335
3041
2275
1960
2345
3049
2267
1930
2336
3055
2266
1976
2353
3061
2261
1928
2359
3047
2269
1912
2335
3038
2264
1960
2340
3043
2275
1944
2337
3055
2269
1930
2351
3049
2295
1922
2338
3039
2267
1946
2329
3041
2273
1930
2339
3046
2269
1958
2338
3049
2272
1933
2339
3043
2245
1944
2347
3043
2270
1986
2331
3053
2254
1948
2350
3055
2255
1956
2353
3049
2263
1942
2349
3045
2271
1958
2342
3037
2256
1930
2347
3051
2257
1963
2351
3055
2282
1950
2337
3048
2248
1966
2342
3041
2253
1923
2331
3049
2255
1938
2346
3044
2264
1944
2352
3053
2283
1922
2337
3047
2271
1936
2331
3029
2263
1945
2343
3041
2275
1942
2344
3049
2287
1924
2356
3045
2265
1955
2351
3045
2269
1952
2337
3039
2256
1941
2351
3055
2293
1937
2353
3055
2279
1954
2354
3047
2268
1962
2335
3041
2277
1916
2331
3049
2285
1932
2341
3057
2287
1930
2360
3055
2277
1926
2344
3041
2279
1913
2345
3039
2258
1940
2339
3055
2260
1942
2347
3047
2287
1940
2351
3047
2275
1960
2327
3033
2272
1916
2333
3039
2271
1942
2343
3053
2267
1917
2345
3055
2272
1924
2344
3049
2263
1948
2335
3041
2252
1932
2341
3045
2283
1931
2346
3049
2276
2107
1981
2437
2868
2586
2342
2103
2003
2404
2943
2509
2330
1996
2081
2388
2997
2399
2299
1985
2095
2400
3049
2313
2319
1960
2097
2386
3109
2319
1959
2414
2297
2017
2577
2329
1960
2024
2345
2932
2320
2253
1974
2081
2339
2991
51378
2319
1958
2277
2499
2906
2312
2321
1984
2374
2646
2726
2309
2107
1973
2374
2763
2651
2309
2057
1950
2396
2824
2555
2332
2023
1964
2398
2863
2533
2333
2020
61968
2342
2767
2563
2277
2027
1934
2353
2846
2443
2269
1942
1958
2343
2878
2388
2266
1942
1998
2347
2918
2301
2289
1926
2020
2353
2985
2263
1918
2832
2270
1918
2939
2285
2001
2999
2275
1992
3017
2276
2063
3013
2274
2135
2922
2230
2200
2801
2192
2356
2696
2110
2355
2551
2021
2341
2406
1940
2340
2263
1920
2533
2261
1934
2726
2246
1934
2856
2277
1936
2933
2297
1983
3003
2269
2015
3027
2267
2085
2983
2257
2146
2868
2234
2251
2753
2170
2315
2664
2106
2343
2531
2031
2343
2344
1924
2375
2277
1960
2587
2257
1948
2769
2289
1935
2892
2260
1934
2345
3053
2287
1962
2347
3044
2265
1944
2340
3043
2254
1934
2338
3043
2269
1938
2333
3045
2268
1950
2356
3059
2283
1918
2354
3045
2275
1940
2347
3039
2259
1928
2350
3040
2276
1956
2350
3051
2266
1939
2346
3045
2279
1928
2347
3049
2270
1946
2340
3041
2255
1954
2348
3041
2257
1936
2344
3051
2271
1920
2347
3045
2269
1938
2345
3041
2250
1938
2340
3043
2269
1918
2337
3051
2260
1912
2352
3052
2258
1964
2341
3043
2289
1928
2346
3039
2263
1916
2345
3044
2248
1930
2356
3052
2285
1958
2343
3049
2279
1910
2345
3037
2265
1926
2334
3041
2265
1946
2346
3049
2271
1920
2347
3048
2257
1950
2329
3043
2261
1934
2336
3047
2257
1922
2335
3045
2269
1926
2341
3051
2289
1940
2344
3055
2281
1908
2339
3047
2273
1928
2335
3049
2253
1922
2345
3043
2269
1942
2333
3049
2263
1936
2346
3047
2263
1932
2345
3045
2253
1938
2332
3043
2266
1923
2346
3045
2257
1960
2337
3055
2287
1941
2349
3047
2271
1942
2341
3043
2267
1932
2341
3053
2253
1940
2355
3057
2271
1952
2352
3049
2263
1942
2344
3047
2267
1942
2343
3037
2283
1928
2338
3047
2270
1944
2348
3055
2287
1964
2359
3051
2263
1942
2329
3049
2260
1924
2328
3043
2285
1945
2336
3053
2269
1932
2347
3046
2264
1932
2342
3048
2265
1916
2336
3043
2260
1933
2337
3045
2283
1926
2350
3056
2256
1938
2343
3051
2259
1912
2343
3041
2263
1938
2337
3033
2287
1948
2335
3044
2248
1948
2344
3052
2281
1952
2341
3049
2267
1946
2341
3041
2265
1924
2332
3031
2281
1936
2346
3047
2265
1978
2339
3046
2277
1950
2338
3037
2256
1936
2332
3041
2255
2283
1962
2830
2261
1920
2351
3051
2281
1930
2346
3055
2273
1934
2335
3041
2279
1942
2335
3039
2249
1938
2350
3048
2257
1946
2351
3057
2287
1946
2343
3049
2267
1922
2331
3037
2261
1942
2341
3045
2279
1926
2340
3055
2269
1930
2353
3051
2254
1990
2350
3044
2257
1926
2338
3045
2257
1942
2341
3045
2265
1946
2340
3057
2277
1966
2352
3043
2263
1984
2337
3051
2295
1912
2339
3045
2268
1936
2352
3053
2265
1922
2352
3063
2275
1932
2337
3046
2264
1966
2330
3041
2242
1948
2335
3041
2277
1926
2341
3049
2272
1958
2347
3050
2252
1934
2339
3045
2271
1936
2334
3037
2271
1922
2341
3049
2259
1920
2346
3052
2285
1938
2340
3047
2285
1966
2347
3041
2259
1942
2347
3046
2272
1914
2333
3048
2275
1950
2362
3055
2273
1928
2335
3049
2257
1940
2352
3042
2246
1942
2338
3045
2267
1924
2347
3052
2260
1922
2345
3052
2269
1938
2342
3048
2256
1942
2337
3041
2257
1947
2343
3045
2265
1936
2348
3062
2275
1940
2355
3051
2252
1928
2345
3057
2267
1954
2338
3037
2261
1928
2347
3047
2277
1940
2353
3053
2271
1920
2358
3049
2264
1940
2350
3045
2264
1952
2349
3043
2259
1930
2349
3057
2277
1968
2352
3052
2270
1946
2343
3045
2261
1952
2337
3043
2277
1934
2335
3046
2271
1940
2343
3049
2293
1930
2348
3047
2283
1923
2331
3045
2269
1924
2324
3040
2268
1964
2348
3049
2275
1942
2354
3053
2264
1960
2359
3047
2267
1934
2348
3036
2265
1948
2337
3045
2275
1928
2355
3055
2283
1968
2358
3061
2260
1958
2344
3050
2269
1926
2336
3041
2257
1904
2347
3046
2274
1912
2347
3068
2275
1932
2351
3041
2277
1956
2331
3047
2268
1944
2341
3039
2281
1942
2350
3051
2279
1944
2351
3057
2277
1938
2335
3050
2279
1934
2362
3042
2274
1954
2336
3039
2261
1952
2343
3067
2284
1946
2360
3051
2289
1950
2345
3052
2269
1930
2322
3045
2261
1952
2325
3047
2265
1946
2348
3054
2271
1936
2358
3051
2263
1923
2353
3045
2256
1920
2334
3042
2256
1942
2350
3053
2273
1956
2341
3051
2275
1968
2340
3049
2267
1932
2345
3041
2269
1946
2347
3047
2283
1925
2353
3065
2261
1932
2333
3051
2259
1950
2339
3041
2265
1918
2337
3041
2243
1940
2325
3052
2264
1932
2347
3068
2261
1960
2349
3049
2267
1930
2341
3041
2251
1965
2332
3044
2270
1946
2334
3061
2271
1962
2339
3048
2297
1912
2333
3048
2260
1953
2350
3043
2275
1926
2347
3049
2263
1940
2329
3047
2291
1960
2338
3046
2281
1936
2337
3045
2261
1928
2341
3043
2259
1936
2336
3048
2269
1952
2343
3049
2275
1946
2343
3049
2276
1944
2337
3034
2268
1904
2350
3048
2260
1936
2361
3053
2277
1936
2341
3053
2265
1940
2349
3045
2258
1920
2337
3037
2263
1944
2323
3047
2265
1963
2359
3051
2265
1938
2345
3060
2301
1932
2348
3039
2253
1914
2335
3041
2247
1936
2342
3095
2269
1948
2379
3053
2267
1916
2355
3047
2261
1920
2338
3039
2259
1928
2350
3046
2277
1925
2359
3053
2253
1946
2351
3051
2267
1971
2329
3047
2276
1919
2342
3041
2267
1942
2349
3041
2266
1934
2352
3054
2277
1938
2346
3051
2269
1942
2329
3041
2255
1917
2331
3044
2260
1940
2342
3048
2273
1944
2338
3055
2279
1926
2343
3045
2263
1949
2335
3035
2273
1918
2334
3037
2281
1926
2341
3053
2266
1962
2353
3053
2272
1936
2352
3037
2262
1942
2338
3041
2259
1942
2339
3047
2271
1916
2343
3051
2283
1934
2344
3052
2269
1934
2338
3051
2257
1948
2335
3041
2240
1944
2348
3049
2263
1916
2345
3061
2275
1944
2351
3045
2271
1938
2345
3033
2262
1918
2334
3043
2257
1928
2350
3051
2260
1958
2352
3054
2250
1950
2339
3045
2262
1936
2327
3041
2268
1944
2355
3049
2269
1925
2353
3041
2288
1942
2352
3045
2279
1893
2338
3043
2261
1934
2362
3044
2276
1969
2362
3041
2273
1962
2347
3051
2275
1954
2349
3047
2273
1928
2342
3039
2249
1926
2346
3045
2265
1945
2348
3053
2275
1956
2337
3049
2265
1956
2339
3041
2267
1906
2339
3047
2257
1952
2353
3047
2272
1926
2339
3054
2281
1916
2356
3047
2255
1920
2343
3035
2244
1928
2341
3037
2276
1950
2332
3049
2265
1952
2359
3055
2291
1948
2351
3045
2271
1930
2343
3031
2257
1974
2331
3045
2273
1936
2347
3055
2281
1974
2352
3059
2261
1954
2343
3041
2258
1932
2348
3043
2249
1938
2337
3045
2281
1946
2346
3054
2268
1946
2336
3043
2257
1928
2355
3039
2268
1948
2334
3043
2258
1938
2345
3065
2287
1959
2345
3055
2261
1902
2346
3047
2268
1948
2335
3033
2265
1940
2353
3049
2267
1944
2337
3055
2282
1940
2344
3045
2279
1916
2334
3039
2245
1928
2334
3037
2276
1922
2337
3047
2282
1954
2350
3056
2287
1932
2359
3041
2271
1920
2339
3030
2271
1928
2344
3045
2273
1930
2356
3047
2259
1968
2347
3050
2255
1946
2345
3035
2270
1934
2338
3043
2269
1948
2335
3049
2273
1942
2335
3059
2266
1950
2346
3056
2268
1940
2339
3043
2269
1962
2331
3045
2268
1944
2342
3048
2295
1918
2347
3067
2281
1936
2347
3057
2279
1940
2339
3043
2267
1916
2342
3047
2265
1940
2355
3059
2269
1942
2353
3044
2264
1948
2340
3041
2271
1928
2328
3033
2281
1940
2336
3047
2265
1944
2347
3055
2273
1938
2341
3053
2255
1916
2343
3047
2247
1930
2351
3040
2262
1950
2343
3047
2271
1944
2344
3060
2263
1948
2342
3046
2277
1918
2355
3041
2265
1952
2343
3033
2260
1950
2343
3059
2267
1936
2337
3056
2265
1936
2344
3049
2262
1911
2353
3043
2267
1924
2343
3045
2277
1936
2348
3055
2277
1926
2332
3045
2283
1938
2351
3039
2271
1926
2349
3039
2263
1927
2353
3055
2271
1957
2339
3053
2281
1936
2345
3043
2278
1930
2344
3041
2277
1962
2348
3051
2277
1918
2333
3049
2275
1938
2353
3045
2271
1942
2362
2557
2273
1949
2340
3043
2257
1928
2345
3049
2262
1940
2346
3052
2256
1956
2333
3049
2281
1940
2329
3037
2263
1936
2351
3047
2259
1940
2346
3056
2258
1961
2348
3055
2263
1954
2335
3043
2246
1948
2333
3031
2261
1910
2347
3044
2259
1920
2337
3051
2265
1941
2352
3051
2259
1947
2334
3050
2275
1926
2333
3041
2253
1936
2353
3043
2272
1994
2348
3049
2293
1948
2356
3045
2273
1926
2337
3025
2263
1940
2335
3045
2284
1938
2364
3041
2271
1924
2338
3051
2263
1936
2347
3049
2262
1954
2329
3035
2263
1922
2340
3047
2265
1932
2335
3052
2269
1930
2338
3048
2262
1954
2340
3049
2271
1940
2341
3041
2279
1926
2354
3042
2269
1922
2357
3056
2270
1950
2347
3047
2259
1948
2353
3045
2268
1940
2343
3040
2258
1944
2338
3049
2275
1936
2351
3049
2277
1932
2343
3048
2254
1936
2343
3031
2256
1948
2340
3055
2271
1956
2355
3055
2275
1946
2342
3054
2268
1936
2333
3040
2269
1925
2341
3043
2270
1956
2347
3041
2266
1948
2356
3054
2254
1941
2339
3057
2269
1932
2327
3039
2255
1932
2345
3037
2280
1926
2340
3049
2269
1962
2353
3043
2289
1936
2344
3043
2276
1906
2344
3043
2270
1924
2356
3043
2283
1954
2363
3053
2293
1958
2354
3041
2264
1932
2350
3056
2277
1922
2335
3045
2248
1916
2344
3045
2281
1926
2345
3051
2275
1954
2335
3037
2259
1936
2341
3043
2257
1906
2339
3048
2256
1924
2357
3053
2275
1952
2343
3051
2264
1934
2354
3046
2260
1932
2322
3041
2281
1948
2333
3049
2281
1918
2347
3055
2279
1932
2340
3045
2259
1938
2335
3035
2245
1960
2343
3053
2277
1931
2333
3049
2277
1960
2345
3043
2268
1942
2339
3045
2261
1924
2337
3027
2247
1940
2345
3031
2279
1932
2333
3053
2275
1932
2351
3057
2271
1925
2341
3039
2275
1964
2344
3037
2261
1928
2350
3047
2266
1936
2349
3061
2264
1942
2331
3048
2270
1946
2332
3043
2255
1946
2347
3033
2256
1928
2361
3051
2274
1940
2340
3043
2263
1894
2349
3051
2265
1968
2335
3041
2272
1929
2342
3043
2268
1940
2349
3053
2291
1966
2351
3057
2261
1942
2346
3053
2261
1916
2338
3049
2257
1934
2354
3047
2267
1934
2347
3044
2258
1950
2350
3049
2268
1952
2329
3047
2255
1926
2335
3043
2273
1940
2352
3045
2262
1950
2353
3055
2271
1922
2353
3047
2255
1921
2336
3039
2273
1924
2344
3048
2256
1925
2348
3051
2287
1922
2341
3056
2264
1915
2353
3037
2261
1938
2331
3047
2257
1973
2337
3051
2265
1976
2346
3053
2273
1927
2349
3047
2259
1932
2355
3035
2275
1934
2339
3041
2269
1956
2337
3048
2275
1934
2348
3043
2279
1926
2349
3037
2259
1922
2337
3031
2267
1940
2348
3051
2273
1952
2347
3047
2275
1956
2341
3052
2254
1952
2347
3035
2277
1934
2336
3037
2269
1944
2351
3049
2285
1936
2351
3053
2287
1938
2329
3047
2277
1944
2353
3043
2267
1924
2335
3045
2278
1918
2353
3069
2274
1928
2347
3051
2271
1956
2345
3038
2279
1920
2336
3041
2266
1938
2332
3041
2254
1946
2337
3051
2274
1966
2343
3042
2287
1922
2339
3043
2263
1908
2346
3045
2243
1934
2347
3049
2274
1932
2350
3054
2263
1936
2344
3041
2254
1932
2329
3035
2259
1960
2345
3039
2268
1946
2339
3047
2278
1940
2350
3045
2267
1938
2331
3043
2263
1952
2340
3042
2278
1907
2337
3047
2273
1964
2343
3054
2275
1942
2348
3051
2276
1940
2331
3037
2257
1930
2327
3043
2249
1950
2349
3045
2259
1934
2340
3048
2275
1942
2345
3049
2279
1934
2353
3037
2271
1952
2336
3043
2261
1924
2343
3045
2271
1910
2343
3049
2293
1957
2339
3045
2263
1934
2337
3042
2276
1926
2348
3051
2287
1967
2349
3053
2273
1930
2344
3051
2282
1918
2346
3040
2251
1934
2345
3045
2259
1926
2341
3067
2275
1948
2356
3052
2281
1924
2348
3051
2283
1923
2339
3041
2263
1940
2349
3048
2266
1953
2345
3051
2279
1951
2351
3051
2257
1950
2347
3039
2260
1920
2327
3038
2264
1920
2344
3049
2267
1910
2365
3051
2281
1916
2351
3037
2265
1964
2338
3033
2262
1950
2337
3047
2273
1924
2347
3049
2270
1942
2335
3052
2267
1928
2336
3041
2277
1971
2335
3033
2251
1918
2343
3046
2274
1932
2345
3049
2269
1959
2335
3051
2277
1942
2337
3040
2248
1952
2339
3037
2259
1948
2344
3051
2263
1969
2348
3049
2279
1934
2348
3049
2279
1954
2333
3045
2261
1922
2345
3043
2275
1956
2357
3043
2283
1938
2357
3055
2277
1948
2341
3037
2273
1920
2329
3039
2261
1922
2338
3042
2277
1913
2344
3055
2287
1940
2349
3055
2273
1950
2346
3044
2270
1921
2343
3037
2275
1928
2343
3047
2261
1928
2365
3051
2263
1958
2343
3045
2250
1926
2329
3045
2257
1930
2345
3049
2267
1944
2336
3056
2285
1970
2348
3045
2289
1922
2333
3035
2276
1924
2333
3043
2258
1944
2343
3049
2279
1964
2331
3053
2283
1966
2341
3049
2259
1928
2337
3044
2260
1920
2346
3047
2279
1946
2347
3059
2267
1946
2345
3053
2278
1899
2344
3041
2252
1942
2342
3037
2273
1926
2341
3045
2273
1948
2337
3051
2278
1934
2344
3049
2271
1927
2345
3043
2267
1948
2323
3051
2263
1934
2329
3056
2255
1936
2350
3053
2263
1922
2351
3038
2257
1938
2344
3042
2258
1976
2329
3043
2277
1931
2347
3055
2263
1934
2368
3053
2268
1936
2341
3041
2260
1954
2349
3035
2277
1924
2335
3043
2283
1948
2340
3056
2271
1968
2347
3049
2277
1930
2347
3055
2263
1942
2345
3029
2272
1938
2349
3047
2279
1932
2339
3053
2256
1946
2345
3049
2259
1932
2337
3027
2280
1912
2347
3045
2265
1930
2341
3047
2263
1926
2349
3055
2297
1954
2344
3054
2273
1912
2347
3055
2269
1956
2343
3044
2268
1926
2340
3053
2255
1956
2362
3049
2277
1963
2343
3041
2273
1928
2333
3039
2260
1922
2338
3047
2277
1916
2350
3051
2258
1942
2343
3049
2260
1942
2333
3048
2266
1914
2340
3047
2265
1944
2345
3049
2270
1926
2347
3049
2262
1930
2350
3045
2269
1954
2347
3047
2249
1930
2336
3050
2265
1934
2354
3049
2265
1913
2352
3049
2279
1940
2333
3047
2256
1956
2325
3051
2279
1930
2350
3041
2261
1940
2345
3051
2272
1960
2347
3047
2282
1966
2325
3039
2277
1942
2343
3047
2269
1942
2339
3059
2259
1944
2353
3057
2273
1959
2336
3035
2251
1960
2335
3041
2258
1962
2343
3045
2285
1934
2351
3057
2271
1930
2344
3043
2281
1930
2333
3036
2276
1946
2352
3035
2253
1934
2347
3049
2267
1944
2357
3049
2261
1930
2343
3047
2264
1926
2337
3033
2245
1932
2356
3041
2267
1924
2342
3053
2274
1954
2360
3050
2275
1928
2339
3051
2257
1954
2335
3033
2259
1962
2320
3049
2257
1936
2360
3053
2263
1952
2351
3051
2265
1922
2337
3037
2273
1918
2348
3038
2273
1916
2342
3045
2259
1944
2345
3056
2273
1938
2348
3037
2265
1910
2329
3041
2229
1950
2357
3043
2278
1936
2338
3060
2285
1940
2341
3051
2262
1938
2341
3045
2279
1952
2339
3041
2271
1914
2357
3055
2273
1908
2350
3062
2299
1958
2349
3052
2273
1932
2346
3043
2261
1926
2329
3039
2264
1954
2362
3051
2277
1942
2339
3059
2257
1924
2342
3046
2255
1920
2347
3037
2263
1958
2341
3053
2247
1930
2337
3059
2278
1954
2348
3048
2281
1936
2337
3041
2251
1944
2333
3045
2261
1918
2340
3052
2264
1934
2339
3059
2293
1952
2337
3043
2265
1944
2333
3037
2257
1908
2347
3043
2265
1938
2344
3045
2277
1942
2343
3048
2267
1924
2343
3039
2273
1914
2344
3037
2378
2273
2271
3050
2240
1904
2341
3061
2266
1949
2361
3045
2263
1927
2330
3039
2267
1926
2332
3041
2288
1928
2343
3050
2262
1958
2335
3057
2273
1940
2335
3047
2264
1940
2331
3043
2259
1940
2340
3043
2273
1918
2345
3051
2277
1918
2349
3047
2275
1930
2344
3052
2260
1932
2330
3039
2259
1934
2349
3049
2261
1918
2337
3055
2269
1952
2351
3051
2267
1921
2337
3043
2275
1936
2345
3044
2268
1972
2342
3051
2269
1932
2353
3061
2267
1938
2339
3046
2272
1942
2332
3033
2256
1950
2352
3045
2271
1958
2353
3057
2268
1934
2345
3047
2279
1944
2335
3044
2259
1987
2347
3039
2261
1954
2337
3049
2273
1934
2353
3047
2287
1951
2338
3049
2269
1959
2347
3037
2266
1948
2340
3049
2268
1940
2358
3049
2260
1964
2349
3039
2261
1934
2341
3048
2264
1940
2329
3039
2260
1930
2338
3045
2271
1930
2345
3063
2283
1920
2327
3052
2267
1928
2344
3037
2267
1942
2334
3039
2268
1940
2339
3043
2277
1954
2354
3055
2273
1930
2341
3049
2277
1938
2345
3043
2271
1914
2344
3044
2273
1928
2329
3045
2268
1913
2341
3055
2269
1957
2333
3045
2263
1932
2332
3033
2254
1956
2357
3045
2281
1924
2357
3053
2263
1936
2344
3045
2277
1960
2345
3041
2263
1938
2335
3045
2261
1936
2329
3044
2274
1940
2354
3083
2274
1948
2342
3049
2255
1942
2347
3045
2271
1940
2343
3041
2271
1912
2343
3047
2293
1946
2345
3049
2291
1934
2335
3042
2272
1922
2341
3037
2267
1938
2342
3047
2267
1956
2353
3044
2278
1952
2335
3045
2265
1952
2344
3039
2269
1922
2333
3041
2272
1926
2351
3051
2284
1924
2335
3061
2273
1928
2343
3057
2259
1942
2345
3041
2241
1930
2329
3049
2265
1950
2362
3041
2267
1960
2347
3051
2271
1938
2331
3041
2261
1934
2348
3038
2257
1938
2333
3045
2273
1930
2343
3055
2281
1964
2335
3051
2269
1946
2344
3041
2273
1932
2329
3039
2266
1936
2344
3043
2257
1956
2354
3055
2281
1944
2349
3049
2255
1955
2343
3039
2254
1926
2342
3052
2265
1934
2336
3055
2269
1940
2347
3059
2269
1923
2337
3055
2263
1958
2331
3052
2271
1950
2339
3039
2251
1958
2363
3054
2287
1938
2338
3050
2277
1924
2345
3045
2279
1942
2345
3041
2257
1906
2331
3054
2261
1956
2344
3057
2269
1950
2349
3049
2267
1917
2337
3029
2253
1938
2347
3044
2256
1938
2349
3049
2269
1924
2345
3053
2273
1965
2335
3043
2263
1922
2348
3041
2257
1944
2338
3047
2279
1960
2344
3059
2279
1936
2349
3041
2258
1940
2326
3043
2267
1928
2341
3041
2273
1954
2342
3052
2266
1958
2357
3053
2271
1932
2341
3041
2295
1936
2337
3042
2264
1912
2342
3042
2267
1934
2339
3055
2253
1941
2364
3047
2284
1922
2344
3045
2261
1934
2346
3043
2277
1964
2357
3047
2289
1956
2362
3054
2281
1922
2344
3048
2266
1942
2337
3043
2270
1950
2347
3053
2255
1912
2339
3049
2274
1936
2344
3057
2267
1930
2341
3044
2279
1922
2334
3039
2240
1912
2338
3048
2281
1930
2352
3045
2289
1928
2351
3047
2289
1926
2354
3047
2273
1889
2351
3041
2273
1934
2329
3049
2261
1958
2350
3049
2270
1948
2336
3049
2251
1942
2347
3039
2250
1924
2345
3046
2260
1940
2350
3052
2283
1946
2349
3051
2271
1958
2341
3057
2271
1962
2336
3039
2275
1942
2336
3049
2275
1922
2351
3055
2285
1932
2337
3043
2285
1942
2354
3042
2263
1940
2339
3043
2247
1956
2335
3051
2285
1930
2344
3045
2279
1934
2337
3049
2261
1926
2323
3037
2259
1944
2336
3045
2295
1938
2341
3051
2271
1970
2334
3053
2267
1960
2346
3045
2261
1914
2343
3038
2253
1922
2340
3051
2277
1930
2355
3063
2280
1952
2346
3047
2279
1918
2336
3040
2251
1938
2345
3045
2279
1930
2347
3052
2268
1922
2350
3059
2278
1923
2348
3037
2265
1918
2335
3043
2260
1954
2347
3048
2275
1938
2346
3049
2265
1918
2357
3059
2281
1930
2352
3045
2254
1942
2347
3035
2265
1932
2352
3047
2265
1926
2347
3063
2276
1940
2329
3048
2268
1926
2352
3044
2256
1899
2331
3043
2259
1928
2355
3051
2273
1907
2346
3051
2269
1961
2343
3047
2263
1928
2331
3037
2268
1930
2335
3045
2262
1930
2350
3053
2273
1950
2349
3049
2249
1948
2349
3047
2261
1932
2337
3055
2299
1919
2337
3049
2273
1930
2345
3053
2263
1923
2348
3051
2281
1928
2337
3051
2259
1907
2339
3045
2259
1924
2345
3049
2271
1938
2337
3061
2275
1936
2350
3047
2285
1930
2333
3043
2268
1978
2339
3046
2254
1947
2337
3049
2269
1938
2339
3049
2253
1938
2354
3046
2260
1938
2346
3041
2265
1948
2337
3047
2265
1942
2341
3057
2272
1932
2346
3059
2264
1946
2350
3045
2261
1914
2339
3043
2255
1974
2341
3045
2289
1930
2345
3059
2279
1960
2339
3045
2255
1930
2336
3039
2254
1932
2341
3051
2277
1952
2342
3057
2267
1912
2337
3059
2273
1964
2341
3045
2253
1918
2339
3043
2257
1960
2347
3051
2269
1952
2341
3059
2283
1912
2348
3048
2279
1922
2340
3043
2261
1956
2349
3053
2265
1928
2356
3049
2277
1968
2354
3051
2283
1936
2349
3041
2256
1944
2335
3037
2263
1942
2346
3049
2279
1916
2355
3055
2271
1942
2353
3055
2259
1946
2343
3045
2253
1916
2335
3037
2257
1920
2343
3051
2287
1934
2355
3065
2274
1924
2345
3063
2275
1956
2337
3039
2251
1918
2341
3057
2269
1930
2348
3057
2270
1938
2346
3053
2277
1932
2341
3039
2269
1948
2330
3041
2265
1910
2341
3051
2275
1928
2344
3053
2273
1926
2349
3051
2277
1928
2339
3037
2261
1915
2327
3051
2283
1936
2353
3057
2272
1954
2350
3054
2277
1946
2333
3053
2277
1943
2339
3049
2279
1928
2351
3043
2293
1962
2352
3053
2273
1941
2355
3061
2285
1932
2335
3049
2269
1908
2345
3047
2259
1956
2342
3037
2277
1920
2345
3063
2277
1922
2350
3050
2252
1932
2346
3045
2273
1932
2341
3045
2295
1938
2341
3050
2272
1948
2338
3058
2267
1938
2340
3047
2271
1962
2333
3029
2267
1918
2344
3047
2266
1934
2344
3052
2261
1952
2333
3051
2255
1920
2349
3043
2245
1932
2332
3049
2293
1942
2352
3041
2253
1942
2355
3056
2283
1944
2355
3047
2264
1952
2335
3039
2257
1944
2342
3053
2277
1932
2353
3048
2289
1944
2338
3059
2260
1934
2348
3041
2283
1948
2347
3025
2274
1930
2335
3047
2272
1938
2352
3049
2273
1988
2345
3051
2295
1938
2355
3045
2253
1932
2334
3043
2256
1914
2341
3051
2263
1943
2337
3045
2267
1962
2331
3049
2269
1947
2342
3051
2258
1919
2335
3045
2265
1962
2339
3051
2269
1940
2350
3053
2283
1962
2340
3047
2269
1946
2327
3039
2251
1910
2342
3046
2283
1934
2352
3060
2285
1958
2357
3061
2275
1954
2354
3052
2258
1905
2332
3043
2275
1946
2340
3041
2259
1946
2353
3059
2256
1952
2340
3042
2251
1956
2340
3043
2263
1923
2359
3045
2257
1924
2349
3051
2276
1920
2335
3052
2260
1921
2360
3049
2287
1916
2325
3039
2261
1922
2332
3046
2262
1954
2340
3054
2287
1936
2357
3049
2265
1957
2342
3047
2257
1950
2350
3045
2244
1978
2343
3047
2259
1942
2327
3050
2269
1932
2344
3049
2286
1926
2342
3041
2235
1944
2331
3039
2275
1944
2349
3047
2292
1946
2351
3079
2285
1924
2336
3053
2265
1908
2341
3045
2279
1942
2348
3052
2267
1948
2350
3057
2271
1942
2335
3049
2275
1946
2331
3045
2259
1920
2337
3045
2271
1960
2340
3047
2270
1916
2354
3058
2269
1964
2354
3045
2270
1945
2345
3039
2251
1920
2331
3053
2277
1938
2339
3054
2283
1958
2344
3055
2279
1950
2351
3047
2257
1938
2335
3041
2276
1954
2345
3041
2267
1948
2341
3057
2271
1968
2341
3047
2262
1946
2349
3037
2276
1928
2327
3045
2253
1912
2341
3049
2261
1944
2354
3052
2268
1928
2351
3060
2273
1932
2335
3039
2249
1944
2349
3046
2248
1950
2356
3052
2260
1922
2346
3053
2247
1944
2351
3041
2265
1922
2329
3039
2269
1957
2342
3046
2256
1928
2357
3051
2293
1934
2363
3047
2263
1952
2352
3043
2250
1938
2340
3043
2259
1922
2333
3053
2295
1954
2358
3055
2275
1963
2342
3053
2287
1926
2335
3039
2269
1958
2341
3050
2283
1948
2339
3049
2262
1920
2343
3051
2258
1938
2335
3044
2268
1932
2332
3052
2270
1926
2344
3050
2287
1938
2343
3053
2255
1940
2339
3046
2275
1930
2337
3031
2254
1927
2321
3039
2263
1936
2347
3051
2251
1940
2347
3047
2287
1928
2348
3045
2265
1948
2347
3049
2271
1944
2345
3047
2251
1956
2347
3054
2269
1952
2349
3051
2275
1967
2343
3049
