1817
1557
1372
1615
1819
1561
1324
1591
1813
1561
1345
1597
1813
1565
1353
1597
1821
1557
1315
1591
1815
1546
1317
1600
1817
1545
1353
1591
1821
1541
1333
1592
1811
1524
1339
1589
1815
1545
1318
1594
1819
1559
1323
1593
1813
1533
1305
1587
1819
1539
1323
1599
1821
1551
1355
1590
1815
1537
1337
1587
1819
1551
1335
1596
1817
1536
1331
1589
1812
1534
1337
1593
1815
1553
1327
1593
1819
1540
1335
1579
1809
1551
1329
1589
1819
1533
1309
1602
1817
1549
1321
1593
1815
1542
1316
1587
1817
1545
1339
1605
1817
1545
1351
1509
1813
1539
1336
1599
1817
1547
1325
1591
1817
1551
1307
1590
1813
1535
1335
1600
1823
1547
1335
1602
1817
1534
1367
1591
1815
1548
1323
1591
1817
1545
1335
1593
1815
1532
1327
1593
1817
1541
1318
1590
1821
1557
1327
1601
1815
1539
1333
1603
1815
1546
1315
1595
1819
1543
1349
1589
1815
1536
1311
1583
1817
1549
1325
1592
1823
1547
1331
1595
1810
1538
1321
1579
1815
1549
1323
1602
1823
1557
1323
1593
1817
1527
1343
1592
1817
1540
1304
1595
1821
1553
1327
1585
1813
1527
1319
1593
1817
1559
1325
1591
1819
1539
1347
1593
1811
1543
1337
1583
1813
1557
1319
1601
1817
1544
1321
1597
1809
1543
1333
1601
1815
1537
1321
1598
1817
1537
1301
1587
1815
1532
1362
1595
1819
1549
1329
1595
1817
1538
1329
1589
1817
1539
1337
1593
1823
1542
1326
1589
1815
1545
1331
1579
1814
1536
1315
1593
1823
1545
1327
1596
1815
1532
1331
1594
1819
1533
1325
1589
1817
1531
1347
1597
1815
1538
1335
1595
1815
1535
1311
1597
1821
1559
1323
1593
1815
1536
1329
1585
1817
1528
1305
1587
1821
1547
1331
1583
1815
1534
1317
1589
1817
1537
1335
1597
1821
1536
1325
1591
1813
1547
1333
1587
1819
1535
1322
1597
1817
1555
1321
1602
1811
1542
1337
1589
1817
1549
1321
1602
1819
1551
1334
1592
1811
1532
1343
1591
1817
1537
1343
1591
1817
1532
1333
1579
1811
1546
1317
1593
1819
1542
1333
1577
1819
1547
1337
1583
1813
1540
1317
1589
1815
1541
1319
1591
1817
1548
1343
1581
1815
1535
1319
1609
1823
1547
1323
1597
1815
1548
1315
1581
1815
1545
1333
1608
1821
1539
1313
1587
1815
1544
1321
1592
1815
1541
1337
1589
1819
1552
1367
1593
1817
1538
1349
1581
1817
1525
1353
1599
1819
1528
1323
1605
1817
1555
1333
1597
1815
1545
1331
1605
1817
1549
1319
1594
1813
1548
1327
1591
1813
1537
1331
1589
1817
1551
1325
1590
1811
1529
1321
1601
1819
1539
1343
1604
1817
1541
1345
1577
1813
1539
1347
1588
1815
1541
1317
1605
1817
1551
1313
1595
1813
1530
1341
1587
1817
1535
1339
1590
1817
1541
1341
1593
1813
1551
1331
1592
1819
1550
1318
1591
1817
1553
1298
1587
1813
1537
1345
1597
1819
1537
1323
1584
1813
1545
1315
1587
1815
1551
1331
1601
1823
1547
1321
1589
1815
1544
1323
1579
1815
1543
1331
1595
1817
1545
1335
1595
1815
1526
1337
1585
1815
1537
1337
1597
1821
1535
1337
1583
1811
1538
1323
1606
1817
1543
1337
1592
1817
1527
1329
1591
1810
1542
1329
1583
1817
1537
1321
1600
1817
1542
1317
1579
1809
1539
1307
1588
1817
1540
1357
1589
1819
1525
1315
1591
1813
1535
1341
1597
1815
1539
1313
1587
1817
1553
1323
1591
1815
1547
1335
1596
1825
1553
1319
1595
1823
1527
1319
8378
1737
1532
1344
1585
1819
1551
1325
1656
1841
1694
1555
1385
1635
1863
1620
1553
1357
1651
1615
1625
1857
1569
1343
1876
1598
1384
1524
1721
1724
1538
1329
1589
1815
1541
1313
1591
1815
1543
1333
1593
1819
1545
1317
1593
1811
1529
1321
1599
1817
1541
1323
1596
1815
1538
1325
1587
1813
1540
1325
1588
1817
1543
1311
1579
1820
1575
1335
1599
1815
1537
1351
1586
1819
1536
1331
1585
1820
1538
1329
1580
1811
1531
1329
1595
1817
1555
1313
1586
1823
1545
1323
1577
1811
1535
1325
1595
1817
1537
1337
1591
1817
1549
1327
1588
1813
1533
1323
1595
1817
1555
1313
1590
1815
1545
1345
1579
1815
1537
1327
1595
1817
1535
1324
1587
1823
1530
1307
1591
1811
1541
1335
1593
1815
1542
1331
1604
1817
1539
1321
1573
1811
1538
1319
1589
1821
1553
1331
1595
1815
1546
1325
1597
1813
1545
1325
1583
1821
1541
1329
1597
1813
1534
1313
1599
1815
1541
1317
1591
1821
1545
1331
1593
1813
1536
1309
1584
1817
1544
1331
1610
1819
1525
1321
1591
1811
1536
1339
1575
1817
1539
1363
1602
1824
1558
1343
1583
1815
1525
1333
1587
1819
1541
1337
1593
1817
1541
1341
1587
1815
1539
1331
1591
1817
1537
1339
1594
1819
1549
1325
1583
1809
1544
1325
1591
1819
1547
1329
1595
1817
1549
1333
1603
1813
1543
1335
1595
1817
1539
1327
1603
1819
1538
1331
1599
1811
1543
1327
1595
1819
1549
1343
1588
1817
1549
1325
1577
1811
1537
1319
1595
1815
1531
1337
1601
1815
1545
1313
1579
1815
1545
1327
1601
1819
1547
1325
1601
1811
1533
1337
1598
1815
1553
1353
1589
1821
1551
1342
1593
1813
1543
1315
1593
1813
1535
1323
1599
1819
1541
1341
1595
1815
1529
1345
1596
1811
1553
1331
1595
1817
1549
1333
1592
1810
1555
1335
1593
1815
1539
1319
1600
1817
1553
1320
1583
1813
1535
1329
1589
1816
1551
1345
1597
1820
1555
1311
1583
1815
1547
1329
1591
1813
1532
1331
1585
1819
1565
1341
1591
1809
1539
1331
1593
1821
1543
1311
1585
1815
1546
1341
1583
1815
1533
1308
1592
1819
1549
1343
1597
1819
1555
1315
1577
1813
1543
1331
1591
1819
1569
1341
1587
1813
1551
1337
1588
1813
1536
1347
1608
1823
1556
1341
1603
1811
1563
1305
1595
1817
1549
1341
1593
1821
1544
1351
1589
1811
1539
1341
1584
1815
1550
1316
1595
1819
1557
1327
1585
1813
1547
1345
1601
1813
1555
1331
1593
1819
1560
1331
1590
1815
1524
1323
1586
1815
1529
1363
1599
1818
1547
1329
1594
1815
1547
1321
1603
1819
1541
1337
1591
1819
1549
1314
1587
1811
1532
1319
1603
1815
1551
1338
1580
1815
1546
1333
1585
1809
1553
1343
1593
1817
1547
1327
1609
1817
1553
1311
1596
1811
1551
1327
1595
1819
1543
1361
1597
1817
1549
1352
1594
1813
1539
1313
1599
1821
1549
1333
1585
1819
1548
1319
1595
1818
1552
1333
1593
1819
1547
1357
1579
1811
1525
1327
1593
1813
1546
1337
1591
1821
1541
1327
1587
1821
1538
1339
1593
1817
1541
1305
1599
1819
1561
1317
1599
1813
1521
1343
1591
1813
1538
1358
1606
1821
1555
1361
1591
1811
1526
1315
1585
1813
1551
1333
1583
1815
1540
1350
1589
1813
1544
1329
1601
1817
1527
1349
1599
1817
1534
1349
1589
1815
1541
1323
1590
1823
1542
1331
1589
1821
1551
1320
1579
1809
1535
1331
1587
1815
1541
1319
1595
1815
1555
1353
1591
1811
1521
1332
1591
1817
1548
1321
1609
1817
1516
1329
1602
1817
1545
1335
1588
1821
1540
1355
1593
1815
1537
1347
1586
1817
1535
1369
1579
1817
1543
1354
1594
1819
1545
1319
1593
1815
1549
1335
1590
1821
1543
1366
1595
1815
1535
1364
1593
1815
1533
1357
1597
1821
1545
1313
1593
1813
1542
1309
1595
1813
1537
1360
1591
1823
1547
1347
1584
1815
1544
1371
1589
1817
1535
1359
1598
1821
1547
1317
1587
1815
1543
1329
1581
1815
1532
1339
1589
1815
1531
1343
1587
1813
1535
1339
1599
1821
1557
1337
1594
1819
1543
1343
1591
1815
1547
1351
1599
1817
1544
1345
1597
1819
1547
1353
1593
1811
1531
1331
1589
1821
1536
1349
1585
1815
1537
1354
1591
1815
1555
1349
1593
1819
1535
1327
1589
1817
1545
1327
1585
1813
1541
1335
1591
1819
1557
1336
1597
1815
1535
1304
1592
1811
1539
1343
1587
1821
1529
1309
1589
1815
1532
1331
1603
1819
1531
1316
1594
1821
1541
1349
1593
1817
1541
1319
1596
1815
1547
1319
1591
1823
1537
1357
1589
1817
1559
1333
1583
1815
1537
1323
1609
1819
1547
1357
1585
1819
1530
1306
1585
1815
1529
1337
1596
1819
1557
1345
1587
1815
1543
1335
1597
1819
1553
1331
1603
1821
1525
1331
1588
1811
1553
1319
1599
1815
1527
1355
1597
1817
1549
1339
1585
1813
1542
1305
1587
1819
1547
1347
1587
1817
1557
1349
1579
1817
1549
1333
1591
1819
1543
1329
1607
1817
1551
1293
1597
1811
1554
1341
1603
1817
1529
1327
1588
1817
1539
1317
1585
1813
1535
1377
1595
1821
1549
1345
1589
1815
1546
1323
1587
1811
1535
1319
1585
1819
1546
1350
1597
1819
1547
1317
1580
1811
1547
1321
1605
1823
1547
1337
1593
1815
1554
1329
1595
1815
1543
1327
1599
1823
1543
1313
1595
1815
1531
1321
1581
1815
1551
1333
1589
1817
1537
1315
1591
1813
1539
1319
1581
1813
1532
1330
1597
1819
1543
1345
1594
1817
1542
1327
1587
1817
1535
1331
1595
1819
1532
1341
1591
1811
1551
1295
1585
1821
1540
1379
1595
1817
1539
1317
1587
1811
1545
1351
1585
1815
1545
1347
1587
1817
1549
1337
1584
1813
1542
1335
1587
1821
1547
1325
1599
1817
1543
1353
1585
1817
1528
1351
1591
1823
1547
1341
1594
1819
1551
1331
1581
1813
1541
1329
1585
1815
1533
1323
1590
1815
1557
1325
1583
1815
1535
1349
1599
1822
1551
1333
1601
1817
1555
1331
1593
1815
1555
1331
1597
1819
1547
1357
1602
1815
1534
1319
1595
1817
1551
1345
1587
1819
1547
1327
1591
1817
1539
1339
1583
1821
1539
1333
1593
1821
1546
1335
1591
1815
1523
1351
1601
1819
1532
1331
1591
1817
1545
1337
1590
1813
1533
1347
1583
1819
1549
1353
1591
1821
1547
1325
1591
1811
1541
1341
1593
1821
1561
1343
1593
1817
1549
1333
1585
1809
1544
1343
1593
1819
1549
1337
1590
1815
1557
1335
1585
1815
1550
1329
1601
1823
1558
1360
1591
1817
1542
1335
1599
1811
1523
1325
1597
1823
1537
1349
1595
1817
1545
1358
1581
1813
1540
1334
1591
1817
1545
1309
1591
1817
1543
1331
1596
1817
1537
1321
1593
1819
1538
1335
1597
1813
1525
1337
1585
1813
1549
1327
1599
1819
1551
1337
1593
1813
1531
1354
1601
1815
1546
1319
1593
1823
1543
1323
1587
1813
1535
1321
1599
1817
1541
1327
1597
1817
1543
1313
1589
1813
1533
1325
1583
1821
1559
1348
1579
1821
1535
1373
1595
1811
1534
1341
1587
1815
1551
1341
1605
1821
1549
1331
1600
1813
1540
1303
1585
1817
1549
1361
1589
1815
1543
1361
1583
1815
1551
1368
1593
1817
1539
1331
1587
1815
1553
1349
1581
1813
1540
1339
1585
1819
1539
1361
1599
1821
1549
1309
1587
1815
1537
1341
1593
1817
1533
1349
1595
1815
1543
1319
1594
1813
1551
1339
1595
1823
1531
1329
1591
1817
1544
1335
1593
1815
1553
1351
1589
1819
1561
1351
1577
1813
1536
1302
1579
1817
1553
1319
1603
1819
1548
1363
1585
1817
1533
1333
1593
1819
1539
1363
1597
1819
1553
1333
1587
1815
1532
1372
1577
1815
1545
1341
1601
1819
1533
1335
1591
1813
1528
1333
1595
1815
1524
1339
1601
1817
1537
1339
1585
1809
1544
1343
1593
1819
1542
1325
1583
1815
1537
1323
1579
1811
1548
1321
1599
1817
1547
1299
1589
1815
1545
1337
1577
1811
1549
1341
1592
1823
1540
1321
1601
1819
1547
1349
1585
1811
1523
1351
1593
1819
1548
1333
1594
1813
1557
1363
1593
1813
1539
1323
1598
1823
1537
1361
1585
1815
1531
1316
1587
1815
1551
1341
1590
1819
1551
1329
1593
1813
1539
1325
1593
1817
1541
1329
1603
1819
1539
1366
1590
1815
1539
1339
1587
1817
1539
1343
1590
1821
1543
1323
1595
1815
1529
1343
1587
1817
1543
1358
1593
1817
1545
1308
1591
1811
1537
1325
1583
1817
1543
1331
1593
1817
1549
1351
1583
1819
1543
1343
1589
1815
1561
1333
1582
1819
1546
1313
1577
1811
1529
1331
1601
1813
1548
1381
1599
1819
1537
1337
5455
1026
1573
1355
1591
1817
1569
1440
1547
1755
1781
1592
1361
1565
1783
1751
1579
1858
1588
1377
1623
1821
1583
1448
1328
1633
1819
1535
1432
1373
1609
1347
1581
1821
1537
1345
1585
1815
1556
1323
1599
1821
1551
1321
1587
1819
1530
1321
1591
1815
1539
1344
1591
1821
1541
1325
1587
1815
1541
1341
1582
1813
1551
1341
1591
1819
1529
1318
1592
1813
1545
1357
1595
1819
1525
1355
1595
1822
1547
1351
1599
1811
1540
1341
1587
1817
1549
1327
1598
1819
1525
1337
1587
1813
1529
1329
1589
1819
1544
1353
1585
1821
1551
1333
1585
1818
1552
1325
1605
1821
1563
1337
1602
1821
1543
1325
1589
1813
1530
1353
1585
1819
1556
1321
1589
1817
1543
1341
1593
1811
1545
1349
1598
1821
1528
1337
1599
1817
1531
1323
1597
1817
1538
1359
1595
1817
1541
1350
1589
1815
1552
1319
1609
1817
1539
1339
1583
1817
1553
1363
1597
1817
1555
1337
1589
1819
1540
1337
1587
1821
1559
1331
1589
1817
1563
1319
1597
1819
1537
1327
1585
1817
1538
1315
1598
1813
1537
1319
1579
1817
1539
1351
1595
1819
1551
1361
1589
1813
1529
1315
1597
1817
1536
1355
1591
1817
1541
1331
1589
1813
1547
1327
1583
1817
1543
1343
1591
1819
1536
1335
1597
1813
1547
1325
1600
1819
1541
1337
1590
1817
1547
1331
1587
1817
1547
1308
1591
1817
1557
1333
1595
1815
1553
1317
1585
1809
1531
1341
1593
1819
1549
1365
1588
1817
1537
1331
1597
1811
1531
1323
1603
1825
1557
1343
1597
1819
1545
1337
1577
1817
1523
1315
1595
1819
1537
1325
1601
1815
1537
1337
1601
1815
1535
1327
1595
1821
1539
1333
1591
1815
1546
1341
1587
1817
1543
1345
1606
1819
1538
1347
1601
1815
1537
1331
1589
1815
1549
1333
1597
1821
1531
1359
1589
1811
1547
1297
1583
1815
1549
1319
1606
1823
1557
1345
1597
1815
1532
1335
1595
1817
1537
1305
1591
1819
1539
1337
1579
1811
1538
1317
1589
1819
1537
1343
1583
1815
1548
1323
1583
1809
1543
1347
1587
1821
1549
1323
1593
1819
1543
1331
1591
1809
1547
1343
1592
1817
1540
1345
1583
1819
1527
1331
1593
1813
1542
1341
1595
1823
1551
1325
1595
1813
1541
1335
1587
1811
1537
1315
1593
1819
1553
1323
1596
1815
1538
1351
1589
1817
1553
1327
1606
1818
1543
1319
1581
1813
1547
1325
1601
1817
1534
1316
1591
1823
1541
1355
1597
1815
1555
1321
1593
1813
1549
1331
1597
1821
1547
1341
1581
1815
1547
1323
1577
1821
1539
1309
1591
1817
1544
1339
1583
1811
1528
1331
1589
1819
1557
1345
1595
1817
1545
1323
1605
1815
1547
1323
1595
1819
1543
1329
1610
1817
1527
1319
1583
1817
1533
1341
1594
1817
1554
1369
1601
1815
1543
1319
1583
1809
1522
1308
1583
1821
1559
1349
1598
1817
1537
1331
1597
1815
1555
1311
1592
1817
1526
1307
1591
1815
1551
1355
1585
1815
1541
1325
1600
1819
1536
1345
1595
1823
1539
1317
1591
1815
1551
1337
1601
1823
1553
1321
1589
1815
1545
1341
1593
1813
1545
1341
1596
1819
1550
1329
1591
1813
1533
1318
1593
1815
1548
1353
1593
1819
1555
1341
1589
1811
1526
1309
1589
1815
1542
1333
1601
1819
1543
1359
1601
1813
1537
1319
1597
1815
1531
1319
1599
1819
1541
1318
1591
1811
1537
1339
1589
1819
1547
1349
1589
1815
1547
1337
1581
1813
1539
1353
1611
1817
1549
1359
1596
1820
1541
1338
1591
1811
1543
1349
1596
1817
1529
1321
1591
1821
1537
1323
1589
1811
1535
1386
1603
1817
1547
1341
1595
1817
1556
1327
1593
1813
1540
1335
1605
1819
1549
1346
1585
1813
1522
1335
1583
1813
1545
1319
1593
1825
1549
1347
1599
1817
1537
1335
1583
1819
1539
1369
1585
1819
1551
1337
1586
1815
1549
1352
1581
1813
1543
1329
1595
1820
1527
1315
1595
1813
1534
1331
1595
1817
1533
1337
1604
1823
1539
1341
1581
1811
1541
1307
1601
1815
1541
1347
1593
1821
1553
1333
1587
1817
1545
1319
1587
1819
1551
1349
1592
1819
1541
1315
1583
1811
1543
1329
1583
1815
1539
1325
1595
1817
1545
1311
1589
1813
1537
1361
1585
1817
1532
1349
1581
1815
1537
1321
1589
1809
1546
1325
1593
1815
1535
1314
1589
1815
1534
1339
1589
1811
1549
1345
1588
1817
1537
1375
1593
1817
1547
1333
1583
1817
1547
1347
1587
1821
1547
1303
1593
1821
1533
1321
1589
1817
1535
1361
1591
1821
1551
1317
1585
1813
1545
1311
1591
1813
1536
1313
1608
1819
1544
1317
1589
1815
1535
1308
1587
1815
1552
1323
1593
1821
1533
1345
1587
1811
1525
1325
1589
1817
1549
1335
1596
1819
1540
1323
1591
1811
1539
1310
1590
1817
1553
1323
1593
1819
1545
1297
1591
1813
1549
1339
1597
1813
1544
1319
1593
1819
1552
1335
1583
1813
1547
1319
1589
1817
1547
1345
1595
1819
1539
1329
1591
1811
1545
1329
1591
1815
1553
1321
1605
1817
1537
1333
1605
1815
1533
1301
1591
1817
1545
1331
1596
1817
1532
1337
1587
1811
1547
1362
1599
1815
1553
1327
1593
1819
1545
1363
1585
1813
1551
1313
1591
1815
1552
1331
1589
1821
1531
1344
1588
1817
1544
1308
1585
1821
1533
1331
1591
1815
1531
1337
1591
1813
1533
1357
1590
1825
1550
1331
1585
1819
1535
1316
1587
1815
1550
1343
1589
1821
1529
1335
1587
1815
1536
1346
1589
1815
1539
1363
1597
1819
1553
1343
1603
1811
1549
1313
1595
1815
1535
1335
1599
1821
1541
1351
1593
1813
1539
1323
1594
1817
1543
1339
1583
1821
1541
1363
1593
1811
1545
1373
1595
1815
1561
1317
1593
1819
1534
1321
1595
1813
1549
1325
1599
1819
1541
1329
1591
1819
1527
1321
1591
1813
1549
1325
1579
1817
1553
1333
1591
1815
1538
1337
1584
1817
1544
1327
1587
1821
1561
1323
1593
1815
1549
1339
1593
1817
1531
1347
1595
1819
1528
1337
1589
1811
1533
1313
1593
1813
1534
1351
1607
1827
1547
1366
1579
1815
1539
1325
1597
1815
1533
1325
1603
1819
1539
1378
1595
1813
1545
1347
1593
1813
1537
1349
1604
1821
1539
1337
1607
1813
1545
1315
1601
1817
1540
1323
1597
1819
1553
1316
1593
1811
1536
1345
1599
1815
1539
1314
1593
1819
1535
1327
1593
1815
1541
1345
1592
1819
1543
1355
1599
1817
1525
1329
1583
1811
1537
1335
1591
1815
1547
1329
1597
1815
1526
1324
1577
1811
1546
1343
1587
1822
1533
1335
1602
1821
1525
1300
1587
1819
1537
1335
1598
1817
1553
1349
1593
1815
1543
1297
1587
1817
1544
1342
1601
1823
1535
1343
1585
1811
1540
1309
1585
1813
1537
1319
1591
1821
1551
1317
1591
1815
1540
1363
1590
1815
1548
1331
1597
1823
1544
1315
1581
1815
1541
1339
1595
1815
1550
1321
1589
1817
1539
1339
1602
1815
1534
1353
1599
1815
1545
1309
1591
1823
1547
1337
1597
1813
1541
1315
1597
1815
1542
1325
1587
1817
1535
1347
1583
1815
1546
1329
1586
1821
1557
1353
1589
1817
1559
1323
1595
1813
1545
1341
1589
1815
1540
1339
1597
1815
1551
1337
1591
1813
1535
1329
1589
1821
1540
1319
1601
1815
1537
1309
1575
1813
1533
1339
1579
1819
1547
1353
1598
1817
1551
1345
1577
1811
1547
1333
1593
1825
1555
1335
1589
1823
1557
1329
1594
1813
1537
1331
1592
1819
1536
1365
1601
1815
1532
1343
1593
1815
1542
1349
1603
1823
1555
1318
1583
1821
1544
1351
1603
1819
1537
1344
1595
1821
1536
1329
1601
1811
1531
1321
1588
1817
1541
1343
1591
1821
1555
1321
1593
1811
1540
1311
1591
1819
1543
1345
1608
1822
1545
1311
1593
1811
1543
1335
1597
1819
1531
1333
1597
1817
1563
1315
1593
1811
1543
1338
1589
1813
1549
1335
1605
1815
1527
1350
1587
1813
1547
1337
1585
1821
1529
1327
1586
1821
1531
1337
1591
1811
1535
1345
1593
1817
1550
1361
1588
1813
1553
1328
1603
1815
1537
1339
1595
1821
1545
1331
1593
1815
1533
1339
1600
1815
1557
1325
1593
1817
1554
1363
1597
1811
1528
1323
1587
1815
1547
1361
1594
1819
1568
1313
1581
1815
1535
1308
1583
1815
1534
1317
1599
1823
1549
1365
1581
1811
1544
1321
1597
1815
1541
1341
1591
1823
1541
1339
1584
1815
1537
1337
1593
1817
1545
1327
1603
1819
1545
1317
1585
1813
1543
1311
1591
1815
1549
1349
1599
1817
1537
1335
1589
1809
1543
1329
1595
1823
1543
1339
1590
1821
1549
1327
1591
1811
1551
1307
1588
1821
1564
1335
1605
1817
1537
1337
1589
1835
1545
1367
1597
1823
63878
1425
1519
1753
1795
1595
1368
1497
1765
1781
1579
1862
1587
1343
1630
1857
1559
1341
1619
1827
1554
1474
1418
1657
1819
1553
1597
1815
1537
1329
1594
1817
1553
1325
1595
1823
1561
1318
1585
1815
1539
1323
1607
1817
1533
1335
1592
1823
1545
1345
1593
1813
1549
1309
1595
1817
1534
1345
1587
1823
1531
1333
1589
1815
1549
1314
1591
1819
1545
1335
1605
1821
1543
1323
1582
1811
1529
1333
1581
1819
1535
1325
1605
1817
1533
1345
1587
1817
1535
1315
1579
1819
1538
1351
1599
1815
1543
1320
1587
1811
1557
1341
1589
1819
1551
1325
1590
1817
1559
1333
1591
1813
1536
1341
1591
1817
1556
1335
1591
1819
1541
1319
1595
1813
1539
1313
1587
1823
1553
1343
1579
1815
1547
1313
1593
1813
1544
1319
1587
1821
1537
1337
1599
1815
1535
1311
1589
1813
1539
1311
1591
1819
1546
1341
1591
1819
1547
1306
1586
1815
1549
1345
1583
1821
1557
1321
1595
1815
1547
1345
1601
1817
1539
1363
1593
1819
1554
1315
1589
1813
1539
1345
1583
1815
1561
1341
1601
1817
1540
1335
1591
1813
1539
1325
1589
1817
1550
1333
1599
1817
1553
1331
1595
1811
1536
1311
1587
1815
1531
1333
1593
1819
1532
1305
1587
1815
1559
1339
1591
1813
1573
1345
1596
1815
1551
1338
1592
1813
1549
1343
1601
1817
1559
1395
1641
1853
1672
1577
1343
1633
1859
1600
1625
1857
1589
1360
1624
1859
1577
1369
1632
1849
1567
1345
1567
1779
1688
1581
1385
1815
1541
1335
1589
1815
1541
1310
1593
1823
1531
1339
1599
1815
1553
1313
1587
1813
1535
1323
1591
1819
1557
1327
1604
1815
1542
1323
1583
1815
1527
1313
1592
1822
1551
1327
1587
1813
1529
1337
1583
1813
1544
1343
1593
1819
1553
1321
1589
1817
1534
1302
1597
1821
1541
1337
1601
1819
1555
1329
1593
1815
1547
1331
1596
1817
1550
1321
1601
1815
1530
1313
1583
1811
1541
1339
1595
1819
1534
1331
1591
1817
1547
1329
1579
1811
1553
1341
1599
1821
1569
1312
1591
1819
1555
1317
1597
1813
1545
1329
1594
1819
1547
1337
1589
1817
1541
1356
1581
1807
1541
1305
1595
1819
1545
1327
1589
1819
1528
1331
1585
1815
1547
1341
1603
1824
1557
1315
1577
1815
1536
1327
1594
1811
1563
1329
1605
1817
1543
1333
1587
1813
1535
1331
1589
1817
1543
1329
1591
1819
1547
1345
1601
1815
1541
1307
1603
1815
1535
1361
1603
1819
1545
1321
1597
1815
1521
1325
1594
1821
1545
1314
1599
1823
1548
1331
1589
1813
1538
1307
1597
1817
1549
1337
1593
1817
1555
1317
1585
1813
1547
1329
1581
1819
1553
1348
1599
1821
1537
1317
1577
1815
1535
1319
1600
1821
1556
1317
1591
1819
1547
1315
1588
1811
1536
1339
1581
1823
1551
1313
1601
1819
1545
1331
1603
1811
1543
1319
1598
1819
1549
1347
1601
1817
1528
1323
1589
1813
1557
1333
1583
1819
1547
1315
1603
1817
1555
1306
1583
1813
1552
1310
1605
1821
1563
1337
1593
1815
1562
1331
1595
1813
1528
1323
1597
1823
1547
1337
1581
1819
1537
1327
1585
1815
1531
1329
1601
1819
1543
1325
1585
1813
1538
1329
1583
1811
1547
1331
1585
1817
1533
1337
1591
1815
1546
1319
1593
1819
1544
1335
1597
1819
1531
1337
1593
1815
1521
1317
1597
1817
1553
1333
1587
1819
1531
1325
1584
1811
1550
1317
1591
1821
1551
1338
1601
1817
1539
1315
1595
1811
1526
1337
1593
1819
1538
1355
1601
1817
1545
1337
1594
1807
1535
1333
1591
1823
1538
1349
1595
1819
1545
1339
1583
1814
1525
1333
1597
1821
1541
1327
1601
1817
1549
1329
1593
1815
1537
1333
1589
1821
1553
1321
1589
1815
1547
1331
1593
1815
1533
1346
1601
1819
1543
1319
1585
1813
1541
1319
1589
1817
1539
1313
1589
1819
1529
1337
1610
1815
1537
1333
1585
1815
1545
1313
1589
1819
1532
1329
1581
1813
1545
1315
1596
1817
1530
1329
1597
1819
1551
1335
1591
1811
1547
1331
1597
1815
1543
1321
1599
1815
1537
1309
1589
1813
1536
1295
1605
1817
1554
1342
1591
1815
1563
1335
1591
1815
1541
1331
1597
1815
1538
1323
1587
1817
1558
1313
1599
1811
1539
1311
1589
1821
1549
1333
1588
1821
1544
1357
1583
1813
1545
1310
1596
1821
1547
1347
1589
1819
1535
1326
1577
1819
1534
1321
1589
1823
1551
1335
1593
1815
1551
1339
1594
1811
1543
1346
1593
1824
1549
1309
1588
1815
1530
1313
1585
1813
1547
1335
1599
1819
1543
1327
1589
1813
1533
1343
1593
1819
1559
1321
1597
1817
1545
1319
1587
1815
1533
1323
1587
1815
1521
1329
1591
1823
1535
1337
1581
1813
1541
1321
1590
1817
1532
1322
1597
1819
1539
1347
1593
1811
1541
1341
1589
1819
1555
1339
1600
1819
1549
1305
1585
1813
1536
1297
1601
1817
1538
1345
1595
1817
1557
1309
1591
1813
1535
1317
1597
1823
1556
1325
1601
1815
1549
1337
1595
1811
1557
1349
1597
1823
1551
1324
1595
1817
1539
1323
1581
1813
1531
1319
1591
1816
1560
1323
1589
1815
1526
1317
1593
1811
1527
1325
1588
1823
1571
1327
1581
1811
1541
1303
1587
1821
1538
1337
1591
1817
1543
1339
1591
1813
1549
1333
1599
1813
1555
1323
1604
1821
1549
1325
1587
1815
1539
1350
1593
1813
1534
1317
1591
1821
1559
1315
1593
1811
1539
1335
1595
1817
1557
1319
1592
1819
1535
1339
1589
1813
1536
1315
1593
1815
1563
1323
1593
1813
1531
1327
1581
1811
1561
1351
1585
1819
1551
1309
1603
1819
1567
1329
1599
1813
1567
1316
1595
1811
1543
1359
1598
1815
1560
1327
1583
1811
1549
1339
1600
1823
1543
1341
1587
1817
1542
1333
1575
1813
1523
1345
1585
1817
1544
1311
1591
1815
1539
1333
1586
1811
1553
1343
1585
1817
1533
1357
1592
1813
1539
1339
1583
1813
1533
1339
1593
1822
1559
1313
1595
1811
1534
1327
1595
1815
1549
1351
1589
1815
1547
1334
1594
1813
1543
1302
1597
1817
1563
1337
1594
1820
1555
1345
1595
1819
1537
1325
1597
1815
1543
1331
1594
1819
1550
1331
1597
1809
1551
1320
1597
1813
1537
1333
1597
1821
1551
1317
1584
1819
1543
1321
1595
1817
1545
1313
1598
1821
1547
1341
1587
1809
1537
1337
1577
1819
1541
1327
1601
1815
1557
1331
1583
1807
1545
1301
1590
1817
1543
1315
1585
1813
1550
1353
1585
1811
1553
1323
1589
1817
1553
1333
1597
1815
1548
1337
1587
1811
1541
1339
1585
1823
1549
1321
1585
1819
1541
1307
1582
1809
1545
1325
1599
1817
1555
1333
1589
1815
1554
1337
1583
1813
1551
1327
1583
1819
1557
1331
1583
1815
1545
1329
1603
1815
1533
1331
1582
1821
1541
1317
1581
1815
1539
1363
1601
1815
1545
1329
1593
1821
1571
1337
1585
1813
1545
1343
1583
1817
1545
1338
1605
1817
1545
1309
1593
1817
1535
1335
1583
1815
1540
1347
1605
1819
1537
1315
1581
1811
1545
1351
1581
1815
1555
1319
1603
1819
1546
1348
1585
1817
1545
1333
1591
1817
1549
1327
1589
1819
1534
1337
1585
1817
1551
1343
1607
1818
1540
1351
1601
1817
1545
1321
1589
1815
1559
1325
1603
1817
1549
1359
1596
1815
1543
1329
1599
1813
1544
1358
1591
1819
1563
1366
1596
1817
1537
1331
1591
1817
1552
1333
1599
1823
1546
1337
1577
1815
1537
1308
1589
1815
1543
1315
1599
1823
1539
1313
1585
1813
1541
1331
1591
1815
1535
1326
1593
1823
1532
1345
1585
1815
1525
1337
1580
1815
1534
1331
1597
1817
1543
1341
1593
1811
1550
1331
1595
1815
1549
1358
1591
1819
1553
1345
1593
1817
1551
1350
1593
1817
1541
1315
1587
1819
1539
1321
1583
1809
1535
1317
1586
1817
1540
1347
1595
1821
1533
1349
1587
1813
1556
1369
1601
1819
1543
1319
1589
1815
1552
1333
1587
1817
1543
1367
1585
1823
1540
1351
1601
1815
1529
1337
1591
1817
1531
1341
1588
1823
1545
1337
1589
1819
1533
1325
1589
1817
1543
1331
1587
1819
1552
1321
1599
1815
1547
1356
1591
1815
1535
1315
1590
1819
1538
1341
1595
1813
1545
1327
1583
1815
1542
1297
1591
1817
1549
1321
1595
1813
1525
1319
1593
1817
1543
1349
1595
1817
1541
1351
1593
1815
1535
1337
1593
1815
1541
1341
1589
1819
1531
1351
1601
1813
1537
1341
1583
1815
1547
1333
1583
1817
1545
1343
1590
1811
1551
1333
1595
1819
1557
1323
1602
1822
1536
1325
1589
1809
1533
1363
1595
1817
1543
1329
1589
1819
1563
1315
1583
1827
1565
1327
1600
1819
1553
1360
1654
1861
1615
1496
1386
1686
1867
1569
1464
1414
1674
1819
1579
1855
1579
1382
1612
1819
1551
1456
1375
1647
1817
1543
1424
1435
1704
1339
1589
1817
1525
1333
1587
1827
1553
1345
1581
1817
1543
1329
1593
1817
1533
1327
1593
1823
1536
1351
1595
1813
1537
1339
1589
1815
1533
1323
1591
1818
1537
1347
1594
1815
1539
1321
1596
1817
1547
1317
1593
1819
1535
1351
1589
1811
1530
1359
1581
1813
1557
1345
1589
1817
1544
1329
1581
1815
1539
1341
1595
1817
1534
1353
1589
1817
1547
1329
1595
1811
1546
1317
1593
1819
1537
1354
1587
1815
1530
1335
1571
1811
1537
1323
1605
1819
1537
1345
1597
1815
1539
1311
1585
1815
1539
1319
1585
1819
1537
1319
1587
1819
1539
1335
1587
1811
1551
1333
1591
1819
1545
1338
1595
1817
1540
1331
1593
1817
1543
1324
1599
1821
1534
1325
1585
1815
1535
1333
1591
1815
1548
1327
1589
1819
1541
1340
1593
1817
1535
1333
1584
1815
1537
1337
1585
1821
1531
1344
1587
1815
1550
1335
1587
1815
1545
1341
1595
1819
1553
1313
1587
1813
1531
1346
1591
1817
1557
1312
1599
1823
1553
1317
1587
1813
1538
1319
1589
1821
1541
1345
1585
1820
1528
1351
1589
1814
1539
1347
1589
1817
1544
1341
1579
1819
1539
1311
1596
1813
1539
1327
1589
1817
1549
1339
1599
1821
1536
1331
1588
1813
1551
1339
1587
1819
1541
1341
1595
1819
1543
1315
1589
1811
1557
1319
1583
1821
1547
1329
1603
1817
1535
1331
1590
1815
1543
1339
1587
1823
1551
1333
1609
1819
1546
1361
1600
1813
1536
1301
1591
1823
1537
1335
1585
1815
1531
1341
1585
1815
1553
1327
1593
1821
1539
1325
1587
1815
1541
1337
1589
1811
1536
1311
1597
1817
1545
1325
1601
1813
1534
1349
1583
1815
1557
1305
1591
1819
1553
1345
1589
1815
1533
1325
1593
1820
1543
1384
1593
1819
1526
1339
1588
1813
1535
1337
1584
1819
1541
1323
1595
1819
1556
1331
1583
1809
1552
1314
1589
1819
1535
1359
1598
1819
1555
1343
1581
1811
1535
1323
1592
1819
1552
1343
1595
1817
1541
1335
1579
1813
1539
1347
1589
1821
1559
1341
1581
1815
1539
1317
1595
1813
1524
1335
1589
1825
1551
1341
1588
1819
1550
1347
1589
1819
1539
1321
1601
1818
1544
1331
1597
1817
1523
1345
1604
1813
1546
1357
1595
1819
1553
1347
1596
1814
1545
1323
1593
1813
1533
1343
1596
1821
1558
1364
1589
1813
1535
1319
1583
1817
1543
1327
1604
1817
1557
1343
1587
1809
1536
1337
1587
1817
1551
1335
1589
1819
1551
1321
1584
1815
1529
1359
1595
1819
1547
1337
1607
1818
1543
1327
1587
1809
1531
1345
1601
1815
1532
1333
1593
1815
1521
1321
1589
1815
1532
1338
1597
1821
1547
1355
1597
1821
1563
1333
1586
1813
1547
1319
1591
1819
1534
1345
1603
1817
1523
1335
1575
1813
1541
1329
1585
1817
1553
1337
1599
1815
1555
1307
1587
1817
1551
1329
1595
1819
1553
1335
1605
1819
1551
1377
1587
1813
1539
1344
1588
1817
1549
1359
1597
1817
1545
1339
1586
1813
1543
1327
1585
1821
1536
1339
1585
1821
1547
1303
1589
1815
1555
1331
1591
1817
1555
1325
1585
1811
1540
1357
1596
1817
1547
1329
1600
1819
1537
1325
1587
1811
1551
1315
1589
1819
1544
1329
1589
1817
1549
1351
1592
1811
1550
1321
1593
1821
1555
1351
1604
1820
1537
1341
1594
1815
1541
1335
1593
1820
1542
1355
1587
1817
1547
1337
1579
1811
1535
1331
1609
1819
1539
1321
1591
1813
1549
1317
1595
1815
1538
1337
1591
1819
1553
1317
1596
1817
1535
1316
1581
1815
1535
1350
1583
1819
1555
1335
1587
1821
1549
1321
1588
1815
1565
1357
1601
1823
1545
1321
1595
1815
1551
1325
1585
1815
1528
1341
1591
1817
1555
1361
1597
1819
1541
1341
1589
1815
1559
1333
1596
1819
1557
1311
1591
1813
1545
1353
1593
1815
1543
1311
1587
1819
1549
1333
1591
1811
1524
1343
1603
1819
1527
1321
1598
1815
1530
1326
1593
1813
1547
1362
1589
1819
1546
1369
1601
1817
1543
1343
1577
1811
1527
1339
1587
1819
1555
1321
1611
1817
1547
1319
1579
1808
1520
1321
1591
1817
1535
1360
1590
1817
1550
1314
1595
1811
1541
1315
1595
1818
1554
1319
1593
1817
1543
1321
1593
1819
1540
1335
1589
1821
1547
1309
1599
1815
1530
1347
1589
1815
1537
1325
1600
1821
1545
1382
1589
1813
1550
1323
1587
1815
1541
1319
1587
1819
1552
1321
1583
1815
1537
1315
1591
1813
1539
1364
1605
1821
1543
1337
1597
1813
1536
1327
1583
1815
1537
1329
1595
1823
1531
1333
1595
1811
1539
1306
1589
1817
1537
1331
1607
1825
1537
1324
1583
1815
1537
1335
1585
1815
1545
1367
1587
1817
1539
1369
1590
1815
1531
1335
1597
1819
1537
1321
1587
1817
1539
1337
1579
1811
1531
1339
1604
1819
1547
1326
1593
1815
1557
1335
1587
1813
1551
1353
1589
1819
1533
1337
1607
1815
1555
1331
1583
1809
1539
1311
1599
1823
1545
1321
1599
1817
1549
1329
1599
1815
1545
1349
1597
1821
1549
1351
1591
1815
1543
1303
1589
1815
1543
1345
1603
1819
1535
1337
1591
1815
1539
1329
1591
1817
1551
1335
1600
1823
1533
1350
1589
1813
1547
1319
1603
1813
1563
1343
1599
1825
1540
1327
1581
1817
1540
1347
1583
1819
1547
1341
1591
1822
1548
1314
1589
1815
1546
1323
1594
1817
1544
1309
1588
1819
1541
1339
1577
1813
1547
1339
1596
1817
1541
1325
1593
1817
1539
1299
1593
1811
1538
1331
1589
1817
1535
1374
1593
1815
1545
1343
1591
1813
1535
1347
1589
1819
1567
1323
1589
1821
1533
1347
1582
1817
1540
1331
1589
1819
1555
1351
1587
1811
1551
1305
1585
1819
1553
1323
1593
1823
1548
1331
1605
1817
1532
1314
1585
1817
1537
1339
1597
1819
1553
1331
1583
1817
1533
1331
1594
1813
1554
1367
1599
1821
1545
1339
1599
1815
1553
1317
1583
1819
1547
1353
1593
1823
1555
1337
1605
1813
1533
1305
1585
1819
1553
1355
1595
1821
1541
1341
1595
1811
1529
1361
1597
1815
1527
1335
1601
1819
1551
1321
1579
1812
1541
1347
1585
1817
1541
1337
1603
1821
1534
1329
1593
1811
1567
1337
1595
1817
1544
1337
1601
1819
1545
1333
1579
1811
1535
1329
1592
1817
1567
1319
1593
1817
1543
1315
1585
1815
1539
1359
1589
1817
1535
1352
1599
1821
1524
1328
1581
1815
1553
1321
1592
1819
1536
1325
1595
1815
1551
1343
1583
1815
1543
1351
1589
1821
1535
1341
1581
1815
1551
1319
1589
1813
1544
1341
1603
1821
1541
1350
1591
1817
1543
1331
1587
1818
1547
1311
1596
1821
1538
1346
1589
1813
1547
1319
1587
1815
1530
1361
1593
1821
1535
1337
1580
1813
1532
1329
1597
1815
1545
1325
1595
1819
1547
1319
1581
1811
1527
1341
1583
1814
1549
1363
1599
1821
1551
1309
1593
1815
1539
1319
1594
1819
1541
1323
1593
1820
1548
1347
1586
1811
1539
1346
1589
1821
1537
1352
1591
1817
1537
1337
1591
1813
1535
1337
1587
1819
1531
1331
1611
1813
1531
1305
1583
1815
1550
1321
1585
1817
1543
1321
1595
1813
1543
1339
1601
1815
1533
1329
1591
1823
1547
1343
1601
1817
1533
1309
1597
1813
1532
1335
1589
1823
1555
1365
1598
1815
1551
1369
1607
1815
1529
1327
1595
1823
1541
1329
1589
1817
1547
1313
1587
1815
1537
1329
1600
1817
1538
1323
1577
1815
1543
1321
1598
1817
1541
1337
1583
1821
1537
1327
1587
1813
1539
1333
1588
1815
1545
1319
1601
1821
1553
1343
1591
1813
1533
1337
1577
1819
1535
1307
1591
1817
1547
1327
1583
1813
1551
1333
1577
1817
1553
1319
1593
1819
1537
1321
1594
1813
1551
1349
1595
1817
1545
1337
1607
1815
1565
1311
1575
1813
1535
1321
1589
1817
1548
1335
1595
1813
1543
1321
1595
1813
1546
1309
1597
1821
1545
1331
1585
1815
1529
1307
1589
1813
1548
1319
1597
1823
1547
1349
1592
1815
1543
1353
1579
1817
1529
1337
1586
1825
1539
1347
1599
1815
1529
1313
1603
1817
1539
1327
1585
1819
1551
1347
1588
1811
1537
1309
1587
1815
1527
1342
1597
1821
1545
1323
1597
1815
1545
1319
1595
1817
1547
1329
1594
1817
1561
1339
1593
1815
1549
1327
1590
1819
1557
1377
1593
1819
1531
1321
1585
1811
1542
1327
1593
1819
1555
1357
1596
1819
1539
1319
1579
1809
1531
1320
1591
1817
1540
1315
1605
1815
1549
1295
1581
1599
1543
1343
1589
1823
1559
1360
1656
1863
1611
1507
1381
1684
1860
1589
1478
1422
1678
1767
1616
1852
1542
1468
1309
1595
1815
1533
1470
1362
1595
1821
1331
1817
1551
1345
1585
1815
1553
1327
1587
1823
1551
1335
1602
1817
1530
1337
1581
1813
1529
1349
1585
1819
1557
1321
1591
1813
1553
1325
1597
1817
1524
1327
1593
1819
1535
1327
1587
1815
1555
1323
1593
1817
1543
1341
1581
1819
1543
1319
1597
1813
1539
1300
1591
1819
1551
1351
1593
1821
1551
1293
1587
1811
1535
1339
1603
1815
1555
1337
1597
1819
1543
1347
1590
1811
1547
1337
1593
1819
1555
1331
1597
1821
1548
1338
1598
1811
1542
1307
1598
1819
1547
1322
1598
1819
1532
1331
1585
1815
1531
1325
1595
1819
1555
1351
1591
1819
1545
1343
1583
1813
1553
1353
1603
1823
1557
1353
1601
1822
1528
1329
1587
1815
1555
1317
1600
1821
1533
1325
1583
1817
1541
1321
1593
1817
1550
1335
1589
1821
1553
1327
1587
1813
1522
1337
1589
1819
1555
1313
1601
1821
1542
1339
1593
1819
1531
1347
1589
1817
1531
1295
1605
1819
1547
1329
1589
1813
1533
1343
1585
1815
1551
1319
1607
1815
1534
1352
1577
1815
1524
1339
1599
1813
1551
1327
1593
1817
1530
1313
1593
1811
1536
1327
1607
1815
1531
1335
1599
1821
1541
1298
1581
1815
1547
1365
1602
1817
1551
1339
1593
1817
1536
1321
1587
1813
1541
1353
1595
1819
1541
1361
1603
1815
1549
1337
1603
1811
1545
1325
1593
1821
1551
1354
1599
1819
1543
1333
1596
1815
1522
1325
1591
1819
1543
1325
1600
1815
1547
1331
1588
1815
1529
1333
1597
1819
1534
1337
1601
1815
1548
1335
1595
1815
1545
1317
1601
1823
1542
1327
1591
1815
1535
1349
1607
1815
1543
1331
1591
1821
1539
1335
1601
1817
1531
1325
1599
1813
1543
1348
1597
1817
1535
1357
1589
1811
1529
1309
1589
1819
1533
1345
1583
1817
1540
1311
1588
1810
1527
1339
1581
1817
1552
1335
1591
1815
1537
1333
1587
1809
1530
1317
1601
1815
1533
1343
1598
1817
1536
1329
1605
1813
1553
1377
1601
1815
1546
1353
1593
1817
1537
1355
1573
1813
1543
1327
1591
1821
1555
1325
1587
1817
1539
1331
1575
1815
1553
1339
1606
1817
1544
1345
1589
1819
1545
1323
1589
1815
1545
1311
1593
1820
1553
1359
1595
1813
1541
1341
1593
1815
1543
1361
1589
1819
1525
1351
1597
1811
1545
1331
1587
1813
1541
1329
1585
1819
1533
1325
1585
1817
1555
1339
1587
1815
1553
1365
1597
1819
1545
1317
1595
1813
1529
1331
1590
1815
1544
1317
1589
1819
1545
1311
1595
1811
1536
1341
1589
1817
1535
1357
1601
1819
1563
1316
1589
1811
1535
1321
1600
1813
1561
1337
1595
1815
1545
1325
1589
1809
1537
1343
1599
1821
1528
1357
1595
1819
1546
1337
1588
1813
1539
1305
1598
1819
1541
1323
1593
1813
1547
1329
1577
1815
1539
1351
1601
1821
1553
1321
1587
1817
1553
1357
1585
1817
1551
1335
1597
1819
1537
1315
1605
1811
1533
1333
1581
1815
1549
1353
1585
1821
1551
1335
1587
1813
1551
1329
1581
1811
1545
1311
1591
1823
1533
1341
1597
1815
1531
1319
1593
1813
1548
1329
1599
1817
1549
1325
1593
1807
1539
1309
1589
1817
1539
1323
1601
1821
1543
1371
1593
1811
1537
1326
1595
1821
1555
1347
1593
1817
1551
1322
1613
1811
1546
1337
1585
1817
1535
1333
1593
1815
1528
1329
1579
1813
1525
1341
1585
1817
1545
1289
1588
1815
1534
1339
1591
1811
1543
1310
1590
1815
1536
1331
1604
1819
1536
1353
1596
1815
1532
1329
1587
1821
1545
1347
1581
1815
1536
1353
1581
1815
1531
1318
1585
1820
1541
1339
1587
1819
1553
1323
1593
1815
1524
1335
1591
1823
1547
1334
1598
1815
1529
1317
1587
1815
1547
1315
1607
1821
1532
1347
1588
1815
1535
1313
1591
1815
1553
1323
1597
1828
1553
1351
1587
1813
1547
1347
1590
1815
1543
1325
1603
1819
1537
1363
1589
1811
1532
1335
1595
1817
1549
1362
1607
1821
1545
1345
1599
1813
1539
1323
1599
1817
1532
1316
1595
1817
1547
1356
1585
1811
1549
1347
1591
1815
1549
1317
1593
1817
1563
1313
1583
1811
1549
1347
1608
1821
1542
1350
1595
1818
1541
1298
1585
1813
1535
1325
1595
1821
1547
1323
1601
1817
1539
1313
1592
1813
1537
1315
1595
1823
1557
1337
1597
1817
1559
1339
1589
1815
1534
1327
1585
1823
1552
1333
1593
1815
1543
1358
1591
1811
1543
1347
1602
1823
1545
1339
1593
1813
1521
1355
1585
1813
1551
1339
1585
1819
1545
1331
1571
1811
1536
1313
1605
1819
1553
1326
1601
1821
1543
1331
1589
1817
1539
1357
1589
1819
1554
1348
1591
1821
1533
1319
1597
1813
1549
1356
1587
1815
1547
1370
1593
1819
1541
1343
1589
1813
1545
1315
1603
1817
1553
1329
1594
1817
1536
1305
1585
1813
1540
1365
1589
1817
1555
1331
1585
1815
1535
1321
1583
1811
1536
1327
1593
1821
1549
1333
1601
1823
1538
1333
1589
1809
1545
1319
1600
1819
1551
1323
1599
1817
1530
1300
1646
1813
1541
1337
1594
1819
1547
1323
1585
1817
1553
1325
1583
1813
1558
1339
1587
1819
1555
1331
1591
1815
1537
1343
1591
1815
1545
1327
1598
1815
1541
1331
1595
1811
1543
1312
1594
1815
1533
1329
1597
1821
1549
1331
1597
1813
1537
1337
1591
1815
1529
1347
1593
1819
1541
1329
1585
1815
1535
1321
1587
1819
1549
1339
1585
1821
1538
1327
1595
1817
1537
1333
1592
1821
1536
1321
1593
1815
1547
1312
1595
1809
1546
1325
1591
1821
1549
1333
1590
1819
1544
1333
1589
1815
1551
1319
1607
1821
1549
1340
1593
1817
1541
1321
1589
1813
1539
1325
1599
1815
1559
1343
1593
1815
1547
1325
1583
1815
1552
1345
1595
1821
1561
1317
1613
1813
1546
1325
1593
1815
1543
1335
1592
1819
1538
1337
1587
1815
1533
1333
1582
1815
1545
1325
1597
1823
1541
1325
1587
1811
1535
1347
1592
1813
1532
1331
1602
1821
1544
1359
1598
1813
1537
1319
1581
1817
1549
1333
1597
1821
1534
1341
1593
1813
1553
1325
1599
1817
1544
1333
1599
1819
1537
1337
1602
1815
1531
1343
1589
1817
1541
1341
1587
1819
1553
1313
1581
1811
1540
1329
1587
1823
1545
1358
1599
1817
1547
1340
1603
1815
1527
1335
1604
1817
1537
1303
1601
1819
1534
1321
1594
1811
1539
1341
1595
1817
1551
1331
1591
1819
1546
1335
1571
1815
1547
1367
1601
1819
1543
1305
1599
1819
1537
1321
1579
1813
1559
1333
1595
1823
1551
1337
1595
1813
1537
1329
1583
1811
1541
1340
1589
1823
1529
1372
1594
1813
1547
1339
1585
1813
1541
1319
1600
1819
1542
1339
1593
1811
1542
1313
1587
1817
1543
1349
1597
1819
1529
1309
1589
1817
1524
1308
1597
1813
1547
1315
1600
1821
1546
1357
1587
1815
1527
1335
1611
1819
1539
1368
1597
1819
1551
1342
1585
1811
1527
1323
1589
1817
1563
1336
1597
1817
1531
1349
1594
1813
1528
1317
1597
1815
1557
1327
1586
1817
1523
1347
1607
1817
1533
1349
1593
1819
1540
1345
1601
1815
1549
1318
1591
1815
1537
1327
1591
1819
1553
1349
1595
1811
1539
1367
1593
1811
1525
1343
1599
1823
1539
1337
1589
1815
1541
1317
1589
1815
1549
1323
1596
1819
1547
1337
1575
1815
1543
1311
1593
1814
1545
1343
1595
1821
1539
1333
1593
1819
1536
1337
1589
1815
1527
1342
1587
1817
1537
1339
1605
1815
1536
1327
1598
1815
1546
1315
1599
1819
1541
1323
1594
1813
1535
1325
1587
1819
1538
1364
1598
1815
1552
1335
1593
1814
1529
1345
1592
1821
1563
1355
1607
1821
1547
1321
1595
1809
1535
1331
1581
1819
1537
1333
1587
1821
1547
1347
1593
1819
1528
1343
1605
1819
1547
1321
1590
1817
1540
1319
1589
1813
1549
1365
1590
1821
1541
1349
1598
1815
1541
1332
1598
1815
1538
1343
1596
1821
1541
1315
1588
1821
1534
1337
1589
1811
1543
1323
1599
1823
1548
1347
1599
1817
1542
1329
1581
1811
1539
1347
1585
1819
1548
1323
1591
1811
1533
1323
1590
1819
1546
1339
1605
1819
1545
1323
1575
1813
1524
1331
1591
1813
1549
1331
1596
1822
1541
1347
1585
1813
1543
1333
1589
1817
1539
1325
1592
1817
1557
1337
1583
1813
1538
1297
1602
1819
1553
1364
1605
1815
1531
1319
1600
1814
1545
1337
1591
1819
1557
1354
1594
1817
1532
1345
1593
1811
1545
1320
1595
1817
1555
1331
1597
1815
1539
1299
1593
1950
1540
1353
1597
1819
1539
1329
1593
1815
1536
1329
1597
1813
1540
1369
1498
1732
1833
1583
1411
1479
1767
1777
1575
1386
1494
1858
1355
1546
1730
1692
1532
1352
1636
1331
1605
1817
1551
1323
1597
1823
1551
1343
1602
1811
1539
1331
1599
1819
1551
1331
1587
1823
1555
1317
1597
1813
1525
1337
1595
1815
1534
1321
1598
1823
1541
1322
1597
1813
1521
1331
1585
1817
1545
1325
1603
1821
1547
1345
1591
1811
1539
1345
1597
1817
1552
1381
1589
1820
1554
1329
1595
1809
1543
1367
1592
1813
1550
1343
1585
1815
1547
1331
1575
1813
1537
1345
1600
1819
1525
1317
1578
1819
1534
1355
1588
1813
1539
1345
1585
1819
1550
1355
1593
1815
1546
1337
1595
1817
1553
1347
1587
1819
1551
1335
1593
1819
1547
1319
1585
1815
1531
1335
1599
1819
1545
1336
1595
1819
1549
1350
1583
1813
1533
1333
1593
1823
1555
1347
1591
1817
1529
1319
1591
1821
1545
1345
1601
1825
1567
1321
1589
1815
1538
1338
1589
1815
1540
1333
1587
1819
1551
1345
1595
1815
1549
1313
1587
1817
1553
1355
1587
1821
1540
1343
1599
1811
1533
1315
1587
1819
1527
1351
1597
1823
1551
1359
1587
1813
1538
1327
1577
1817
1551
1333
1598
1819
1530
1336
1588
1811
1545
1367
1596
1817
1538
1323
1591
1819
1544
1325
1587
1813
1536
1327
1595
1821
1533
1345
1589
1817
1548
1357
1591
1809
1545
1331
1599
1817
1565
1307
1608
1817
1549
1335
1581
1815
1529
1346
1589
1819
1541
1347
1593
1821
1545
1331
1587
1813
1556
1313
1601
1819
1549
1335
1595
1815
1541
1331
1589
1811
1549
1321
1593
1829
1530
1357
1579
1817
1549
1313
1597
1813
1543
1359
1589
1819
1567
1343
1595
1813
1537
1315
1583
1815
1551
1337
1601
1819
1533
1337
1591
1813
1531
1303
1595
1819
1525
1321
1603
1821
1537
1347
1597
1811
1537
1343
1589
1813
1530
1329
1603
1817
1547
1367
1581
1811
1539
1323
1586
1817
1549
1341
1593
1819
1540
1323
1589
1813
1542
1347
1595
1817
1541
1334
1597
1819
1554
1341
1583
1811
1539
1315
1599
1823
1544
1345
1597
1815
1527
1327
1592
1815
1537
1364
1587
1825
1541
1343
1591
1817
1539
1355
1579
1815
1539
1292
1585
1819
1540
1331
1579
1817
1543
1333
1599
1811
1537
1327
1585
1821
1558
1333
1593
1815
1538
1327
1579
1815
1539
1314
1603
1821
1539
1329
1590
1817
1551
1333
1585
1815
1547
1325
1599
1819
1557
1329
1581
1811
1530
1333
1589
1813
1540
1329
1595
1819
1555
1325
1588
1817
1545
1331
1619
1815
1545
1347
1597
1815
1541
1339
1589
1813
1530
1335
1593
1819
1556
1304
1599
1819
1524
1325
1589
1813
1541
1323
1591
1817
1540
1353
1593
1821
1549
1343
1595
1811
1540
1299
1597
1817
1543
1313
1594
1827
1535
1323
1577
1815
1526
1313
1599
1817
1537
1307
1589
1819
1555
1341
1583
1811
1535
1367
1589
1821
1547
1345
1593
1819
1556
1313
1596
1813
1550
1337
1585
1819
1533
1297
1591
1817
1532
1353
1597
1815
1547
1341
1595
1817
1544
1353
1583
1815
1535
1341
1581
1817
1541
1301
1599
1823
1543
1345
1587
1815
1537
1319
1591
1813
1536
1349
1605
1823
1557
1335
1593
1815
1530
1363
1599
1821
1545
1333
1589
1819
1541
1373
1587
1813
1533
1329
1585
1817
1552
1337
1605
1819
1549
1335
1585
1811
1526
1343
1599
1817
1557
1321
1597
1817
1538
1317
1587
1807
1557
1335
1579
1819
1545
1351
1595
1821
1531
1333
1590
1815
1553
1339
1589
1821
1547
1331
1603
1823
1531
1329
1587
1815
1547
1345
1593
1821
1553
1327
1587
1819
1533
1313
1597
1815
1537
1337
1597
1819
1536
1349
1597
1817
1545
1323
1591
1815
1545
1323
1589
1821
1547
1317
1591
1811
1542
1319
1592
1813
1550
1337
1591
1819
1542
1325
1593
1815
1544
1337
1589
1817
1539
1351
1594
1817
1545
1341
1598
1811
1536
1343
1584
1817
1543
1321
1593
1817
1521
1309
1597
1810
1539
1325
1591
1821
1537
1351
1595
1817
1538
1341
1596
1815
1533
1321
1589
1817
1544
1343
1594
1819
1529
1337
1599
1813
1544
1327
1596
1819
1541
1337
1587
1821
1548
1356
1581
1809
1536
1325
1595
1821
1545
1357
1592
1817
1533
1323
1589
1813
1529
1333
1581
1817
1552
1339
1597
1817
1527
1339
1589
1813
1530
1317
1587
1825
1553
1342
1590
1817
1547
1325
1589
1811
1535
1343
1595
1821
1566
1333
1599
1815
1538
1321
1595
1817
1531
1351
1579
1821
1539
1333
1581
1815
1551
1305
1587
1819
1545
1333
1595
1819
1553
1341
1603
1819
1553
1363
1583
1819
1547
1335
1595
1817
1537
1355
1593
1813
1527
1325
1591
1817
1546
1329
1587
1823
1541
1369
1585
1811
1530
1337
1591
1813
1538
1362
1587
1819
1551
1327
1598
1813
1546
1335
1587
1817
1539
1312
1598
1817
1534
1321
1595
1813
1537
1305
1600
1821
1534
1367
1595
1815
1545
1335
1583
1814
1541
1335
1593
1821
1535
1331
1600
1815
1547
1345
1581
1809
1531
1309
1590
1817
1539
1334
1595
1815
1526
1347
1589
1815
1547
1339
1589
1823
1537
1341
1597
1817
1525
1329
1589
1813
1540
1325
1595
1817
1543
1343
1599
1815
1538
1351
1583
1813
1549
1339
1591
1824
1552
1339
1595
1815
1535
1308
1583
1813
1530
1325
1597
1817
1551
1319
1585
1811
1535
1337
1579
1815
1539
1342
1592
1819
1547
1317
1589
1815
1529
1365
1589
1815
1543
1333
1594
1819
1547
1331
1595
1811
1544
1347
1592
1815
1549
1320
1599
1819
1543
1357
1585
1813
1548
1363
1603
1817
1549
1335
1598
1817
1553
1329
1591
1813
1547
1357
1594
1819
1553
1327
1575
1815
1541
1327
1587
1813
1541
1335
1595
1819
1538
1327
1594
1815
1536
1319
1599
1815
1527
1331
1587
1819
1553
1329
1595
1819
1547
1339
1587
1817
1541
1353
1595
1819
1549
1335
1593
1817
1541
1337
1583
1815
1527
1319
1603
1821
1537
1343
1597
1813
1533
1335
1603
1817
1543
1317
1604
1825
1531
1323
1593
1813
1534
1335
1588
1819
1533
1369
1581
1819
1545
1354
1589
1813
1531
1323
1588
1815
1540
1327
1591
1815
1535
1327
1583
1813
1537
1345
1587
1813
1543
1331
1589
1817
1543
1358
1591
1811
1547
1321
1594
1817
1551
1337
1593
1819
1549
1324
1585
1813
1526
1333
1599
1817
1557
1344
1589
1815
1555
1332
1586
1815
1541
1357
1577
1815
1537
1335
1596
1815
1542
1325
1595
1815
1539
1351
1585
1819
1544
1363
1585
1817
1535
1316
1598
1815
1549
1329
1599
1823
1559
1368
1587
1815
1540
1323
1591
1813
1541
1303
1595
1821
1549
1295
1589
1815
1525
1327
1591
1819
1532
1362
1588
1823
1550
1369
1585
1815
1529
1347
1587
1811
1544
1351
1589
1817
1533
1333
1598
1813
1540
1349
1583
1817
1545
1347
1599
1823
1541
1335
1585
1815
1539
1341
1601
1819
1545
1326
1597
1819
1539
1357
1588
1811
1549
1341
1585
1819
1539
1353
1593
1817
1529
1339
1583
1809
1557
1301
1595
1817
1545
1337
1597
1819
1541
1329
1585
1813
1543
1351
1583
1818
1557
1341
1595
1821
1547
1345
1588
1817
1543
1323
1583
1817
1559
1325
1599
1813
1547
1321
1577
1815
1543
1347
1587
1823
1535
1331
1594
1813
1545
1305
1585
1817
1542
1341
1591
1823
1540
1317
1593
1813
1533
1345
1585
1815
1575
1352
1599
1825
1553
1319
1591
1811
1546
1335
1585
1815
1547
1353
1600
1819
1553
1333
1593
1815
1527
1351
1605
1819
1524
1337
1601
1817
1559
1323
1585
1815
1541
1315
1587
1815
1547
1349
1601
1821
1551
1323
1583
1815
1534
1311
1591
1815
1548
1335
1595
1819
1545
1343
1589
1811
1547
1356
1605
1817
1545
1327
1597
1819
1537
1317
1585
1817
1549
1339
1597
1819
1547
1322
1591
1819
1545
1307
1587
1811
1538
1343
1601
1823
1545
1323
1609
1817
1537
1317
1577
1811
1523
1331
1590
1821
1547
1312
1599
1817
1535
1315
1595
1815
1559
1335
1585
1819
1533
1337
1590
1815
1541
1329
1593
1817
1546
1315
1590
1819
1541
1363
1583
1813
1527
1313
1583
1815
1545
1351
1587
1821
1543
1339
1577
1813
1553
1321
1600
1815
1541
1329
1595
1817
1547
1337
1601
1813
1533
1337
1585
1819
1545
1315
1595
1823
1539
1306
1589
1813
1529
1345
1591
1819
1543
1317
1597
1819
1541
1350
1577
1811
1544
1335
1587
1819
1537
1349
1586
1815
1532
1343
1597
1811
1549
1343
1583
1819
1545
1331
1601
1819
1545
1331
1593
1809
1553
1307
1593
1821
1545
1331
1601
1815
1540
1335
1599
1815
1557
1319
1615
1821
1554
1331
1595
1819
1536
1347
1601
1815
1547
1340
1587
1821
1539
1325
1589
1817
1537
1317
1583
1815
1541
1335
1593
1823
1553
1343
1594
1815
1537
1309
1593
1815
1539
1327
1585
1820
1539
1329
1587
1817
1555
1369
1601
1815
1556
1307
1591
1823
1542
1341
1591
1811
1548
1319
1589
1815
1556
1349
1591
1819
1569
1327
1581
1811
1536
1327
1597
1815
1537
1352
1591
1817
1533
1333
1595
1813
1545
1341
1596
1819
1548
1347
1597
1817
1537
1329
1590
1813
1536
1335
1597
1819
1549
1331
1583
1815
1532
1307
1585
1809
1541
1305
1595
1815
1557
1362
1584
1815
1535
1356
1589
1811
1533
1337
1599
1821
1538
1356
1599
1817
1547
1333
1589
1813
1538
1305
1589
1821
1537
1345
1591
1817
1533
1325
1591
1815
1537
1331
1599
1823
1545
1341
1597
1817
1529
1335
1595
1813
1530
1315
1594
1819
1547
1351
1599
1815
1543
1329
1591
1811
1545
1337
1590
1817
1525
1353
1587
1815
1534
1327
1581
1817
1569
1319
1596
1821
1548
1347
1597
1811
1547
1305
1599
1819
1537
1343
1593
1817
1547
1337
1591
1815
1523
1335
1587
1817
1545
1325
1594
1815
1532
1313
1601
1817
1547
1329
1597
1821
1525
1343
1599
1817
1540
1325
1594
1810
1535
1340
1594
1815
1534
1317
1593
1817
1537
1323
1585
1813
1531
1319
1577
1819
1529
1333
1583
1816
1553
1314
1589
1813
1547
1356
1599
1817
1555
1323
1583
1819
1559
1337
1604
1819
1536
1327
1599
1819
1544
1329
1589
1819
1544
1319
1583
1815
1548
1333
1587
1821
1547
1337
1607
1815
1536
1337
1593
1813
1551
1341
1594
1817
1539
1345
1583
1813
1547
1319
1587
1815
1522
1335
1589
1821
1543
1358
1587
1813
1538
1329
1589
1817
1547
1343
1598
1821
1554
1343
1585
1811
1541
1340
1585
1815
1545
1325
1597
1817
1533
1323
1595
1813
1551
1335
1598
1819
1539
1354
1593
1817
1543
1331
1585
1811
1553
1353
1600
1815
1559
1341
1593
1817
1543
1347
1587
1811
1533
1350
1580
1813
1541
1337
1595
1819
1553
1325
1589
1815
1537
1335
1601
1821
1535
1319
1599
1815
1536
1314
1604
1815
1537
1331
1601
1821
1546
1352
1593
1819
1541
1315
1591
1815
1523
1351
1595
1821
1561
1335
1587
1813
1551
1342
1595
1819
1543
1345
1587
1819
1549
1313
1591
1813
1535
1349
1591
1815
1537
1325
1601
1821
1534
1365
1593
1817
1547
1331
1593
1815
1552
1335
1585
1819
1531
1327
1583
1815
1534
1328
1588
1815
1539
1381
1597
1818
1537
1325
1597
1815
1543
1341
1599
1817
1549
1327
1590
1815
1559
1331
1589
1811
1551
1343
1589
1819
1546
1377
1577
1817
1525
1312
1585
1811
1557
1333
1591
1821
1561
1357
1601
1817
1540
1337
1591
1811
1551
1351
1594
1817
1553
1325
1593
1817
1542
1313
1581
1809
1547
1335
1595
1819
1559
1345
1577
1819
1548
1337
1589
1813
1549
1345
1595
1821
1565
1325
1587
1817
1533
1355
1589
1813
1553
1317
1610
1821
1553
1337
1591
1817
1543
1353
1589
1815
1549
1337
1595
1821
1557
1329
1591
1813
1525
1335
1597
1815
1543
1335
1581
1825
1551
1344
1599
1813
1526
1325
1597
1819
1525
1353
1587
1819
1543
1323
1579
1811
1543
1305
1589
1817
1551
1314
1591
1817
1549
1345
1595
1813
1544
1323
1591
1819
1555
1319
1589
1819
1546
1315
1591
1809
1534
1359
1593
1821
1545
1380
1591
1821
1539
1317
1581
1811
1541
1324
1595
1821
1557
1313
1593
1817
1544
1343
1595
1813
1538
1353
1577
1815
1551
1353
1583
1813
1540
1346
1587
1815
1541
1327
1599
1821
1554
1341
1587
1815
1535
1315
1593
1815
1542
1323
1597
1819
1547
1325
1597
1815
1539
1333
1579
1815
1549
1360
1598
1819
1545
1341
1595
1817
1526
1325
1591
1815
1535
1323
1588
1819
1552
1320
1585
1813
1541
1358
1573
1817
1543
1337
1583
1821
1535
1323
1577
1815
1543
1331
1589
1819
1547
1303
1579
1817
1534
