2117
1551
1343
1591
2061
1545
1349
1595
2057
1557
1308
1601
2056
1533
1319
1593
2061
1533
1337
1605
2061
1557
1353
1594
2061
1537
1343
1590
2053
1526
1319
1579
2061
1555
1331
1593
2065
1549
1327
1595
2057
1534
1327
1597
2055
1535
1319
1591
2061
1544
1331
1593
2071
1543
1343
1591
2059
1525
1333
1600
2057
1536
1339
1579
2062
1539
1339
1626
2065
1539
1339
1591
2055
1537
1348
1609
2057
1536
1345
1585
2061
1537
1319
1599
2063
1536
1323
1581
2061
1530
1325
1591
2053
1537
1333
1617
2055
1538
1329
1594
2063
1547
1345
1946
1831
1557
1327
1601
2055
1549
1348
1581
2057
1541
1902
1618
1710
1559
1343
1593
2063
1537
1355
1587
2061
1551
1331
1599
2063
1537
1358
1600
2057
1538
1341
1597
2057
1545
1349
1594
2059
1540
1337
1581
2067
1555
1341
1593
2057
1533
1327
1589
2057
1541
1331
1596
2057
1541
1317
1622
2063
1541
1343
1587
2057
1546
1341
1609
2055
1549
1353
1597
2063
1531
1335
1611
2065
1565
1337
1601
2057
1553
1317
1595
2057
1539
1320
1584
2065
1539
1335
1601
2063
1549
1339
1579
2055
1547
1323
1589
2055
1526
1325
1589
2057
1543
1346
1603
2063
1547
1327
1600
2055
1537
1331
1595
2053
1535
1341
1591
2061
1540
1317
1602
2063
1535
1321
1601
2059
1528
1329
1590
2057
1539
1333
1596
2063
1541
1315
1593
2059
1547
1323
1585
2061
1535
1335
1585
2061
1535
1344
1601
2061
1553
1335
1583
2063
1550
1309
1579
2055
1530
1321
1587
2061
1548
1351
1597
2065
1538
1351
1593
2057
1533
1337
1585
2057
1539
1321
1605
2061
1538
1335
1588
2065
1547
1340
1585
2059
1536
1343
1599
2051
1529
1317
1593
2057
1545
1325
1600
2065
1543
1313
1599
2059
1524
1311
1597
2057
1530
1308
1593
2063
1551
1343
1602
2061
1542
1331
1593
2061
1541
1327
1575
2057
1532
1321
1584
2061
1544
1319
1601
2057
1547
1333
1597
2057
1555
1341
1582
2055
1557
1315
1601
2061
1545
1317
1591
2061
1541
1307
1603
2055
1535
1289
1599
2059
1543
1329
1585
2059
1527
1351
1603
2059
1533
1303
1603
2057
1535
1313
1606
2061
1547
1341
1593
2065
1549
1345
1587
2064
1549
1293
1593
2053
1543
1333
1597
2059
1536
1347
1605
2065
1535
1331
1599
2059
1536
1302
1587
2061
1536
1325
1577
2057
1537
1325
1603
2061
1546
1286
1589
2061
1535
1321
1583
2055
1541
1347
1585
2061
1537
1321
1593
2061
1533
1329
1589
2061
1525
1343
1587
2051
1524
1343
1603
2057
1537
1339
1593
2067
1540
1319
1591
2061
1535
1325
1585
2057
1547
1309
1583
2061
1551
1329
1595
2063
1530
1337
1595
2061
1539
1345
1587
2061
1535
1327
1589
2059
1531
1308
1601
2060
1555
1321
1585
2057
1548
1319
1601
2055
1542
1319
1591
2061
1553
1327
1585
2059
1535
1327
1595
2061
1545
1331
1577
2059
1549
1323
1588
2063
1541
1331
1607
2063
1553
1306
1582
2059
1547
1325
1610
2061
1545
1325
1603
2065
1555
1339
1596
2059
1535
1343
1602
2057
1547
1315
1585
2059
1549
1329
1606
2065
1557
1309
1596
2059
1555
1327
1605
2059
1537
1303
1593
2063
1532
1325
1589
2066
1563
1335
1585
2065
1531
1327
1587
2051
1535
1313
1599
2059
1547
1317
1589
2065
1541
1347
1593
2059
1535
1359
1602
2057
1549
1315
1600
2062
1549
1353
1594
2065
1553
1317
1594
2057
1537
1327
1599
2059
1536
1335
1595
2063
1526
1343
1611
2061
1527
1323
1577
2057
1542
1329
1589
2061
1527
1329
1611
2062
1535
1335
1593
2059
1547
1335
1612
2057
1539
1323
1599
2058
1535
1337
1601
2065
1553
1327
1599
2063
1555
1343
1609
2059
1545
1329
1592
2059
1537
1321
1608
2065
1542
1349
1617
2059
1543
1333
1607
2055
1547
1339
1587
2063
1557
1351
1593
2065
1545
1341
1588
2061
1555
1319
1597
2057
1535
1338
1589
2061
1547
1337
1610
2067
1545
1322
1587
2061
1533
1355
1597
2059
1542
1345
1603
2059
1549
1317
1583
2059
1543
1319
1616
2055
1539
1339
1603
2061
1536
1323
1589
2053
1537
1341
1587
2057
1561
1327
1594
2057
1541
1327
1593
2056
1545
1313
1602
2061
1539
1339
1615
2063
1547
1311
1607
2059
1537
1308
1583
2057
1527
1335
1592
2061
1547
1333
1601
2063
1535
1333
1602
2057
1531
1344
1605
2059
1550
1337
1591
2065
1533
1337
1592
2063
1547
1319
1587
2055
1527
1326
1587
2065
1547
1343
1606
2067
1558
1341
1593
2061
1535
1323
1607
2053
1547
1329
1593
2061
1540
1329
1601
2065
1543
1337
1616
2063
1535
1329
1583
2057
1547
1341
1597
2063
1539
1339
1594
2066
1549
1315
1595
2061
1539
1327
1595
2049
1531
1323
1589
2065
1531
1305
1598
2063
1547
1335
1585
2059
1539
1349
1598
2053
1555
1325
1593
2059
1544
1337
1607
2065
1547
1335
1586
2059
1535
1325
1589
2055
1540
1337
1595
2059
1541
1331
1589
2061
1553
1341
1575
2059
1531
1323
1608
2061
1547
1303
1612
2063
1541
1340
1621
2059
1549
1356
1583
2057
1539
1349
1595
2057
1551
1343
1595
2069
1540
1329
1581
2063
1549
1329
1597
2053
1541
1355
1595
2057
1543
1345
1595
2067
1530
1319
1595
2057
1539
1325
1579
2053
1539
1318
1589
2063
1552
1349
1597
2063
1538
1333
1579
2059
1541
1344
1583
2057
1537
1337
1597
2063
1538
1339
1597
2065
1543
1329
1603
2057
1541
1345
1579
2055
1523
1343
1603
2063
1547
1343
1588
2067
1549
1323
1587
2059
1529
1339
1591
2055
1537
1335
1583
2061
1561
1327
1590
2061
1537
1319
1591
2055
1535
1305
1589
2057
1537
1317
1595
2066
1551
1327
1595
2060
1529
1331
1589
2061
1545
1333
1579
2055
1531
1349
1598
2061
1551
1323
1589
2063
1541
1325
1591
2055
1526
1319
1595
2055
1541
1331
1591
2067
1539
1341
1597
2063
1543
1327
1589
2057
1559
1341
1585
2061
1534
1331
1595
2065
1547
1315
1593
2057
1541
1337
1592
2059
1544
1337
1589
2061
1543
1337
1593
2065
1545
1323
1581
2059
1533
1313
1589
2055
1555
1339
1584
2063
1534
1333
1594
2065
1527
1331
1603
2058
1553
1341
1581
2051
1536
1331
1599
2061
1543
1333
1599
2059
1539
1323
1601
2059
1535
1335
1595
2055
1539
1329
1581
2063
1549
1343
1593
2061
1534
1325
1587
2059
1539
1331
1587
2059
1526
1327
1588
2065
1540
1357
1585
2059
1553
1319
1591
2053
1543
1333
1598
2059
1540
1335
1589
2064
1543
1333
1589
2065
1551
1333
1587
2057
1537
1325
1597
2053
1541
1361
1597
2067
1551
1321
1597
2064
1569
1321
1587
2055
1537
1319
1591
2055
1523
1348
1591
2063
1544
1345
1589
2057
1531
1341
1583
2051
1531
1339
1589
2061
1555
1333
1583
2063
1533
1341
1597
2061
1540
1321
1587
2053
1538
1335
1593
2063
1545
1306
1593
2063
1534
1315
1591
2059
1541
1331
1585
2055
1538
1305
1590
2063
1561
1331
1613
2063
1534
1329
1608
2053
1528
1319
1591
2055
1545
1343
1601
2063
1541
1325
1591
2061
1551
1311
1595
2057
1533
1345
1587
2061
1557
1311
1588
2065
1532
1325
1596
2059
1535
1329
1595
2059
1553
1333
1598
2061
1537
1343
1583
2066
1541
1354
1601
2061
1531
1315
1581
2053
1534
1341
1593
2059
1551
1357
1587
2067
1549
1341
1592
2059
1551
1321
1589
2055
1541
1349
1593
2057
1549
1325
1607
2065
1539
1331
1597
2061
1549
1321
1595
2057
1533
1329
1585
2063
1525
1331
1599
2067
1547
1350
1583
2063
1532
1331
1587
2061
1541
1331
1591
2061
1543
1357
1599
2063
1530
1305
1597
2061
1525
1325
1583
2059
1553
1331
1589
2059
1534
1337
1604
2063
1555
1317
1601
2055
1537
1325
1589
2057
1538
1366
1593
2063
1563
1319
1591
2063
1533
1307
1599
2059
1545
1345
1597
2057
1549
1321
1587
2065
1542
1343
1601
2061
1550
1345
1589
2053
1537
1343
1589
2057
1545
1347
1609
2061
1543
1356
1593
2059
1535
1338
1585
2051
1529
1351
1589
2063
1544
1331
1605
2065
1549
1318
1601
2059
1550
1347
1587
2057
1549
1327
1593
2057
1529
1355
1594
2063
1534
1327
1594
2057
1544
1312
1595
2051
1541
1317
1593
2059
1540
1358
1583
2065
1543
1325
1599
2061
1533
1320
1593
2057
1552
1357
1603
2065
1548
1335
1597
2061
1537
1324
1589
2057
1541
1335
1591
2057
1538
1309
1608
2061
1541
1337
1598
2061
1547
1335
1585
2053
1531
1341
1583
2059
1561
1339
1606
2067
1551
1327
1597
2059
1535
1321
1602
2053
1539
1341
1593
2055
1536
1329
1585
2063
1539
1340
1603
2063
1552
1339
1583
2055
1530
1322
1589
2065
1529
1305
1603
2061
1533
1327
1597
2061
1534
1321
1585
2059
1545
1335
1591
2061
1542
1319
1579
2065
1543
1344
1583
2057
1539
1302
1581
2051
1529
1356
1607
2065
1528
1341
1599
2065
1539
1347
1599
2063
1530
1356
1593
2055
1551
1343
1585
2063
1543
1329
1581
2065
1551
1331
1587
2057
1537
1331
1593
2055
1539
1341
1607
2061
1537
1323
1595
2059
1544
1335
1587
2053
1527
1323
1585
2061
1557
1338
1621
2063
1551
1339
1595
2065
1543
1329
1591
2059
1516
1312
1591
2059
1537
1359
1593
2061
1553
1323
1584
2063
1545
1305
1591
2057
1553
1321
1585
2056
1549
1349
1600
2063
1541
1327
1593
2057
1551
1349
1598
2053
1528
1304
1595
2059
1557
1315
1601
2065
1539
1325
1614
2057
1535
1319
1596
2059
1535
1347
1587
2063
1547
1335
1592
2069
1545
1333
1589
2063
1541
1313
1595
2055
1545
1339
1587
2061
1546
1333
1611
2065
1547
1343
1603
2059
1531
1326
1608
2057
1543
1329
1583
2065
1536
1315
1585
2061
1546
1343
1589
2059
1543
1345
1589
2053
1539
1339
1591
2059
1551
1313
1596
2063
1528
1341
1599
2057
1541
1307
1588
2056
1543
1333
1602
2063
1559
1305
1599
2063
1545
1347
1591
2059
1547
1315
1597
2059
1546
1351
1585
2063
1549
1361
1596
2067
1535
1315
1587
2053
1541
1333
1591
2057
1529
1329
1595
2065
1547
1345
1589
2059
1553
1323
1583
2055
1549
1325
1607
2063
1544
1317
1596
2063
1549
1375
1593
2061
1569
1326
1602
2057
1536
1321
1585
2061
1539
1333
1605
2063
1541
1335
1596
2063
1532
1349
1593
2053
1543
1316
1587
2061
1551
1317
1593
2069
1550
1339
1587
2059
1545
1319
1588
2055
1547
1325
1597
2057
1536
1323
1603
2063
1561
1325
1595
2061
1535
1327
1587
2055
1527
1313
1603
2063
1549
1343
1616
2063
1541
1315
1594
2059
1545
1325
1581
2059
1535
1339
1592
2063
1545
1323
1601
2061
1552
1347
1603
2057
1537
1333
1601
2059
1526
1311
1591
2064
1543
1353
1599
2063
1525
1343
1575
2057
1523
1333
1596
2061
1547
1331
1595
2069
1547
1298
1595
2061
1541
1305
1581
2053
1538
1329
1595
2061
1543
1321
1602
2063
1549
1338
1601
2059
1543
1333
1583
2057
1537
1339
1600
2061
1543
1351
1599
2065
1541
1307
1583
2061
1546
1327
1615
2059
1561
1325
1587
2061
1549
1318
1585
2065
1535
1339
1595
2061
1522
1325
1595
2057
1551
1348
1596
2067
1553
1339
1587
2067
1549
1358
1593
2055
1533
1321
1597
2055
1544
1337
1601
2065
1538
1315
1595
2065
1543
1321
1579
2057
1544
1316
1589
2057
1547
1325
1589
2065
1535
1327
1597
2061
1549
1341
1607
2057
1539
1302
1598
2059
1551
1341
1592
2065
1539
1323
1597
2063
1539
1341
1612
2057
1525
1317
1591
2061
1549
1325
1621
2063
1547
1324
1593
2063
1551
1323
1593
2055
1534
1329
1601
2061
1543
1335
1600
2061
1547
1331
1587
2059
1531
1313
1587
2057
1545
1319
1588
2061
1540
1351
1592
2065
1549
1309
1613
2061
1545
1341
1583
2055
1546
1333
1593
2063
1543
1329
1595
2068
1533
1325
1599
2057
1534
1303
1599
2057
1537
1317
1593
2059
1555
1309
1610
2061
1535
1337
1599
2055
1549
1313
1583
2059
1547
1353
1602
2061
1539
1331
1603
2063
1539
1315
1589
2059
1549
1319
1593
2057
1555
1357
1591
2065
1545
1448
1611
2063
1561
1381
1593
2057
1535
1317
1605
2085
1573
1434
1581
1849
1842
1573
1363
1640
2071
1585
1474
1400
1706
1988
1583
1333
2106
1354
1647
2105
1583
1369
1633
2021
1555
1389
1553
1888
1698
1486
1345
1584
2065
1341
1597
2067
1541
1341
1598
2059
1531
1345
1591
2053
1549
1337
1606
2055
1531
1321
1591
2063
1534
1321
1581
2057
1528
1315
1579
2055
1541
1325
1586
2063
1546
1321
1601
2059
1551
1318
1606
2059
1533
1325
1599
2059
1544
1327
1595
2063
1553
1321
1591
2065
1557
1321
1587
2057
1536
1337
1603
2055
1557
1333
1590
2063
1544
1337
1595
2059
1538
1306
1599
2057
1534
1335
1598
2059
1551
1343
1606
2065
1544
1329
1593
2063
1547
1343
1595
2055
1527
1321
1581
2059
1531
1319
1595
2063
1537
1335
1591
2063
1541
1356
1583
2053
1536
1333
1587
2059
1547
1343
1595
2065
1534
1327
1592
2059
1545
1337
1587
2057
1543
1303
1587
2061
1555
1309
1596
2065
1554
1314
1596
2053
1535
1315
1599
2053
1535
1305
1593
2061
1535
1335
1597
2061
1545
1329
1587
2059
1532
1323
1589
2055
1545
1337
1596
2061
1549
1327
1604
2063
1546
1347
1583
2057
1555
1345
1597
2057
1552
1327
1587
2063
1546
1337
1585
2067
1541
1337
1597
2059
1523
1335
1589
2059
1547
1299
1599
2061
1553
1365
1601
2063
1554
1323
1594
2057
1543
1329
1581
2057
1547
1331
1593
2065
1536
1327
1589
2061
1549
1327
1593
2055
1533
1321
1583
2063
1561
1309
1593
2067
1547
1356
1599
2061
1545
1309
1585
2055
1546
1316
1591
2061
1537
1305
1593
2067
1533
1341
1609
2059
1536
1331
1593
2053
1536
1331
1591
2061
1543
1319
1581
2069
1543
1323
1591
2061
1543
1353
1597
2053
1537
1308
1586
2057
1542
1333
1583
2067
1549
1345
1591
2061
1537
1295
1579
2057
1539
1317
1589
2063
1547
1309
1597
2065
1539
1311
1593
2059
1534
1320
1591
2057
1557
1329
1593
2061
1538
1335
1590
2059
1551
1343
1591
2057
1525
1341
1595
2059
1561
1325
1583
2065
1541
1331
1588
2061
1541
1339
1593
2057
1525
1325
1588
2060
1536
1333
1593
2063
1527
1337
1605
2059
1548
1337
1602
2059
1539
1339
1596
2059
1535
1329
1593
2063
1546
1343
1601
2061
1555
1329
1590
2057
1527
1315
1591
2061
1544
1313
1587
2065
1529
1339
1601
2061
1528
1329
1584
2057
1526
1341
1595
2061
1557
1359
1598
2065
1565
1337
1591
2061
1538
1345
1589
2053
1541
1337
1593
2065
1539
1364
1595
2069
1545
1329
1589
2057
1547
1323
1575
2057
1526
1350
1585
2064
1549
1325
1595
2061
1553
1381
1595
2061
1553
1315
1585
2051
1531
1345
1585
2063
1552
1351
1604
2063
1551
1323
1591
2055
1531
1355
1589
2061
1549
1321
1587
2061
1542
1298
1595
2061
1553
1346
1591
2059
1544
1337
1599
2059
1534
1327
1593
2061
1543
1315
1597
2063
1524
1297
1597
2057
1536
1329
1597
2053
1551
1325
1599
2065
1543
1311
1600
2053
1544
1349
1603
2055
1537
1331
1597
2057
1548
1339
1595
2063
1549
1325
1589
2061
1543
1335
1586
2057
1528
1325
1594
2055
1545
1345
1601
2067
1537
1315
1591
2063
1549
1329
1583
2051
1551
1327
1589
2061
1543
1321
1593
2063
1548
1329
1599
2061
1523
1305
1587
2057
1527
1325
1593
2061
1549
1345
1583
2063
1539
1351
1579
2055
1556
1315
1587
2053
1549
1316
1595
2057
1547
1326
1591
2059
1573
1319
1598
2059
1543
1345
1583
2061
1551
1312
1589
2063
1559
1299
1581
2061
1547
1313
1597
2057
1533
1331
1608
2057
1540
1317
1593
2063
1539
1343
1587
2057
1537
1317
1589
2057
1526
1321
1597
2055
1539
1329
1595
2067
1531
1337
1597
2063
1545
1337
1595
2057
1545
1317
1591
2061
1531
1307
1589
2067
1544
1347
1609
2057
1537
1325
1595
2053
1550
1318
1585
2059
1547
1319
1601
2065
1534
1319
1589
2059
1556
1327
1581
2051
1533
1329
1581
2061
1549
1335
1596
2059
1553
1325
1595
2057
1549
1323
1593
2057
1525
1343
1575
2063
1549
1351
1602
2065
1563
1347
1589
2059
1535
1333
1579
2053
1549
1319
1585
2063
1541
1329
1595
2063
1557
1359
1593
2057
1539
1331
1575
2059
1536
1302
1591
2061
1537
1339
1583
2061
1546
1345
1597
2057
1545
1317
1595
2059
1531
1345
1589
2061
1541
1317
1593
2061
1545
1339
1587
2057
1519
1327
1591
2061
1551
1348
1595
2063
1553
1329
1585
2061
1543
1343
1603
2049
1533
1317
1581
2061
1541
1325
1595
2065
1546
1319
1591
2059
1551
1341
1577
2057
1523
1321
1581
2061
1547
1309
1585
2057
1540
1319
1595
2059
1547
1323
1595
2055
1532
1327
1594
2059
1553
1323
1603
2061
1541
1339
1592
2059
1541
1315
1591
2057
1532
1333
1599
2059
1537
1331
1607
2065
1530
1319
1595
2057
1539
1327
1587
2053
1537
1311
1589
2065
1559
1327
1593
2063
1555
1339
1587
2059
1543
1307
1602
2059
1537
1347
1600
2059
1545
1339
1601
2061
1549
1313
1589
2055
1534
1356
1599
2061
1539
1327
1595
2065
1553
1307
1603
2065
1526
1319
1597
2053
1537
1327
1587
2059
1543
1337
1585
2063
1540
1355
1595
2061
1535
1339
1585
2055
1530
1335
1585
2061
1553
1329
1593
2066
1555
1353
1592
2059
1541
1315
1589
2057
1544
1327
1597
2059
1539
1323
1595
2067
1553
1308
1597
2055
1526
1313
1593
2061
1519
1323
1579
2061
1554
1333
1599
2063
1543
1317
1599
2059
1525
1335
1601
2059
1536
1333
1587
2061
1547
1351
1603
2061
1543
1319
1599
2059
1525
1321
1601
2055
1547
1329
1589
2063
1539
1313
1591
2061
1545
1317
1599
2059
1543
1314
1579
2057
1545
1367
1593
2063
1543
1345
1591
2064
1537
1317
1587
2057
1528
1331
1585
2057
1541
1325
1597
2063
1539
1335
1603
2063
1545
1325
1583
2057
1552
1314
1593
2057
1547
1325
1592
2061
1542
1343
1605
2061
1533
1337
1593
2057
1535
1349
1590
2063
1536
1327
1595
2061
1547
1370
1589
2057
1543
1331
1583
2057
1539
1339
1585
2059
1546
1319
1593
2063
1541
1335
1601
2057
1542
1323
1600
2057
1539
1337
1591
2063
1541
1337
1593
2065
1541
1327
1583
2057
1541
1321
1579
2057
1541
1315
1594
2065
1540
1341
1597
2063
1545
1321
1592
2061
1554
1327
1590
2059
1543
1358
1591
2061
1547
1322
1601
2061
1536
1366
1589
2055
1539
1333
1587
2057
1541
1323
1592
2061
1532
1303
1592
2065
1544
1315
1589
2057
1545
1333
1601
2057
1555
1321
1596
2065
1551
1341
1589
2059
1549
1325
1590
2055
1528
1305
1599
2062
1520
1335
1591
2063
1545
1319
1589
2061
1548
1309
1599
2059
1533
1311
1591
2061
1536
1331
1590
2063
1549
1305
1601
2061
1547
1335
1593
2059
1543
1333
1589
2057
1532
1324
1597
2067
1539
1333
1585
2061
1548
1354
1581
2053
1547
1321
1583
2061
1547
1321
1590
2067
1537
1339
1602
2059
1539
1325
1575
2055
1545
1325
1582
2059
1533
1325
1601
2061
1539
1341
1591
2061
1545
1285
1591
2051
1553
1333
1577
2067
1533
1319
1607
2064
1537
1319
1591
2061
1539
1335
1593
2059
1541
1355
1579
2059
1542
1335
1595
2059
1549
1319
1601
2057
1526
1339
1585
2059
1539
1341
1600
2063
1549
1319
1607
2061
1545
1317
1585
2053
1540
1317
1593
2059
1531
1329
1611
2063
1541
1329
1594
2059
1545
1333
1589
2055
1551
1319
1593
2061
1537
1332
1599
2065
1540
1335
1597
2059
1545
1317
1589
2051
1541
1347
1593
2059
1549
1329
1595
2063
1547
1341
1591
2057
1545
1339
1581
2057
1538
1327
1612
2059
1537
1329
1593
2059
1533
1340
1593
2059
1544
1342
1581
2057
1539
1339
1593
2059
1557
1337
1595
2061
1536
1334
1603
2059
1539
1357
1591
2059
1530
1335
1589
2065
1559
1337
1605
2061
1551
1349
1599
2055
1539
1321
1595
2055
1551
1329
1595
2061
1551
1333
1593
2061
1549
1339
1587
2057
1551
1329
1583
2057
1539
1333
1598
2061
1553
1313
1585
2063
1547
1323
1583
2053
1533
1325
1599
2063
1540
1357
1595
2063
1550
1349
1587
2053
1537
1315
1591
2053
1547
1331
1585
2059
1541
1317
1607
2065
1531
1317
1588
2063
1532
1327
1595
2059
1534
1331
1595
2059
1531
1305
1590
2065
1533
1323
1593
2057
1541
1325
1589
2057
1559
1347
1597
2063
1532
1312
1602
2063
1543
1343
1591
2057
1535
1299
1595
2059
1553
1337
1601
2059
1553
1333
1596
2061
1553
1325
1599
2059
1532
1318
1583
2057
1547
1329
1595
2063
1541
1359
1592
2057
1550
1335
1585
2051
1537
1337
1581
2059
1526
1353
1601
2063
1536
1315
1587
2063
1533
1357
1579
2057
1547
1380
1599
2059
1557
1349
1587
2067
1541
1345
1605
2057
1555
1327
1599
2057
1539
1341
1591
2059
1533
1353
1589
2063
1537
1333
1589
2057
1533
1331
1591
2053
1531
1314
1598
2057
1527
1327
1597
2057
1545
1351
1596
2060
1545
1325
1598
2057
1522
1331
1585
2057
1539
1321
1594
2061
1548
1323
1587
2059
1547
1353
1587
2057
1545
1325
1579
2059
1541
1327
1595
2059
1551
1331
1589
2059
1542
1306
1591
2057
1533
1323
1587
2065
1543
1323
1595
2063
1551
1315
1599
2059
1537
1315
1579
2057
1561
1317
1601
2063
1535
1319
1595
2063
1538
1325
1592
2055
1534
1342
1587
2057
1533
1338
1593
2065
1539
1311
1592
2061
1534
1333
1591
2051
1537
1321
1593
2059
1540
1323
1589
2063
1549
1315
1587
2059
1537
1335
1595
2055
1538
1307
1585
2057
1557
1301
1583
2065
1541
1319
1588
2061
1538
1333
1585
2055
1535
1321
1608
2057
1538
1341
1589
2063
1534
1325
1595
2061
1533
1347
1581
2055
1550
1341
1600
2065
1548
1335
1595
2066
1547
1319
1601
2057
1547
1333
1599
2053
1548
1327
1589
2059
1537
1343
1591
2065
1526
1313
1597
2057
1542
1319
1597
2055
1537
1329
1593
2059
1532
1325
1588
2061
1543
1346
1587
2055
1543
1319
1589
2059
1528
1339
1590
2065
1551
1346
1605
2062
1537
1321
1581
2055
1543
1333
1585
2057
1567
1321
1601
2063
1565
1323
1583
2061
1541
1335
1591
2057
1539
1357
1598
2057
1535
1312
1589
2067
1545
1333
1583
2061
1553
1331
1587
2057
1541
1357
1598
2063
1547
1350
1595
2061
1543
1327
1586
2063
1537
1323
1587
2055
1529
1319
1603
2063
1549
1357
1588
2065
1527
1339
1589
2055
1542
1329
1593
2055
1543
1323
1595
2059
1540
1333
1597
2063
1542
1321
1593
2059
1531
1334
1583
2055
1551
1331
1593
2061
1537
1325
1589
2062
1541
1321
1590
2059
1544
1327
1589
2061
1537
1339
1591
2065
1529
1349
1589
2063
1542
1317
1621
2057
1534
1342
1587
2059
1545
1343
1605
2067
1545
1357
1583
2057
1541
1327
1593
2055
1544
1323
1599
2057
1541
1329
1581
2065
1533
1342
1587
2059
1532
1317
1593
2053
1526
1329
1573
2059
1543
1309
1592
2063
1533
1333
1590
2059
1535
1351
1597
2053
1539
1335
1614
2059
1537
1319
1597
2063
1544
1361
1589
2061
1553
1329
1589
2057
1529
1319
1581
2065
1536
1364
1589
2063
1547
1335
1586
2059
1545
1336
1591
2053
1547
1339
1593
2059
1553
1359
1592
2063
1539
1321
1581
2059
1539
1315
1589
2057
1534
1353
1591
2063
1551
1341
1591
2063
1551
1328
1587
2059
1527
1345
1586
2057
1535
1329
1587
2061
1553
1350
1597
2059
1559
1327
1602
2057
1553
1327
1593
2061
1545
1339
1606
2067
1526
1339
1590
2059
1543
1319
1575
2057
1537
1351
1579
2059
1527
1337
1599
2065
1541
1327
1605
2061
1539
1334
1583
2053
1547
1353
1589
2059
1537
1319
1599
2065
1543
1359
1589
2061
1534
1329
1587
2053
1524
1335
1587
2061
1531
1329
1598
2061
1542
1354
1587
2061
1567
1325
1593
2057
1531
1329
1588
2063
1540
1331
1599
2063
1541
1329
1581
2059
1533
1333
1595
2057
1544
1335
1599
2061
1547
1333
1599
2061
1551
1337
1589
2059
1555
1327
1593
2057
1529
1321
1589
2063
1544
1351
1607
2066
1555
1356
1587
2059
1553
1323
1593
2057
1546
1325
1589
2063
1536
1375
1603
2063
1543
1363
1598
2055
1540
1337
1587
2059
1539
1315
1595
2063
1559
1329
1599
2065
1547
1319
1591
2055
1545
1346
1589
2057
1542
1333
1593
2065
1537
1348
1603
2061
1559
1323
1597
2057
1531
1327
1581
2063
1535
1337
1599
2063
1544
1343
1585
2055
1541
1325
1585
2053
1543
1345
1589
2063
1533
1309
1593
2069
1537
1333
1593
2059
1547
1333
1577
2057
1539
1331
1583
2059
1548
1335
1586
2067
1552
1359
1589
2055
1533
1381
1581
2055
1551
1355
1626
2062
1555
1319
1603
2063
1535
1309
1596
2059
1537
1345
1598
2057
1557
1339
1601
2061
1555
1327
1595
2065
1552
1329
1581
2057
1541
1317
1581
2061
1553
1325
1591
2061
1539
1336
1596
2059
1543
1325
1587
2059
1543
1313
1595
2059
1552
1329
1595
2063
1549
1335
1608
2063
1539
1339
1598
2057
1545
1333
1599
2055
1539
1331
1597
2067
1555
1325
1597
2063
1529
1335
1585
2053
1533
1319
1601
2061
1545
1321
1594
2067
1540
1331
1605
2060
1532
1331
1583
2055
1547
1315
1585
2061
1538
1343
1599
2067
1539
1343
1594
2059
1529
1337
1597
2055
1549
1356
1597
2061
1543
1327
1591
2063
1545
1303
1589
2057
1546
1351
1585
2057
1537
1329
1600
2059
1535
1328
1599
2071
1533
1331
1597
2061
1537
1315
1589
2059
1549
1368
1603
2065
1536
1335
1605
2063
1527
1356
1596
2059
1535
1327
1577
2057
1549
1335
1589
2063
1541
1357
1595
2061
1540
1311
1604
2057
1539
1355
1609
2057
1535
1353
1591
2061
1541
1329
1601
2059
1535
1310
1593
2055
1539
1341
1607
2061
1535
1337
1589
2063
1547
1333
1589
2057
1532
1335
1587
2053
1539
1331
1587
2061
1531
1303
1589
2065
1547
1351
1589
2065
1543
1353
1587
2055
1543
1355
1589
2063
1532
1341
1594
2065
1541
1321
1593
2059
1539
1347
1577
2057
1527
1327
1593
2061
1549
1327
1593
2063
1541
1361
1585
2059
1529
1329
1585
2056
1527
1352
1596
2061
1545
1315
1591
2063
1545
1325
1589
2053
1526
1327
1604
2051
1555
1333
1597
2059
1541
1339
1591
2055
1541
1352
1591
2055
1513
1327
1591
2059
1541
1336
1597
2065
1541
1311
1599
2057
1535
1337
1591
2053
1535
1321
1587
2063
1535
1331
1587
2063
1548
1337
1605
2061
1535
1331
1585
2055
1529
1321
1580
2061
1538
1353
1601
2063
1535
1335
1597
2062
1541
1343
1585
2055
1549
1313
1597
2062
1533
1327
1585
2067
1543
1341
1598
2059
1533
1325
1583
2059
1547
1323
1602
2063
1543
1335
1589
2065
1549
1299
1581
2061
1541
1321
1599
2057
1547
1331
1595
2063
1549
1337
1599
2061
1537
1321
1599
2059
1541
1329
1589
2057
1536
1331
1597
2060
1545
1354
1591
2060
1545
1327
1596
2055
1543
1321
1591
2059
1535
1337
1615
2059
1543
1323
1597
2063
1532
1319
1595
2057
1534
1335
1589
2059
1549
1343
1600
2063
1557
1339
1601
2061
1537
1365
1591
2057
1545
1319
1591
2057
1540
1322
1593
2065
1557
1319
1595
2063
1549
1321
1584
2054
1550
1314
1595
2057
1543
1337
1585
2065
1559
1331
1595
2059
1543
1349
1593
2053
1545
1327
1607
2063
1543
1359
1585
2065
1551
1345
1598
2059
1545
1321
1591
2053
1534
1335
1593
2061
1541
1351
1604
2063
1549
1357
1591
2059
1549
1311
1595
2059
1545
1363
1597
2061
1530
1345
1605
2063
1550
1339
1599
2059
1529
1333
1595
2057
1551
1341
1601
2065
1546
1319
1595
2063
1555
1329
1589
2059
1537
1315
1590
2057
1538
1333
1591
2059
1557
1369
1595
2063
1530
1341
1589
2057
1543
1321
1589
2059
1535
1305
1597
2061
1549
1321
1593
2057
1543
1323
1591
2053
1531
1320
1581
2061
1546
1351
1589
2065
1537
1331
1592
2059
1553
1329
1591
2057
1540
1339
1583
2059
1561
1341
1581
2067
1545
1315
1585
2063
1538
1335
1593
2057
1528
1337
1597
2063
1554
1315
1597
2059
1544
1333
1587
2061
1549
1304
1595
2057
1537
1339
1595
2059
1550
1333
1591
2063
1533
1327
1597
2053
1533
1349
1591
2057
1547
1319
1599
2063
1547
1335
1589
2067
1540
1351
1586
2055
1544
1321
1585
2057
1535
1333
1591
2061
1561
1346
1589
2059
1537
1329
1599
2055
1555
1319
1582
2059
1542
1362
1593
2061
1549
1321
1591
2061
1555
1349
1597
2055
1540
1329
1577
2057
1557
1323
1591
2065
1575
1321
1604
2055
1542
1331
1593
2055
1531
1317
1595
2057
1533
1347
1599
2063
1543
1315
1591
2063
1543
1335
1581
2050
1543
1331
1583
2061
1528
1327
1591
2061
1547
1327
1612
2057
1537
1321
1584
2053
1540
1339
1599
2065
1533
1323
1592
2067
1555
1323
1599
2059
1557
1329
1591
2055
1543
1333
1597
2061
1550
1329
1592
2063
1529
1337
1603
2061
1533
1324
1579
2059
1557
1320
1585
2062
1539
1345
1595
2065
1549
1363
1593
2055
1537
1339
1599
2051
1543
1351
1599
2061
1536
1341
1604
2061
1544
1317
1587
2061
1551
1347
1590
2061
1533
1319
1593
2065
1548
1333
1609
2063
1555
1355
1583
2059
1541
1323
1591
2055
1555
1331
1593
2065
1557
1361
1589
2061
1555
1345
1579
2057
1541
1323
1587
2061
1527
1335
1589
2061
1553
1341
1583
2053
1545
1333
1591
2053
1533
1327
1585
2063
1527
1337
1592
2063
1556
1335
1587
2061
1529
1347
1585
2055
1545
1341
1589
2061
1527
1339
1587
2063
1539
1331
1595
2061
1518
1346
1577
2057
1539
1328
1599
2061
55269
1428
1561
1924
1777
1601
1377
1629
2107
1588
1488
1460
1768
1786
1620
2103
1577
1353
1629
2111
1579
1375
1621
2103
42947
1397
1567
1874
1771
1587
1347
1600
2071
1537
1387
2067
49674
1413
1555
1884
1833
1607
1367
1609
2095
1612
1488
1422
1892
1357
1629
2110
1577
1361
1633
2100
1551
1406
1478
1863
1784
1534
1337
1563
2061
1546
1438
2064
1541
1359
1595
2059
1541
1315
1591
2061
1541
1329
1595
2067
1539
1371
1589
2055
1547
1321
1593
2053
1547
1309
1595
2063
1527
1339
1591
2067
1531
1325
1595
2057
1541
1351
1585
2051
1562
1357
1602
2061
1542
1317
1595
2065
1543
1339
1593
2059
1537
1303
1583
2057
1548
1313
1593
2064
1551
1319
1603
2065
1543
1355
1591
2057
1541
1317
1595
2057
1543
1327
1595
2063
1557
1329
1601
2065
1556
1355
1601
2059
1555
1325
1600
2055
1543
1321
1593
2065
1533
1348
1591
2061
1543
1319
1591
2053
1526
1311
1599
2059
1553
1337
1591
2063
1545
1335
1594
2061
1528
1331
1589
2057
1536
1331
1583
2061
1559
1360
1599
2067
1551
1333
1593
2059
1545
1321
1595
2055
1537
1323
1602
2061
1530
1323
1593
2063
1543
1321
1609
2063
1533
1333
1587
2055
1545
1333
1593
2061
1543
1341
1596
2063
1554
1327
1593
2059
1526
1347
1583
2057
1535
1317
1601
2061
1548
1335
1607
2063
1524
1345
1577
2059
1537
1322
1585
2055
1549
1343
1594
2059
1539
1319
1599
2063
1553
1339
1605
2055
1539
1325
1591
2055
1537
1316
1597
2063
1563
1309
1596
2063
1545
1347
1601
2055
1528
1301
1589
2055
1541
1339
1603
2061
1531
1331
1597
2061
1553
1345
1585
2059
1541
1337
1595
2061
1553
1350
1592
2065
1543
1339
1593
2063
1559
1308
1584
2061
1541
1335
1587
2059
1553
1353
1594
2066
1548
1323
1583
2063
1545
1305
1589
2055
1547
1317
1597
2055
1535
1307
1589
2066
1541
1315
1591
2063
1537
1323
1600
2055
1533
1329
1587
2059
1534
1307
1599
2067
1553
1317
1601
2061
1543
1327
1595
2057
1531
1333
1589
2067
1535
1335
1597
2063
1544
1317
1589
2057
1523
1331
1589
2053
1531
1335
1595
2063
1536
1315
1601
2059
1541
1335
1599
2053
1533
1331
1587
2057
1536
1305
1601
2063
1553
1307
1599
2063
1555
1319
1603
2055
1530
1327
1597
2057
1541
1326
1605
2059
1540
1351
1603
2055
1524
1333
1595
2057
1526
1338
1591
2057
1545
1347
1595
2059
1541
1333
1591
2055
1541
1335
1589
2055
1531
1358
1592
2057
1556
1315
1589
2067
1543
1331
1604
2061
1536
1315
1585
2057
1544
1335
1593
2059
1557
1343
1605
2067
1549
1305
1593
2063
1545
1331
1593
2053
1553
1342
1585
2059
1540
1327
1595
2065
1533
1345
1591
2057
1523
1317
1593
2057
1550
1325
1585
2061
1547
1331
1597
2059
1537
1323
1587
2059
1532
1331
1589
2053
1551
1320
1607
2063
1541
1325
1599
2065
1543
1329
1583
2057
1531
1307
1607
2055
1537
1327
1594
2063
1548
1323
1589
2061
1551
1327
1603
2059
1535
1333
1594
2055
1530
1331
1591
2065
1526
1341
1605
2063
1540
1311
1597
2061
1555
1315
1593
2057
1531
1343
1591
2063
1551
1327
1599
2059
1549
1347
1595
2051
1543
1331
1593
2061
1535
1329
1596
2065
1544
1355
1597
2061
1543
1335
1593
2057
1543
1305
1591
2061
1547
1335
1587
2065
1553
1333
1588
2063
1557
1315
1589
2059
1555
1323
1593
2061
1544
1319
1599
2061
1540
1345
1585
2057
1539
1329
1588
2057
1545
1327
1595
2057
1553
1319
1597
2065
1555
1349
1593
2059
1538
1311
1583
2057
1552
1317
1587
2065
1553
1329
1598
2057
1540
1315
1589
2057
1553
1319
1597
2057
1543
1339
1601
2063
1547
1331
1591
2057
1533
1351
1595
2055
1527
1341
1599
2059
1540
1307
1591
2065
1561
1327
1581
2061
1541
1325
1571
2055
1539
1325
1586
2059
1541
1331
1587
2065
1563
1343
1596
2061
1547
1323
1591
2057
1529
1333
1599
2061
1539
1331
1585
2065
1539
1327
1589
2057
1555
1321
1594
2053
1531
1323
1598
2061
1541
1361
1651
2065
1539
1337
1603
2061
1541
1327
1594
2059
1544
1327
1583
2061
1541
1321
1581
2067
1563
1347
1585
2059
1569
1315
1591
2051
1541
1335
1587
2063
1546
1353
1593
2065
1529
1335
1593
2055
1541
1309
1595
2059
1533
1343
1592
2063
1541
1331
1603
2065
1549
1325
1594
2055
1532
1318
1588
2057
1539
1327
1597
2061
1557
1319
1587
2061
1565
1331
1585
2053
1543
1323
1595
2057
1533
1331
1605
2063
1556
1333
1591
2059
1539
1315
1579
2053
1541
1331
1587
2063
1563
1337
1593
2067
1553
1335
1594
2061
1541
1321
1587
2057
1543
1343
1603
2061
1565
1347
1596
2069
1553
1331
1587
2063
1536
1327
1597
2055
1549
1324
1596
2063
1544
1337
1601
2065
1536
1327
1607
2057
1543
1348
1589
2059
1536
1343
1592
2057
1545
1331
1601
2059
1545
1329
1596
2053
1534
1351
1579
2057
1537
1343
1589
2063
1531
1359
1591
2065
1551
1341
1583
2057
1541
1338
1585
2055
1537
1335
1593
2061
1547
1342
1591
2061
1535
1333
1579
2057
1529
1347
1587
2057
1547
1320
1591
2065
1541
1688
1712
2061
1545
1337
1591
2061
1551
1331
1587
2061
1539
1383
1624
2023
1672
1563
1373
1648
2070
1575
1444
1472
1877
1839
1628
1359
1628
1625
1629
2109
1573
1348
1636
2107
1557
1454
1523
1890
1742
1547
1339
1592
2065
1537
1597
2063
1547
1331
1589
2061
1536
1333
1585
2053
1534
1341
1589
2057
1539
1341
1596
2067
1538
1305
1599
2059
1552
1341
1597
2057
1532
1313
1596
2063
1561
1327
1599
2065
1561
1321
1599
2057
1533
1327
1587
2053
1525
1331
1599
2057
1555
1367
1598
2059
1554
1331
1591
2059
1548
1333
1589
2059
1537
1307
1591
2065
1543
1319
1595
2061
1547
1329
1597
2055
1551
1337
1591
2059
1544
1329
1604
2061
1543
1349
1597
2059
1541
1327
1583
2055
1551
1313
1579
2061
1539
1323
1595
2067
1557
1345
1590
2061
1553
1313
1589
2055
1549
1339
1585
2059
1537
1315
1593
2063
1548
1315
1589
2063
1537
1349
1585
2059
1535
1341
1593
2063
1560
1327
1601
2069
1537
1295
1600
2059
1551
1331
1589
2055
1547
1335
1581
2064
1545
1339
1587
2061
1546
1347
1611
2059
1553
1335
1581
2061
1541
1327
1601
2065
1553
1349
1591
2061
1547
1333
1597
2061
1547
1313
1592
2055
1529
1321
1597
2057
1545
1344
1589
2065
1543
1343
1575
2061
1545
1309
1581
2055
1546
1333
1589
2065
1537
1329
1603
2061
1542
1331
1599
2053
1545
1305
1585
2059
1541
1325
1587
2063
1542
1317
1598
2057
1533
1333
1583
2059
1531
1317
1583
2061
1541
1337
1593
2063
1541
1343
1588
2059
1551
1327
1587
2057
1547
1317
1601
2059
1539
1349
1589
2062
1548
1317
1593
2061
1553
1331
1575
2055
1539
1331
1593
2059
1541
1318
1597
2065
1541
1325
1575
2063
1548
1309
1596
2053
1531
1351
1585
2061
1543
1335
1589
2064
1551
1361
1588
2061
1536
1305
1585
2057
1530
1323
1593
2063
1535
1325
1626
2063
1557
1329
1590
2061
1553
1323
1583
2057
1523
1302
1588
2065
1543
1354
1602
2061
1535
1331
1595
2055
1533
1337
1594
2055
1536
1337
1581
2063
1557
1337
1597
2061
1547
1339
1594
2057
1546
1345
1583
2057
1544
1319
1603
2063
1561
1317
1595
2059
1543
1323
1587
2055
1533
1319
1587
2059
1521
1329
1591
2069
1542
1353
1603
2061
1536
1308
1589
2057
1535
1327
1601
2061
1542
1323
1587
2059
1533
1339
1595
2061
1535
1315
1600
2055
1536
1329
1587
2059
1535
1356
1602
2063
1548
1337
1596
2057
1551
1345
1583
2053
1529
1319
1581
2061
1555
1319
1601
2063
1543
1325
1597
2059
1539
1311
1584
2057
1547
1335
1604
2063
1549
1325
1593
2063
1543
1317
1601
2057
1524
1339
1591
2059
1541
1323
1585
2063
1547
1341
1603
2061
1545
1327
1595
2059
1551
1327
1589
2057
1551
1347
1605
2065
1544
1343
1591
2059
1555
1355
1583
2057
1537
1357
1587
2061
1530
1333
1595
2064
1547
1329
1599
2063
1559
1323
1591
2057
1540
1326
1585
2061
1527
1357
1583
2063
1557
1375
1606
2063
1527
1345
1589
2055
1525
1313
1588
2061
1545
1343
1606
2067
1530
1341
1604
2065
1547
1313
1597
2057
1552
1337
1591
2059
1535
1325
1595
2067
1557
1331
1606
2051
1551
1321
1596
2053
1545
1309
1589
2063
1541
1315
1599
2063
1548
1329
1595
2059
1539
1337
1591
2061
1537
1331
1580
2063
1535
1312
1589
2062
1547
1329
1598
2061
1531
1355
1588
2053
1561
1321
1585
2061
1555
1329
1595
2065
1551
1347
1588
2053
1537
1357
1595
2059
1551
1333
1587
2059
1543
1331
1601
2067
1546
1343
1593
2055
1535
1321
1590
2057
1549
1348
1589
2065
1561
1335
1589
2065
1535
1313
1591
2053
1544
1353
1592
2055
1551
1363
1591
2063
1551
1327
1579
2059
1541
1337
1591
2057
1541
1343
1593
2055
1532
1343
1597
2065
1545
1327
1595
2063
1539
1302
1585
2057
1551
1333
1588
2061
1547
1321
1591
2066
1541
1303
1609
2059
1541
1321
1595
2059
1552
1335
1585
2063
1528
1333
1608
2063
1531
1325
1585
2057
1535
1325
1591
2055
1549
1321
1595
2063
1547
1323
1598
2063
1530
1331
1585
2059
1535
1347
1595
2057
1541
1329
1597
2059
1557
1363
1599
2063
1537
1327
1579
2059
1536
1316
1593
2059
1526
1345
1613
2063
1535
1335
1603
2063
1542
1351
1595
2061
1530
1329
1589
2061
1545
1325
1597
2065
1548
1352
1601
2061
1535
1311
1595
2053
1539
1321
1585
2057
1545
1337
1589
2063
1547
1345
1594
2059
1551
1333
1583
2059
1520
1343
1593
2061
1553
1345
1597
2065
1539
1323
1592
2053
1538
1339
1583
2055
1534
1345
1588
2057
1543
1339
1593
2067
1554
1347
1595
2057
1547
1331
1585
2059
1528
1319
1596
2061
1547
1368
1593
2061
1537
1347
1598
2063
1535
1335
1585
2059
1544
1316
1589
2059
1547
1335
1605
2063
1545
1357
1591
2061
1534
1321
1593
2059
1531
1323
1592
2063
1550
1337
1635
2061
1563
1323
1597
2059
1535
1327
1589
2059
1537
1323
1592
2067
1543
1355
1597
2065
1543
1315
1592
2055
1541
1327
1587
2063
1543
1325
1596
2063
1543
1317
1599
2061
1554
1323
1587
2057
1539
1333
1586
2061
1547
1355
1595
2061
1535
1329
1589
2061
1543
1323
1596
2059
1519
1303
1594
2057
1555
1331
1593
2063
1551
1321
1587
2059
1537
1311
1583
2057
1541
1341
1593
2065
1549
1323
1591
2061
1529
1327
1603
2059
1538
1329
1593
2055
1561
1355
1588
2063
1544
1343
1594
2065
1545
1331
1591
2061
1537
1321
1579
2055
1551
1333
1591
2059
1534
1323
1593
2063
1541
1343
1597
2055
1537
1333
1589
2057
1546
1313
1609
2063
1537
1350
1594
2061
1545
1319
1591
2053
1536
1329
1603
2059
1541
1323
1587
2063
1533
1327
1583
2060
1539
1316
1593
2059
1539
1357
1597
2057
1536
1349
1591
2064
1549
1325
1603
2065
1547
1319
1589
2059
1547
1317
1587
2057
1531
1336
1594
2063
1535
1339
1589
2057
1532
1319
1585
2051
1531
1319
1583
2057
1539
1327
1603
2067
1548
1329
1593
2059
1541
1327
1589
2051
1539
1343
1593
2061
1540
1327
1593
2069
1533
1335
1589
2061
1533
1333
1585
2057
1555
1371
1602
2059
1537
1345
1598
2065
1544
1329
1587
2059
1539
1327
1585
2055
1533
1329
1588
2067
1544
1359
1589
2061
1549
1323
1589
2055
1531
1311
1583
2059
1534
1315
1589
2061
1539
1311
1595
2061
1532
1337
1597
2057
1522
1314
1599
2059
1537
1312
1595
2063
1551
1335
1591
2061
1534
1345
1587
2057
1529
1339
1589
2057
1534
1329
1607
2061
1541
1339
1601
2061
1545
1325
1583
2057
1539
1325
1599
2061
1525
1353
1591
2061
1565
1325
1605
2059
1538
1317
1585
2053
1544
1343
1583
2059
1553
1347
1587
2063
1538
1315
1593
2061
1539
1319
1589
2059
1541
1319
1585
2061
1542
1318
1597
2065
1535
1333
1593
2059
1547
1315
1577
2055
1538
1341
1589
2061
1553
1314
1596
2067
1541
1327
1588
2053
1540
1341
1585
2057
1543
1329
1593
2065
1539
1319
1596
2065
1538
1335
1579
2059
1537
1315
1583
2055
1546
1327
1593
2066
1549
1329
1597
2061
1549
1307
1595
2055
1535
1331
1581
2057
1551
1305
1591
2065
1537
1321
1601
2063
1544
1313
1593
2055
1549
1335
1597
2061
1539
1341
1591
2067
1547
1341
1597
2055
1541
1329
1583
2057
1534
1327
1593
2063
1538
1362
1599
2065
1559
1311
1593
2063
1557
1329
1581
2057
1547
1327
1595
2065
1541
1331
1599
2065
1547
1337
1597
2059
1542
1335
1589
2057
1531
1321
1605
2063
1532
1313
1603
2065
1555
1327
1585
2059
1553
1331
1592
2053
1532
1321
1599
2063
1542
1339
1599
2065
1547
1315
1587
2057
1545
1331
1599
2057
1543
1321
1585
2065
1551
1333
1595
2063
1549
1327
1588
2059
1551
1325
1589
2059
1539
1347
1603
2065
1543
1335
1589
2063
1547
1363
1601
2059
1531
1327
1581
2057
1555
1321
1591
2067
1559
1313
1595
2061
1537
1351
1599
2053
1532
1358
1589
2061
1528
1331
1591
2065
1535
1325
1586
2063
1545
1327
1583
2055
1537
1327
1585
2061
1552
1323
1598
2063
1542
1345
1599
2065
1541
1321
1599
2057
1547
1327
1589
2055
1553
1321
1601
2069
1551
1325
1593
2057
1538
1341
1589
2053
1534
1321
1595
2063
1539
1316
1604
2059
1543
1327
1588
2061
1541
1316
1589
2057
1533
1335
1603
2063
1552
1315
1614
2065
1528
1349
1599
2059
1545
1317
1602
2059
1536
1325
1595
2066
1530
1304
1598
2063
1543
1300
1592
2061
1530
1319
1593
2055
1535
1320
1597
2059
1539
1353
1603
2061
1549
1323
1599
2054
1535
1317
1594
2057
1553
1331
1590
2065
1561
1343
1585
2061
1531
1333
1590
2055
1545
1315
1590
2057
1529
1339
1589
2063
1557
1339
1589
2063
1543
1335
1577
2057
1545
1321
1581
2063
1545
1351
1597
2069
1531
1344
1601
2055
1538
1309
1585
2051
1537
1325
1603
2057
1555
1339
1591
2068
1538
1343
1593
2059
1541
1331
1587
2055
1537
1323
1597
2059
1553
1315
1597
2063
1538
1323
1589
2055
1538
1331
1581
2055
1539
1345
1591
2059
1548
1331
1589
2063
1551
1323
1585
2055
1537
1315
1595
2057
1533
1335
1585
2061
1545
1321
1589
2064
1545
1337
1599
2055
1525
1339
1583
2061
1542
1313
1591
2061
1529
1327
1592
2061
1527
1337
1595
2057
1522
1349
1603
2060
1549
1323
1591
2061
1547
1313
1587
2063
1553
1329
1589
2055
1543
1333
1595
2061
1540
1331
1595
2064
1547
1331
1599
2061
1535
1361
1590
2055
1552
1311
1583
2057
1545
1357
1600
2065
1541
1359
1595
2061
1528
1341
1577
2059
1551
1331
1593
2061
1547
1335
1586
2063
1540
1353
1599
2059
1533
1323
1577
2055
1537
1343
1591
2061
1528
1349
1593
2065
1545
1339
1595
2061
1548
1323
1588
2057
1528
1342
1597
2063
1545
1343
1587
2065
1541
1339
1599
2059
1538
1330
1587
2057
1547
1369
1604
2061
1535
1331
1606
2059
1550
1321
1597
2055
1535
1309
1587
2057
1543
1345
1589
2063
1559
1323
1597
2061
1541
1323
1589
2055
1558
1347
1597
2063
1558
1339
1583
2065
1567
1307
1603
2063
1563
1335
1593
2059
1549
1319
1597
2059
1525
1341
1583
2067
1545
1321
1605
2061
1549
1315
1592
2057
1537
1308
1593
2061
1526
1331
1589
2063
1553
1315
1602
2052
1530
1311
1591
2055
1543
1350
1597
2057
1539
1373
1594
2065
1555
1317
1585
2059
1518
1339
1597
2055
1557
1327
1592
2061
1557
1325
1609
2064
1531
1349
1593
2057
1527
1331
1583
2055
1561
1347
1599
2064
1530
1333
1597
2059
1531
1331
1583
2063
1544
1327
1571
2059
1542
1321
1585
2061
1570
1327
1597
2063
1549
1317
1591
2055
1522
1324
1591
2061
1537
1331
1607
2061
1551
1331
1581
2063
1535
1339
1599
2055
1535
1315
1595
2059
1553
1335
1587
2063
1547
1341
1584
2065
1541
1323
1583
2055
1535
1341
1597
2055
1537
1321
1605
2069
1552
1335
1598
2063
1545
1334
1593
2057
1527
1354
1585
2063
1551
1317
1593
2065
1548
1335
1595
2055
1539
1299
1583
2051
1536
1329
1589
2061
1556
1323
1593
2067
1545
1341
1587
2057
1536
1317
1591
2061
1537
1317
1591
2061
1553
1331
1593
2065
1549
1331
1593
2055
1547
1329
1589
2057
1549
1341
1598
2061
1545
1337
1599
2061
1553
1316
1587
2061
1549
1325
1599
2053
1533
1339
1591
2063
1551
25564
1714
1716
1652
1735
1719
2059
1552
1309
1599
2014
1664
1525
1462
1757
1979
1567
1343
1545
1942
1761
1542
1357
1635
2111
1581
1452
1432
1797
1466
2110
1567
1354
1622
2104
1575
1361
51693
1978
1653
1504
1388
1666
1991
1537
1342
1507
1872
1750
1518
2055
1546
1327
1571
2055
1556
1317
1589
2061
1533
1337
1587
2063
1535
1341
1591
2059
1530
1311
1591
2057
1537
1313
1595
2061
1541
1327
1603
2059
1527
1319
1596
2061
1539
1299
1597
2061
1545
1333
1581
2057
1535
1343
1597
2065
1549
1371
1596
2053
1546
1317
1597
2054
1543
1313
1604
2063
1534
1341
1597
2063
1549
1345
1593
2057
1539
1337
1585
2057
1548
1303
1594
2057
1559
1349
1605
2062
1531
1335
1590
2063
1531
1323
1598
2059
1539
1337
1593
2059
1555
1325
1595
2059
1538
1305
1596
2061
1547
1335
1593
2059
1543
1323
1593
2061
1544
1319
1607
2061
1548
1309
1591
2055
1549
1345
1583
2061
1563
1315
1594
2067
1540
1333
1591
2059
1537
1367
1585
2055
1531
1361
1593
2061
1537
1331
1595
2061
1553
1337
1597
2061
1546
1329
1599
2057
1529
1379
1589
2059
1567
1315
1620
2063
1551
1350
1601
2059
1537
1341
1580
2053
1541
1325
1589
2061
1541
1347
1587
2067
1547
1325
1593
2059
1549
1303
1589
2055
1547
1333
1599
2063
1541
1329
1590
2061
1553
1343
1581
2059
1546
1313
1601
2059
1531
1339
1601
2063
1541
1319
1601
2060
1539
1324
1585
2055
1543
1347
1589
2055
1528
1324
1591
2059
1539
1347
1589
2061
1549
1333
1591
2055
1541
1323
1601
2061
1531
1335
1599
2063
1539
1362
1595
2061
1550
1309
1581
2055
1545
1357
1600
2059
1547
1331
1603
2063
1535
1335
1587
2053
1533
1335
1585
2055
1539
1331
1595
2061
1536
1335
1593
2065
1539
1329
1591
2059
1547
1321
1586
2055
1535
1325
1587
2063
1555
1333
1595
2065
1533
1325
1589
2059
1541
1343
1579
2059
1529
1339
1586
2063
1547
1306
1595
2062
1539
1325
1579
2057
1541
1331
1590
2057
1538
1345
1583
2061
1539
1356
1599
2063
1541
1317
1581
2055
1537
1337
1599
2057
1537
1305
1593
2061
1537
1349
1590
2063
1547
1319
1593
2055
1533
1317
1598
2057
1537
1321
1597
2063
1553
1325
1589
2063
1557
1307
1589
2051
1551
1355
1597
2061
1550
1379
1597
2065
1541
1335
1590
2065
1549
1331
1583
2049
1538
1337
1593
2061
1533
1297
1591
2063
1553
1333
1596
2061
1541
1317
1585
2055
1551
1339
1589
2061
1543
1319
1587
2065
1560
1329
1605
2057
1537
1339
1583
2061
1544
1333
1599
2061
1539
1345
1605
2063
1549
1355
1585
2057
1551
1323
1595
2055
1535
1316
1589
2061
1556
1357
1604
2067
1535
1339
1593
2059
1533
1311
1589
2057
1535
1351
1587
2065
1559
1323
1585
2061
1557
1327
1589
2061
1521
1343
1591
2057
1533
1384
1587
2059
1545
1347
1587
2059
1550
1351
1592
2057
1555
1331
1583
2059
1561
1324
1597
2065
1551
1329
1589
2061
1543
1321
1589
2055
1551
1335
1588
2059
1531
1315
1615
2063
1549
1335
1589
2063
1557
1339
1587
2053
1543
1309
1593
2061
1545
1341
1595
2069
1529
1339
1593
2059
1553
1335
1599
2057
1545
1343
1591
2065
1549
1353
1600
2061
1540
1321
1597
2059
1545
1318
1583
2055
1538
1323
1593
2063
1551
1365
1603
2061
1549
1315
1585
2061
1545
1300
1595
2057
1541
1342
1591
2065
1533
1349
1589
2059
1540
1351
1589
2059
1537
1325
1589
2061
1535
1331
1590
2061
1535
1325
1589
2063
1541
1329
1583
2059
1553
1329
1593
2057
1539
1337
1593
2059
1555
1345
1591
2059
1543
1345
1601
2057
1552
1341
1583
2057
1545
1317
1601
2062
1559
1331
1600
2063
1543
1307
1595
2057
1533
1323
1587
2061
1549
1325
1591
2065
1553
1337
1599
2059
1537
1337
1589
2057
1547
1331
1587
2061
1532
1316
1591
2067
1551
1361
1595
2057
1535
1341
1587
2055
1538
1364
1593
2059
1534
1353
1611
2067
1557
1327
1592
2059
1537
1335
1597
2054
1549
1337
1594
2063
1550
1327
1597
2063
1545
1335
1589
2055
1547
1335
1594
2053
1547
1339
1598
2059
1551
1342
1605
2065
1535
1341
1594
2055
1531
1323
1595
2059
1540
1316
1585
2062
1541
1333
1588
2061
1537
1321
1585
2059
1534
1321
1585
2061
1535
1331
1603
2063
1538
1319
1591
2063
1538
1341
1583
2057
1523
1335
1595
2061
1543
1333
1597
2063
1533
1337
1595
2061
1533
1327
1587
2055
1551
1311
1587
2059
1533
1323
1595
2067
1543
1319
1597
2057
1547
1329
1583
2059
1561
1319
1591
2059
1535
1337
1591
2065
1549
1335
1595
2063
1539
1341
1585
2055
1553
1346
1585
2059
1551
1315
1589
2065
1563
1321
1589
2061
1554
1341
1585
2057
1541
1311
1593
2063
1537
1331
1590
2063
1551
1315
1589
2060
1555
1327
1583
2059
1545
1349
1592
2063
1541
1309
1599
2065
1541
1335
1593
2057
1539
1335
1592
2057
1547
1335
1593
2061
1536
1345
1589
2059
1539
1305
1592
2059
1524
1341
1591
2059
1537
1333
1590
2063
1556
1349
1591
2063
1544
1329
1595
2053
1551
1343
1585
2055
1543
1308
1593
2063
1547
1337
1603
2061
1537
1345
1589
2057
1535
1344
1595
2059
1550
1359
1593
2063
1537
1321
1592
2057
1545
1335
1585
2057
1530
1331
1593
2061
1549
1303
1604
2067
1549
1351
1586
2055
1549
1339
1589
2055
1531
1313
1597
2061
1551
1352
1603
2065
1532
1307
1601
2053
1569
1331
1591
2057
1549
1335
1596
2065
1531
1369
1601
2061
1530
1341
1603
2053
1539
1321
1581
2055
1540
1314
1598
2059
1555
1329
1589
2063
1543
1334
1579
2059
1537
1305
1597
2055
1549
1343
1589
2061
1541
1319
1599
2059
1547
1319
1602
2059
1535
1345
1579
2061
1540
1339
1589
2067
1547
1357
1601
2065
1532
1323
1577
2055
1535
1327
1587
2061
1549
1355
1581
2063
1534
1319
1591
2057
1538
1319
1591
2055
1557
1323
1603
2063
1548
1342
1605
2063
1541
1345
1593
2065
1539
1335
1579
2053
1519
1337
1597
2063
1524
1335
1583
2067
1545
1351
1594
2061
1537
1307
1603
2057
1531
1319
1589
2061
1545
1335
1595
2067
1553
1331
1587
2062
1539
1325
1579
2055
1537
1331
1593
2059
1555
1321
1593
2062
1535
1331
1583
2059
1541
1317
1586
2059
1538
1323
1593
2065
1563
1329
1605
2063
1545
1321
1591
2061
1526
1325
1605
2058
1549
1333
1595
2063
1539
1325
1599
2059
1545
1337
1593
2053
1519
1337
1587
2063
1556
1331
1597
2062
1545
1345
1593
2063
1547
1325
1587
2057
1541
1329
1585
2057
1541
1341
1601
2065
1548
1331
1591
2057
1546
1331
1589
2055
1534
1341
1606
2059
1547
1333
1587
2063
1528
1341
1585
2061
1546
1347
1613
2055
1539
1335
1595
2059
1551
1347
1599
2069
1535
1311
1592
2059
1541
1337
1575
2055
1536
1351
1603
2063
1533
1337
1587
2067
1531
1341
1583
2061
1545
1319
1585
2061
1555
1359
1600
2063
1544
1327
1596
2063
1542
1329
1595
2051
1537
1331
1591
2057
1546
1349
1598
2063
1533
1327
1600
2059
1537
1335
1595
2057
1546
1320
1587
2057
1536
1316
1591
2065
1545
1351
1600
2061
1533
1323
1589
2057
1551
1370
1594
2057
1539
1329
1599
2065
1561
1321
1595
2061
1526
1335
1597
2055
1553
1343
1579
2057
1544
1333
1601
2064
1539
1329
1597
2059
1547
1309
1593
2049
1529
1345
1585
2059
1539
1313
1593
2065
1551
1327
1589
2055
1534
1349
1581
2057
1543
1321
1588
2061
1541
1355
1604
2063
1526
1347
1591
2059
1531
1319
1584
2055
1551
1333
1593
2061
1538
1300
1597
2065
1539
1355
1591
2061
1526
1337
1597
2057
1532
1357
1595
2059
1529
1347
1595
2061
1528
1335
1591
2057
1546
1315
1581
2057
1543
1321
1593
2067
1549
1334
1587
2061
1549
1311
1603
2059
1533
1339
1600
2057
1539
1317
1597
2065
1549
1313
1601
2061
1553
1315
1585
2061
1540
1335
1595
2059
1543
1325
1610
2061
1562
1329
1591
2061
1534
1325
1585
2053
1533
1327
1593
2063
1533
1331
1603
2063
1538
1321
1591
2053
1545
1333
1589
2053
1534
1343
1585
2061
1538
1335
1601
2063
1541
1329
1595
2061
1533
1327
1585
2057
1537
1325
1597
2063
1539
1319
1597
2065
1542
1345
1599
2061
1549
1335
1581
2057
1521
1333
1589
2057
1547
1339
1601
2063
1545
1363
1591
2055
1527
1341
1596
2059
1541
1325
1601
2061
1549
1323
1587
2059
1537
1315
1593
2057
1538
1323
1585
2057
1555
1325
1605
2063
1545
1335
1593
2063
1537
1325
1589
2061
1549
1337
1606
2061
1543
1315
1587
2063
1530
1335
1593
2063
1537
1341
1587
2057
1542
1349
1581
2057
1543
1327
1591
2063
1543
1355
1594
2065
1534
1351
1583
2055
1548
1341
1599
2059
1543
1339
1592
2063
1547
1321
1600
2059
1530
1319
1585
2049
1537
1331
1586
2061
1542
1338
1601
2065
1545
1349
1583
2061
1521
1307
1597
2057
1540
1325
1579
2063
1547
1343
1599
2067
1551
1321
1594
2057
1533
1315
1589
2057
1531
1339
1601
2065
1533
1323
1589
2059
1559
1303
1589
2061
1531
1323
1585
2057
1533
1306
1591
2061
1544
1359
1587
2063
1539
1331
1591
2055
1545
1325
1597
2061
1555
1316
1597
2063
1553
1349
1599
2061
1548
1383
1587
2059
1533
1317
1569
2059
1551
1337
1602
2065
1549
1335
1590
2063
1538
1323
1597
2055
1541
1322
1589
2063
1542
1327
1591
2065
1555
1351
1603
2059
1553
1329
1587
2053
1537
1321
1589
2061
1538
1317
1603
2065
1553
1321
1601
2059
1532
1340
1585
2055
1543
1356
1583
2057
1552
1341
1581
2065
1557
1361
1597
2057
1555
1321
1593
2057
1534
1319
1575
2061
1543
1327
1603
2065
1534
1349
1595
2057
1538
1329
1585
2055
1557
1315
1585
2059
1539
1345
1595
2061
1539
1337
1585
2059
1549
1323
1589
2057
1565
1310
1599
2063
1547
1313
1598
2059
1545
1354
1600
2059
1537
1333
1588
2061
1554
1347
1589
2065
1551
1337
1593
2061
1551
1333
1591
2055
1546
1327
1573
2059
1529
1339
1601
2063
1557
1335
1596
2061
1534
1325
1579
2053
1543
1317
1589
2063
1540
1337
1597
2065
1545
1327
1589
2057
1529
1325
1589
2055
1544
1345
1579
2059
1545
1319
1603
2062
1553
1321
1601
2057
1529
1311
1593
2055
1528
1331
1581
2061
1549
1325
1591
2065
1523
1327
1587
2061
1542
1320
1597
2055
1533
1318
1587
2063
1542
1342
1591
2065
1541
1319
1597
2061
1533
1317
1585
2061
1545
1321
1593
2064
1546
1321
1603
2063
1539
1319
1587
2055
1529
1331
1589
2059
1535
1305
1587
2061
1543
1323
1599
2065
1538
1326
1597
2059
1528
1323
1585
2061
1541
1317
1593
2061
1550
1307
1589
2063
1547
1321
1589
2059
1552
1313
1593
2057
1548
1317
1589
2063
1528
1319
1604
2059
1532
1343
1593
2053
1529
1345
1599
2061
1531
1329
1600
2063
1540
1343
1593
2059
1534
1321
1589
2053
1529
1331
1605
2059
1563
1348
1592
2065
1537
1325
1589
2062
1533
1323
1587
2057
1557
1351
1601
2061
1552
1327
1597
2063
1535
1325
1591
2057
1547
1373
1583
2061
1543
1329
1595
2063
1543
1333
1597
2063
1547
1339
1594
2061
1541
1305
1589
2055
1555
1331
1608
2067
1543
1317
1583
2059
1549
1348
1583
2053
1547
1309
1593
2055
1528
1323
1589
2061
1541
5152
1588
2065
1543
1345
1589
2055
1557
1319
1587
2059
1543
1331
1585
2063
1532
1343
1594
2061
1557
1323
1587
2055
1541
1325
1579
2061
1555
1333
1593
2069
1538
1343
1587
2061
1513
1349
1624
2055
1540
1325
1589
2063
1535
1311
1601
2063
1541
1335
1606
2061
1539
1329
1588
2057
1526
1325
1591
2059
1547
1316
1594
2063
1549
1343
1599
2055
1551
1333
1583
2057
1543
1300
1585
2061
1583
1317
1587
2064
1539
1315
1585
2059
1531
1341
1601
2055
1546
1327
1599
2059
1545
1349
1591
2063
1549
1335
1593
2057
1529
1325
1589
2057
1541
1353
1601
2061
1520
1303
1609
2059
1536
1349
1593
2059
1538
1315
1601
2055
1536
1315
1599
2063
1536
1319
1611
2063
1555
1321
1599
2057
1549
1331
1605
2057
1550
1339
1583
2063
1551
1341
1593
2057
1539
1335
1586
2057
1526
1366
1597
2058
1545
1389
1591
2067
1548
1327
1591
2061
1547
1321
1591
2051
1537
1358
1599
2059
1543
1365
1593
2064
1543
1327
1591
2060
1544
1302
1592
2057
1539
1321
1602
2059
1575
1335
1606
2063
1539
1317
1593
2059
1536
1331
1589
2057
1529
1351
1598
1718
2049
1765
1958
1499
1823
1642
1763
