3339
3556
3703
3928
2866
3971
4716
4347
3309
3517
3620
3877
2836
3938
4723
4558
3263
3544
3856
3892
2811
3923
4713
4350
3263
3513
3840
3874
2796
4173
4729
4356
3269
3510
3629
3355
3312
3431
3202
3242
3709
3053
3483
3523
2952
2808
3508
3467
3480
3667
3800
3477
3471
3467
3486
4726
4057
3483
3474
3522
4365
3471
3474
3452
3471
3376
3492
3464
3452
3471
3556
3486
3468
3474
3471
3550
3648
3467
3477
3471
3468
3883
3526
3474
3474
3471
3077
2747
3343
3471
3462
3468
4020
3468
3471
3474
3474
4365
3953
2726
2842
3477
3471
3480
3776
3669
3486
3480
3480
3764
4720
3730
3483
3458
3798
4069
3467
3483
3480
3492
3321
3474
3483
3474
3480
3566
3471
3471
3474
3483
3623
3596
3477
3486
3480
3544
3843
3474
3480
3483
3474
2866
2751
3467
3477
3480
3608
3834
3467
3474
3486
3477
4698
4179
3483
3474
3535
4332
3486
3468
3471
3483
3297
3483
3474
3483
3483
3556
3495
3474
3480
3483
3517
3642
3486
3465
3471
3474
3834
3553
3474
3480
3483
3156
2759
3309
3477
3471
3471
3993
3480
3461
3474
3490
4308
4573
3477
3493
3480
4191
3679
3452
3467
3468
3462
3443
3464
3480
3471
3554
3657
3856
2778
3981
4713
4362
3263
3511
3651
3861
2842
3984
4713
4350
3266
3486
3638
3868
2815
3911
4726
4347
3279
3520
3654
3858
2793
3971
4719
4347
3312
3467
3648
3855
2820
3975
4720
4359
3269
3477
3666
3874
2806
3980
4720
4347
3309
3474
3645
3865
2829
3932
4716
4347
3282
3502
3651
3864
2824
3926
4716
4347
3316
3501
3639
3858
2790
3975
4716
4350
3291
3547
3645
3862
2784
3987
4719
4350
3321
3501
3663
3871
2784
3956
4719
4347
3272
3547
3630
3874
2806
3987
4723
4356
3267
3520
3644
3868
2806
3965
4723
4344
3260
3554
3638
3855
2836
3984
4723
4344
3315
3483
3632
3868
2845
3984
4723
41656
3284
3120
3239
3315
3312
3690
3672
3279
3602
3504
3455
3248
3318
4594
3264
3004
3846
3281
2753
3437
3999
3608
4723
4353
3294
3547
3639
3861
2817
3923
4710
4365
3205
3538
3608
3877
2818
3975
4716
4359
3230
3493
3614
3852
2855
4002
4726
4353
3184
3495
3624
3856
2824
3935
4713
4356
3312
3507
3648
3871
2827
4002
4713
4362
3190
3523
3498
3956
3477
3486
4225
3657
3297
3495
3682
3932
2867
4005
4710
4362
3215
3499
3651
3895
2805
3978
4716
4356
3202
3523
3663
3871
2818
3975
4726
4350
3190
3551
3618
3864
2833
3978
4713
4350
3251
3513
3614
3868
2821
3971
4713
4365
3321
3526
3660
3871
2842
3972
4720
4356
3224
3544
3611
3862
2826
3965
4723
4353
3208
3511
3620
3871
2839
3965
4713
4356
3251
3517
3617
3858
2821
3944
4723
4347
3581
3864
3477
3486
2839
3999
4713
4347
3278
3544
3648
3877
2824
3972
4716
4344
3223
3517
3608
3846
2809
3922
4726
4360
3147
3550
3642
3861
2851
3975
4716
4359
3273
3501
3626
3874
2824
3978
4716
4353
3373
3553
3615
3849
2815
3990
4716
4347
3358
3547
3654
3849
2799
3978
4713
4353
3199
3547
3639
3874
2812
3971
4719
4350
3153
3495
3654
3843
2818
4002
4716
4350
3229
3498
3621
3868
2805
3999
4716
4347
3377
3529
3651
3874
2797
3919
4716
4350
3218
3520
3648
3852
2815
3990
4716
4353
3309
3511
3630
3864
2802
4005
4726
4366
3236
3554
3611
3865
2824
3971
4719
4353
3385
3517
3666
3858
2845
3999
4716
4350
3397
3514
3618
3859
2860
3968
4719
4350
3379
3529
3608
3855
2808
3974
4719
4356
3168
3544
3654
3861
2826
3978
4713
4334
3209
3657
3569
3886
2879
4008
4719
4353
3196
3519
3633
3902
2855
4011
4716
4350
3172
3486
3642
3871
2824
3981
4723
4353
3181
3499
3651
3859
2851
3916
4716
4353
3190
3557
3629
3865
2827
3974
4726
4347
3178
3492
3651
3865
2839
3971
4723
4356
3221
3519
3605
3858
2851
3978
4719
4347
3175
3516
3633
3858
2818
3990
4716
4347
3206
3517
3648
3867
2845
4005
4723
4350
3159
3544
3611
3864
2766
3971
4726
4353
3168
3526
3629
3865
2818
3990
4719
4350
3190
3504
3657
3849
2863
3944
4719
4347
3374
3495
3611
3874
2808
3990
4723
4366
3141
3520
3608
3892
2863
3987
4723
4359
3202
3508
3614
3861
2873
3977
4726
4353
3211
3510
3654
3874
2774
3980
4723
4350
3291
3523
3636
3856
2811
3974
4713
4347
3175
3544
3645
3905
2790
3999
4716
4350
3239
3520
2842
3095
3529
3923
4720
4405
3272
3520
3666
3889
2808
3971
4716
4347
3394
3520
3602
3856
2860
3980
4723
4353
3199
3544
3636
3871
2872
3990
4716
4344
3193
3514
3632
3856
2809
3977
4726
4350
3379
3520
3617
3855
2861
3990
4713
4356
3154
3513
3636
3865
2839
3980
4713
4344
3236
3507
3657
3843
2808
3990
4722
4350
3211
3504
3660
3871
2818
3978
4716
4350
3214
3523
3611
3886
2824
3981
4720
4350
3392
3511
3669
3871
2820
4002
4716
4350
3205
3523
3620
3880
2790
3999
4716
4359
3190
3547
3605
3853
2833
3978
4719
4356
3214
3517
3629
3858
2799
3993
4719
4353
3386
3516
3627
3877
2808
3980
4716
4353
3214
3516
3633
3852
2802
3977
4723
4360
3168
3504
3657
3846
2870
4002
4716
4353
3217
3516
3617
3861
2815
3913
4719
4353
3324
3544
3648
3547
2790
3987
4744
4408
3379
3511
3651
3898
2903
3980
4716
4356
3303
3514
3617
3871
2833
3923
4713
4347
3270
3513
3620
3853
2845
3987
4723
4353
3394
3514
3660
3858
2827
3999
4726
4347
3334
3554
3617
3855
2815
3984
4716
4344
3159
3510
3654
3877
2836
3926
4723
4353
3276
3507
3614
3889
2851
3971
4716
4347
3217
3520
3651
3874
2839
3926
4716
4353
3220
3516
3660
3859
2821
3941
4716
4344
3281
3526
3617
3871
2839
3962
4713
4356
3209
3529
3654
3865
2796
3987
4713
4356
3212
3523
3624
3877
2824
3993
4723
4356
3144
3504
3617
3886
2836
3932
4726
4353
3248
3529
3608
3871
2802
3938
4716
4350
3419
3550
3633
3896
2851
3926
4723
4350
3184
3508
3636
3871
2808
3926
4720
4353
3187
3520
3642
3864
2805
3922
4716
4359
3156
3563
3621
3364
3636
3226
2806
3343
3474
3474
3465
4011
3474
3486
3468
3480
4341
4542
3480
3471
3474
4200
3633
3483
3468
3477
3376
3468
3474
3462
3474
3578
3477
3465
3467
3480
3471
3691
3522
3468
3474
3474
3727
3654
3480
3477
3483
3340
2741
3135
3471
3480
3477
3850
3599
3471
3483
3474
3929
4716
3584
3483
3480
3920
3938
3458
3471
3471
3465
3364
3480
3452
3465
3474
3544
3480
3461
3471
3480
3575
3587
3477
3468
3474
3562
3825
3474
3446
3508
3266
3874
28374
3898
3566
4716
3929
3480
3486
3621
4228
3480
3471
3486
3502
3141
3495
3483
3477
3480
3569
3483
3458
3470
3474
3560
3614
3477
3480
3486
3471
3902
3522
3480
3474
3468
3071
2741
3407
3471
3477
3480
3974
3465
3474
3480
3477
4405
4469
3471
3480
3480
4262
3605
3471
3486
3465
3355
3400
3493
3468
3477
3578
3477
3468
3480
3474
3480
3627
3516
3480
3474
3471
3724
3669
2826
3971
4716
4372
3196
3513
3611
3871
2793
3981
4713
4374
3352
3483
3617
3868
2830
3922
4719
4353
3181
3499
3614
3877
2805
3975
4720
4344
3245
3514
3618
3871
2790
3962
4723
4353
3141
3517
3614
3871
2802
3962
4716
4363
3178
3523
3627
3886
2790
3926
4716
4353
3242
3523
3642
3877
2833
3981
4716
4359
3221
3523
3645
3855
2808
3947
4719
4344
3181
3498
3627
3867
2787
3916
4719
4347
3199
3507
3608
3871
2781
3935
4716
4353
3401
3514
3645
3849
2805
3975
4719
4347
3349
3498
3618
3868
2818
3932
4719
4353
3245
3547
3617
3868
2808
3990
4713
4353
3150
3523
3632
3883
2799
3968
4723
4353
3193
3523
3654
3868
2812
3978
4719
4353
3163
3504
3624
3883
2805
3501
3499
3596
3626
3492
3477
3895
2821
3987
4720
4347
3187
3557
3614
3868
2857
3929
4720
4353
3221
3520
3617
3861
2875
3972
4716
4350
3150
3504
3648
3859
2842
3974
4716
4353
3153
3544
3617
3880
2823
3978
4713
4353
3208
3501
3620
3868
2848
3974
4723
4360
3202
3510
3624
3861
2766
3975
4716
4353
3172
3523
3614
3871
2869
3972
4713
4350
3196
3544
3611
3850
2821
3968
4726
4353
3404
3486
3611
3883
2851
3935
3483
4347
3159
3532
3673
3883
3538
3272
3468
3480
3474
3557
3648
3895
2851
3957
4710
4359
3193
3519
3639
3877
2842
3983
4726
4347
3178
3520
3641
3852
2812
3959
4726
4353
3272
3504
3630
3871
2808
3966
4713
4347
3199
3547
3608
3871
2794
3962
4713
4359
3303
3520
3614
3856
2796
3963
4716
4353
3333
3526
3608
3874
2781
3554
3406
4286
3471
3547
121342
3367
2829
3153
3031
2842
2772
3025
3657
3681
2827
3984
4723
4337
3178
3495
3635
3871
2830
3968
4720
4350
3174
3526
3626
3871
2842
3935
4716
4350
3196
3483
3617
3886
2848
3963
4719
4353
3159
3523
3611
3864
2836
3284
3480
3477
3474
3522
3669
3898
2949
4008
4707
4347
3321
3526
3660
3874
2784
3992
4713
4344
3196
3547
3608
3871
2823
3977
4719
4347
3230
3550
3618
3871
2827
3974
4719
4353
3388
3520
3657
3865
2796
3972
4726
4350
3178
3526
3651
3852
2790
3965
4723
4347
3398
3513
3632
3895
2842
3983
4716
4350
3209
3523
3657
3865
2809
3984
4716
4353
3226
3504
3617
3886
2821
4005
4716
4350
3160
3547
3636
3896
2790
3975
4723
4350
3227
3505
3651
3858
2814
3925
4719
4344
3211
3504
3617
3871
2781
3978
3407
3923
3376
3508
3690
3873
2836
3996
4720
4347
3245
3514
3651
3868
2814
3978
4723
4350
3196
3544
3621
3862
2815
3981
4719
4350
3242
3492
3657
3874
2815
3978
4716
4356
3196
3523
3611
3895
2830
3978
4713
4362
3165
3504
3636
3886
2854
3975
4720
4366
3175
3547
3651
3868
2818
3929
4720
4356
3202
3520
3620
3880
2824
3926
4723
4359
3224
3486
3663
3843
2848
3923
4720
4347
3358
3501
3614
3856
2824
3984
4726
4353
3236
3517
3645
3883
2802
3978
4726
4353
3211
3504
3627
3865
2827
3968
4719
4353
3205
3525
3612
3877
2866
3974
4716
4356
3163
3513
3629
3867
2808
3993
4716
4347
3361
3532
3645
3864
2808
3926
4716
4353
3273
3501
3617
3892
2787
3968
4716
4341
3227
3517
3642
3883
2829
3926
4716
4347
3168
3483
3670
3855
2790
3972
4716
68583
3144
2897
3068
3590
3706
3352
3107
3700
4008
3248
3196
3510
3917
4268
2796
4353
3168
3523
3651
3862
2802
4005
4726
4347
3202
3520
3608
3868
2809
3971
4720
4353
3361
3520
3624
3883
2818
3981
4713
4353
3251
3547
3611
3865
2806
4015
4726
4347
3221
3508
3660
3865
2817
3996
4719
4353
3190
3514
3651
3862
2753
3975
4726
4353
3187
3523
3657
3877
2809
4005
4716
4344
3264
3498
3608
3877
2802
3977
4716
4359
3233
3510
3645
3880
2815
4011
4713
4353
3254
3556
3617
3859
2812
3987
4713
4347
3379
3486
3608
3874
2842
3932
4716
4360
3206
3505
3657
3874
2821
3919
4719
4350
3150
3486
3638
3871
2836
3980
4716
4347
3178
3486
3605
3874
2836
3972
4716
4353
3180
3498
3605
3864
2796
3975
4716
4350
3165
3498
3608
3853
2799
3971
4726
4350
3510
3477
3501
2940
2784
3978
4726
4347
3236
3526
3654
3898
2814
3968
4741
4353
3178
3547
3693
3886
2885
3993
4716
4347
3211
3514
3654
3865
2781
3971
4713
4344
3160
3511
3679
3870
2854
3981
4723
4360
3181
3495
3624
3865
2857
3984
4726
4347
3386
3517
3611
3865
2820
3971
4716
4353
3410
3495
3633
3858
2873
3972
4723
4350
3187
3520
3614
3867
2851
3972
4716
4350
3208
3511
3679
3849
2781
3962
4720
4350
3358
3498
3624
3859
2778
3978
4713
4344
3160
3550
3620
3871
2809
3974
4726
4353
3187
3517
3611
3892
2842
3984
4716
4347
3217
3510
3614
3886
2803
3972
4716
4347
3233
3547
3621
3852
2806
3975
4716
4341
3223
3547
3617
3861
2866
3928
4723
4360
3218
3547
3614
3865
2802
3990
4723
4347
3248
3502
3663
3852
2839
4002
4716
4353
3297
3501
3645
3904
2860
3938
4713
4344
3233
3523
3620
3867
2839
3929
4723
4362
3141
3517
3645
3855
2790
3993
4723
4350
3236
3520
3608
3883
2814
3987
4716
4363
3141
3517
3657
3846
2778
3980
4716
4353
3193
3486
3608
3874
2830
3954
4726
4350
3266
3550
3621
3846
2805
4005
4723
4360
3141
3513
3645
3858
2817
3972
4716
4344
3214
3526
3618
3856
2802
3981
4716
4356
3160
3511
3605
3865
2873
3941
4726
4347
3386
3513
3642
3858
2808
3974
4722
4356
3169
3514
3620
3874
2811
3999
4719
4350
3212
3517
3620
3846
2762
3981
4716
4353
3217
3513
3642
3858
2812
3993
4716
4353
3248
3510
3614
3865
2817
3990
4716
4353
3263
3508
3633
3871
2806
3968
4719
4347
3153
3523
3645
3868
2836
3929
4716
4344
3364
3547
3645
3867
2824
4002
4716
4350
3156
3379
3502
3904
2860
3987
4713
4347
3193
3520
3642
3865
2833
3990
4723
4341
3163
3508
3642
3877
2836
3978
4716
4353
3193
3523
3621
3889
2869
3981
4723
4350
3199
3495
3617
3883
2823
3971
4716
4353
3226
3520
3648
3862
2842
3965
4716
4359
3376
3520
3651
3865
2812
4018
4720
4353
3181
3495
3654
3886
2882
3993
4726
4350
3178
3547
3614
3874
2815
3971
4713
4359
3217
3520
3645
3865
2854
3974
4716
4353
3147
3492
3617
3858
2808
3975
4716
4359
3245
3505
3648
3865
2888
3984
4723
4359
3296
3483
3641
3880
2842
3956
4713
4350
3211
3514
3608
3880
2815
3974
4716
4356
3175
3547
3608
3861
2814
4005
4719
4356
3187
3501
3633
3862
2836
3980
4716
4353
3352
3505
3648
3886
2858
3987
4723
4347
3141
3510
3621
3892
2848
3984
4719
4347
3410
3513
25285
3477
2848
4002
4714
4337
3376
3504
3605
3892
2812
3916
4716
4356
3361
3547
3630
3868
2827
4002
4716
4353
3184
3513
3645
3886
2833
3990
4719
4356
3138
3514
3605
3861
2812
3969
4713
4347
3163
3513
3626
3868
2805
3935
4716
4347
3163
3516
3630
3861
2836
3987
4720
4366
3205
3535
3614
3871
2799
3983
4723
4359
3208
3504
3654
3868
2781
3975
4726
4369
3218
3517
3623
3874
2857
3935
4726
4347
3349
3501
3633
3871
2811
3938
4716
4353
3389
3495
3636
3852
2823
3972
4737
4350
3345
3511
3675
3907
2836
3999
4713
4353
3184
3498
3657
3852
2857
3984
4720
4359
3233
3507
3648
3871
2826
3974
4723
4350
3233
3507
3605
3886
2796
3931
4716
4353
3245
3523
3657
3868
2821
3978
4720
4353
3187
3554
3632
3871
2821
3980
4716
4350
3221
3520
3608
3517
3474
3455
3493
3553
3480
3470
3721
3911
2839
4042
4707
4417
3162
3504
3627
3865
2818
3938
4722
4353
3224
3544
3605
3864
2775
3984
4723
4350
3224
3514
3630
3874
2821
3981
4716
4350
3214
3501
3624
3864
2799
3974
4713
4353
3163
3520
3642
3871
2827
3981
4719
4353
3376
3513
3621
3874
2808
3984
4713
4353
3178
3526
3642
3868
2800
3911
4716
4356
3177
3508
3614
3874
2836
3926
4719
4359
3217
3483
3657
3846
2842
3984
4716
4353
3190
3526
3635
3865
2867
3977
4726
4350
3404
3517
3623
3862
2805
3990
4719
4341
3364
3554
3615
3868
2852
3978
4719
4353
3174
3516
3635
3864
2808
3944
4713
4347
3226
3504
3627
3861
2802
3938
4716
4350
3392
3513
3645
3880
2811
3984
4713
4350
3242
3505
3623
3867
2811
3944
4716
4350
3196
3514
3651
3883
4240
3502
3486
4417
3215
3505
3644
3889
2805
4015
4720
4337
3190
3507
3636
3868
2812
3935
4723
4353
3303
3492
3654
3877
2851
3978
4719
4356
3376
3516
3627
3886
2836
3981
4722
4337
3150
3504
3630
3880
2809
3978
4716
4350
3181
3508
3648
3868
2787
3978
4719
4344
3220
3507
3630
3880
2784
3977
4713
4350
3148
3514
3611
3865
2808
3984
4719
4347
3364
3492
3618
3856
2797
4002
4713
4350
3315
3501
3654
3886
2830
3978
4726
4350
3178
3507
3627
3865
2842
3989
4716
4347
3223
3520
3608
3877
2809
3914
4716
4353
3385
3511
3657
3868
2787
3977
4719
4353
3159
3517
3654
3862
2820
3977
4716
4350
3208
3523
3602
3880
2805
4002
4723
4353
3221
3483
3651
3898
2796
3968
4713
4347
3141
3510
3608
3883
2861
3984
4719
4347
3367
3498
3639
3864
3535
3810
3666
3495
3480
3511
3788
4720
3709
3467
3477
4353
3220
3517
3522
3486
3468
4005
3467
3483
3464
3455
4261
4610
3480
3462
3471
4179
3672
3458
3468
3455
3361
3334
3465
3465
3474
3578
3474
3465
3452
3455
3474
3693
3525
3452
3462
3465
3712
3691
3461
3474
3474
3437
2744
3178
3474
3474
3461
3871
3560
3464
3455
3464
3969
4716
3492
3467
3455
3944
3913
3468
3461
3474
3458
3229
3474
3459
3474
3468
3550
3471
3468
3474
3471
3565
3581
3852
2839
3926
4723
4360
3348
3523
3627
3889
2793
3975
4716
4350
3312
3513
3623
3858
2854
3959
4723
4350
3227
3544
3630
3858
2781
3969
4716
4344
3226
3513
3633
3855
2830
3965
4726
4350
3315
3550
3633
3865
2848
3935
4716
4356
3202
3508
3611
3557
3477
3489
3550
3453
3486
3483
3728
3889
2842
3342
4719
4363
3330
3520
3666
3880
2802
3990
4719
4350
3233
3550
3639
3855
2802
3975
4723
4353
3230
3502
3623
3864
2778
3990
4689
4347
3153
3514
3691
3898
2833
3974
4719
4350
3211
3550
3608
3849
2842
3971
4713
4350
3193
3505
3611
3861
2787
3981
4720
4353
3245
3517
3654
3861
2821
3999
4719
4350
3166
3498
3627
3868
2811
3987
4713
4353
3224
3517
3615
3849
2814
3971
4716
4350
3181
3529
3645
3867
2803
3926
4723
4360
3172
3526
3605
3868
2836
3938
4716
4353
3202
3532
3651
3895
2760
3993
4716
4347
3236
3547
3608
3865
2824
4002
4716
4356
3141
3514
3663
3877
2818
4005
4719
4356
3211
3516
3602
3855
2805
3922
4716
4362
3333
3523
3608
3883
2842
4002
4723
4356
3382
3501
3614
3868
2799
3944
4723
4353
3287
3523
3663
3858
2805
3932
4256
4566
4282
3162
3736
3898
2814
4008
4726
4347
3233
3502
3608
3849
2827
3987
4716
4353
3196
3523
3645
3871
2757
3999
4716
4350
3239
3505
3617
3877
2879
3962
4716
4359
3151
3520
3624
3864
2796
3965
4716
4350
3193
3498
3614
3865
2866
3971
4716
4347
3168
3526
3626
3865
2821
3978
4723
4344
3215
3526
3636
3864
2821
3984
4716
4350
3206
3510
3657
3880
2821
3978
4716
4350
3239
3505
3614
3865
2809
3968
4726
4350
3214
3501
3657
3873
2766
3965
4729
4353
3206
3517
3599
3862
2824
4002
4723
4353
3212
3502
3621
3868
2824
3996
4716
4347
3212
3517
3654
3846
2814
3975
4716
4362
3141
3517
3605
3883
2842
3990
4722
4353
3361
3510
3620
3880
2851
3987
4723
4359
3221
3520
3629
3865
2808
3971
4723
4360
3178
3492
3633
3868
2829
3993
4720
3504
3557
3480
3709
3855
2839
3969
4720
4347
3330
3547
3605
3856
2802
3984
4716
4350
3227
3511
3651
3880
2809
3984
4723
4356
3355
3532
3611
3871
2812
3987
4723
4353
3248
3523
3602
3867
2796
3999
4720
4356
3153
3550
3636
3870
2811
3971
4723
4353
3370
3529
3648
3883
2836
4002
4716
4350
3181
3480
3673
3840
2812
3999
4723
4353
3181
3550
3611
3858
2824
3999
4716
4353
3300
3514
3632
3874
2817
4002
4716
4350
3202
3480
3614
3877
2796
3975
4722
4347
3230
3501
3627
3880
2806
3987
4726
4350
3226
3510
3630
3859
2781
3929
4716
4359
3232
3505
3608
3852
2787
3975
4713
4344
3178
3516
3651
3871
2860
3935
4719
4340
3297
3486
3609
3877
2860
3993
4716
4353
3400
3517
3632
3889
2827
3999
4723
4353
3260
3474
3657
3843
2848
3962
4719
3917
3492
3523
3630
3877
2855
3962
4716
4344
3419
3513
3642
3858
2833
3965
4726
4350
3175
3516
3667
3871
2817
3984
4723
4344
3230
3498
3623
3877
2866
3974
4716
4347
3169
3526
3617
3858
2808
3984
4719
4356
3199
3532
3651
3871
2848
3968
4726
4347
3220
3513
3614
3858
2866
3974
4713
4350
3205
3517
3599
3889
2836
3984
4720
4350
3199
3517
3620
3868
2894
3993
4716
4350
3379
3526
3611
3892
2814
3987
4723
4344
3171
3516
3636
3859
2772
3938
4723
4344
3220
3504
3660
3871
2781
3938
4723
4341
3171
3504
3642
3858
2805
3978
3516
4335
3205
3511
3657
3886
2888
4005
4716
4344
3205
3523
3608
3880
2830
3977
4716
4353
3263
3550
3624
3858
2866
3929
4719
4356
3230
3523
3602
3870
2802
3981
4719
4347
3202
3501
3660
3874
2796
3987
4716
4347
3364
3499
3639
3883
2857
3981
4716
4405
3379
3504
3633
3871
2827
3990
4723
4347
3214
3501
3657
3852
2775
3981
4716
4347
3187
3547
3657
3858
2839
3975
4719
4347
3217
3504
3608
3868
2833
3965
4719
4350
3392
3550
3618
3864
2836
3980
4720
4347
3199
3520
3629
3877
2781
3987
4719
4341
3199
3511
3605
3883
2830
3990
4716
4344
3193
3523
3617
3868
2790
3975
4723
4347
3178
3544
3630
3846
2878
3987
4723
4347
3214
3513
3621
3877
2793
3986
4713
4341
3236
3513
3614
3852
2811
3932
4720
4353
3153
3501
3642
3855
2848
3910
4726
4350
3159
3505
3657
3859
2839
3981
4716
4347
3202
3517
3605
3883
2863
3972
4719
4350
3236
3517
3632
3874
2857
3975
4719
4350
3364
3508
3642
3849
2842
3974
4719
4347
3224
3520
3611
3858
2781
3941
4723
4344
3229
50955
3477
3490
2861
4017
4716
4341
3242
3519
3691
3867
2821
4002
4719
4341
3187
3526
3626
3880
2817
4002
4723
4363
3169
3523
3621
3877
2815
3938
4719
4350
3193
3526
3611
3883
2806
3974
4716
4353
3272
3523
3651
3859
2842
3977
4723
4353
3190
3510
3614
3874
2836
4002
4716
4353
3169
3486
3636
3861
2784
3981
4719
4353
3377
3505
3608
3877
2815
3926
4719
4353
3248
3498
3624
3868
2817
3978
4719
4350
3340
3513
3636
3871
2815
4002
4723
4353
3230
3490
3617
3892
2805
3971
4716
4344
3364
3498
3663
3886
2836
3947
4716
4350
3181
3526
3614
3883
2839
3978
4716
4347
3178
3523
3614
3864
2790
3984
4719
4350
3214
3486
3629
3865
2860
3990
4723
4341
3160
3504
3614
3858
2815
3931
4719
4347
3196
3483
3614
3880
2802
3932
4719
4350
3273
3483
3914
3663
3056
2848
2942
2702
2698
2766
2753
2723
2699
2826
2790
2744
2845
3517
3789
3675
4414
3630
3474
4161
3565
4063
3813
3791
3730
3798
3101
2738
4127
3227
3074
3147
3638
213880
2768
3376
4362
4716
4347
3223
3529
3694
3815
3398
2735
3819
4613
3617
4637
3859
4121
2750
3166
3505
3617
3873
3074
3987
4723
4356
3153
3504
3608
3867
2821
3956
4726
4353
3324
3517
3651
3867
2815
3972
4716
4359
3181
3505
3638
3862
2803
3929
4723
4344
3218
3477
3629
3868
2802
3962
4726
4350
3175
3516
3635
3855
2845
3965
4713
4350
3208
3498
3608
3865
2806
3971
4716
4341
3364
3498
3608
3911
2842
4005
4720
4334
3260
3516
3627
3883
2793
3981
4719
4350
3263
3492
3621
3877
2842
3953
4723
4350
3401
3498
3620
3883
2805
3932
4713
4347
3325
3553
3611
3159
2744
3984
4713
4344
3428
3544
3648
3864
2833
3971
4726
4347
3177
3523
3617
3871
2815
3981
4726
4353
3205
3507
3605
3868
2839
3929
4713
4344
3178
3517
3651
3865
2818
3975
4725
4344
3383
3517
3700
3874
2836
3959
4719
4337
3214
3526
3626
3883
2806
3968
4726
4350
3181
3520
3620
3883
2833
3965
4719
4353
3184
3513
3648
3858
2830
3966
4723
4340
3190
3467
3648
3855
2823
3975
4720
4347
3267
3516
3621
3865
2815
3956
4723
4341
3236
3492
3617
3871
2811
3956
4726
4353
3324
3502
3639
3877
2836
3971
4719
4347
3221
3513
3623
3868
2821
3968
4716
4341
3388
3526
3617
3865
2812
3981
4719
4344
3239
3492
3626
3871
2818
3966
4719
4341
3221
3526
3614
3862
2806
3913
4723
4347
3178
3508
3636
3874
2848
3917
4723
4353
3172
3544
3623
3388
2775
3996
4710
4344
3394
3529
3654
3883
2824
3969
4726
4344
3159
3523
3626
3883
2824
3956
4713
4350
3245
3520
3614
3889
2815
3962
4723
4353
3331
3498
3624
3859
2806
3956
4716
4347
3224
3517
3608
3886
2811
3969
4723
4347
3172
3520
3620
3862
2830
3987
4720
4353
3211
3306
3495
3483
3501
3941
4716
4344
3226
3529
3676
3898
2842
3983
4720
4353
3232
3511
3611
3880
2869
3947
4716
4353
3224
3504
3626
3871
2848
3929
4716
4347
3196
3520
3620
3886
2812
3950
4713
4341
3206
3520
3626
3868
2820
3928
4726
4344
3202
3495
3623
3874
2802
3938
4924
4362
3196
3523
3611
3868
2842
3975
4716
100581
2744
3001
3480
3474
3471
4002
4720
4405
3251
3538
3712
3898
2830
3972
4720
4350
3199
3498
3624
3843
2796
3917
4723
4350
3284
3486
3621
3868
3505
2879
2918
4127
3196
3541
3678
3874
2854
3975
4719
4350
3334
3553
3624
3880
2808
3987
4716
4359
3174
3513
3645
3858
2848
3987
4723
4350
3221
3514
3654
3871
2827
3974
4716
4353
3163
3501
3617
3865
2805
3901
4720
4353
3184
3514
3645
3874
2815
3935
4716
4353
3266
3504
3648
3877
2802
3984
4713
4356
3190
3498
3614
3874
2888
3984
4713
4350
3251
3507
3624
3886
2832
3984
4713
4344
3175
3480
3605
3883
2845
3983
4713
4347
3312
3517
3626
3864
2833
3987
4726
4341
3269
3523
3614
3889
2818
3953
4719
4347
3168
3516
3627
3883
2809
3974
4723
4347
3220
3520
3629
3880
2839
3968
4713
4350
3187
3514
3627
3870
2790
3999
4723
4344
3260
3495
3645
3871
2854
3983
4719
4350
3150
3498
3654
3859
2802
4002
4723
4353
3324
3523
3611
3886
2805
4643
4228
4350
3171
3495
3642
3904
2854
3977
4716
4347
3391
3489
3611
3867
2802
3978
4723
4353
3373
3544
3624
3852
2802
3974
4726
4347
3181
3526
3633
3855
2818
3978
4726
4337
3376
3498
3614
3886
2861
4017
4716
4350
3233
3517
3614
3870
2851
3974
4716
4356
3193
3495
3617
3877
2833
3938
4726
4347
3221
3523
3617
3855
2809
3977
4713
4350
3288
3511
3660
3877
2851
4002
4723
4344
3364
3480
3630
3861
2882
4005
4723
4347
3254
3501
3617
3874
2848
3987
4716
4350
3171
3520
3645
3874
2815
3978
4713
4350
3233
3520
3654
3880
2824
3984
4713
4347
3355
3498
3670
3877
2821
3919
4741
4347
3202
3520
3700
3877
2842
4005
4723
4350
3162
3523
3614
3852
2815
3972
4720
4347
3367
3535
3636
3852
2839
3962
4726
4353
3217
3508
3614
3873
2852
3965
3532
4386
3270
3516
3679
3877
2906
4005
4716
4356
3230
3526
3614
3868
2827
3962
4716
4347
3187
3492
3654
3849
2817
4011
4723
4353
3379
3516
3639
3880
2796
3932
4716
4353
3248
3507
3639
3877
2802
3969
4723
4347
3150
3547
3639
3877
2860
3983
4723
4344
3220
3514
3617
3880
2799
3978
4723
4353
3166
3504
3630
3858
2821
3968
4723
4353
3376
3483
3611
3849
2808
4005
4716
4350
3160
3501
3615
3858
2811
4005
4716
4350
3224
3490
3663
3871
2842
3987
4723
4356
3199
3498
3636
3858
2802
3999
4723
4369
3266
3508
3620
3868
2866
3984
4716
4344
3370
3505
3642
3868
2879
3971
4720
4356
3413
3547
3618
3874
2839
3999
4716
4353
3178
3477
3621
3883
2876
3971
4716
4353
3236
3505
3654
3858
2805
3987
4719
4350
3364
3554
3609
3877
2833
3984
3510
3617
3230
3319
3053
3212
3330
3108
3105
3810
4042
3004
3223
3651
3632
4716
3840
4390
3181
3498
3611
3883
2802
3971
4716
4353
3196
3505
3624
3880
2839
3984
4726
4344
3187
3519
3617
3864
2836
3965
4713
4350
3364
3492
3605
3871
2836
3977
4716
4347
3382
3510
3642
3883
2824
3987
4726
4350
3273
3504
3624
3865
2793
3925
4716
4347
3199
3520
3614
3868
2836
3978
4716
4347
3248
3510
3627
3877
2820
3987
4723
4344
3205
3520
3611
3852
2854
3981
4719
4344
3263
3516
3670
3858
2815
3977
4716
4353
3159
3495
3627
3871
2830
3999
4716
4359
3141
3514
3626
3865
2820
3975
4713
4353
3217
3514
3615
3861
2830
3981
4722
4344
3190
3517
3608
3880
2796
3983
4716
4356
3376
3547
3608
3865
2851
4005
4716
4347
3141
3517
3664
3849
2839
3974
4720
3516
3504
3581
3620
3904
2851
3972
4719
4344
3193
3526
3611
3855
2821
3984
4729
4353
3165
3495
3636
3889
2824
3983
4716
4347
3230
3514
3651
3859
2814
3974
4726
4347
3181
3507
3654
3846
2845
3987
4716
4353
3211
3510
3630
3899
2817
3971
4726
4350
3327
3544
3651
3889
2805
3990
4719
4344
3193
3519
3612
3874
2802
3968
4726
4353
3157
3529
3626
3874
2845
4002
4720
4353
3184
3505
3623
3855
2817
3929
4716
4353
3245
3528
3651
3859
2842
4002
4716
4350
3224
3474
3614
3871
2855
3974
4716
4344
3181
3526
3620
3855
2812
3910
4723
4347
3379
3529
3641
3861
2839
3999
4723
4359
3221
3523
3651
3865
2784
3971
4726
4356
3407
3523
3648
3868
2793
4012
4726
4356
3288
3553
3608
3877
2833
3968
4716
4350
3263
3526
3624
3871
2815
3990
4716
4344
3486
3480
3651
3895
2830
3971
4729
4417
3270
3511
3614
3868
2827
3987
4719
4350
3385
3520
3617
3864
2830
3966
4716
4359
3175
3505
3624
3861
2851
3984
4723
4353
3202
3520
3596
3868
2805
3926
4723
4344
3175
3520
3636
3871
2836
3981
4738
4360
3181
3544
3670
3876
2824
3968
4719
4353
3379
3517
3657
3868
2799
3984
4716
4347
3165
3520
3602
3877
2787
3990
4719
4347
3293
3517
3648
3865
2787
3977
4719
4350
3379
3514
3605
3861
2827
3974
4716
4353
3172
3490
3638
3883
2823
3901
4719
4353
3214
3483
3621
3868
2806
3974
4716
4347
3388
3510
3611
3865
2793
3999
4726
4353
3391
3516
3648
3865
2836
4011
4719
4356
3443
3520
3636
3865
2815
3983
4716
4359
3159
3516
3620
3871
2805
3984
4716
4359
3388
3547
3636
3908
2814
3923
4716
4353
3248
3672
3526
3901
2802
3987
4710
4356
3238
3501
3654
3871
2848
3990
4723
4350
3163
3553
3644
3862
2839
3974
4716
4350
3196
3510
3605
3852
2842
3935
4719
4350
3276
3523
3614
3871
2809
3978
4723
4347
3206
3513
3618
3856
2830
3932
4723
4363
3172
3529
3626
3868
2814
3981
4720
4344
3208
3553
3620
3865
2796
3929
4713
4347
3196
3526
3605
3864
2799
3971
4716
4347
3385
3520
3611
3905
2848
3910
4723
4350
3419
3520
3602
3861
2830
3984
4716
4344
3178
3523
3651
3868
2845
4005
4716
4350
3165
3489
3648
3864
2799
3971
4716
4356
3220
3517
3514
3480
3544
3624
3474
3480
3480
3477
3868
3541
3474
3471
3480
3116
2744
3343
3474
3468
3474
3965
3477
3474
3458
3467
4335
4545
3493
3461
3477
4185
3688
3471
3474
3477
3315
3343
3459
3468
3474
3581
3471
3464
3483
3477
3474
3618
3544
3477
3480
3468
3681
3703
3458
3467
3468
3431
2732
2982
3477
3477
3480
3788
3651
3496
3465
3455
3791
4716
3682
4368
3190
3532
3608
3858
2787
3962
4723
4347
3199
3529
3618
3862
2851
3950
4719
4350
3275
3480
3617
3892
2818
3990
4716
4341
3227
3550
3627
3852
2787
3968
4726
4341
3214
3513
3624
3868
2860
3968
4713
4350
3172
3547
3630
3856
2800
3965
4719
4350
119636
4723
4069
3477
3496
3577
4255
3465
3196
3532
3654
3898
2803
3968
4723
4350
3144
3501
3623
3905
2888
3981
4713
4350
3178
3523
3611
3858
2821
4002
4723
4341
3196
3520
3608
3864
2802
3987
4723
4353
3248
3513
3621
3895
2815
4017
4719
4347
3156
3544
3639
3874
2790
3984
4726
4344
3169
3483
3615
3864
2854
3919
4719
4350
3251
3519
3321
3920
3260
2744
4713
4344
3385
3535
3642
3868
2811
3953
4716
4356
3221
3523
3614
3868
2800
4002
4723
4350
3242
3547
3611
3861
2796
3999
4719
4350
3184
3519
3633
3877
2839
3959
4726
4353
3236
3510
3617
3874
2839
3916
4723
4353
3178
3495
3605
3877
2796
3987
4719
4341
3199
3505
3617
3880
2848
4005
4726
4350
3196
3510
3645
3864
2821
3984
4716
4350
3278
3520
3621
3868
2848
3987
4719
4350
3367
3526
3651
3859
2760
3977
4719
4353
3263
3501
3608
3874
2854
3984
4719
4353
3214
3520
3641
3871
2817
4008
4723
4360
3214
3516
3648
3886
2806
3987
4723
4347
3178
3544
3651
3874
2781
3990
4713
4347
3168
3523
3657
3858
2814
4002
4737
4347
3242
3529
3691
3883
2778
3996
4716
4350
3178
3523
3614
3880
2805
4008
4716
4350
3165
3505
3608
25581
3349
4008
4720
4411
3162
3513
3642
3868
2812
3919
4726
4344
3269
3526
3629
3883
2861
3965
4723
4350
3425
3501
3654
3868
2854
3974
4723
4347
3199
3526
3635
3862
2808
3972
4716
4350
3227
3520
3663
3862
2799
3968
4713
4350
3211
3523
3638
3883
2839
3981
4716
4344
3178
3523
3621
3862
2851
3978
4716
4347
3221
3490
3620
3862
2851
3977
4723
4350
3276
3529
3660
3846
2821
3984
4716
4350
3187
3529
3620
3864
2857
3980
4723
4353
3236
3501
3624
3852
2851
3974
4719
4341
3236
3520
3663
3867
2824
3981
4716
4344
3169
3516
3602
3865
2861
3971
4719
4350
3196
3516
3624
3852
2839
3966
4723
4350
3218
3514
3648
3862
2845
3990
4723
4347
3190
3498
3602
3862
2858
4005
4719
4347
3221
3550
3618
3861
2802
3919
4719
4341
3181
3505
3626
3874
3489
3974
4713
4347
3419
3529
3672
3901
2793
3968
4716
4347
3355
3526
3611
3852
2854
3947
4716
4350
3224
3501
3645
3852
2860
3925
4713
4350
3212
3520
3608
3861
2851
3981
4716
4353
3211
3559
3632
3883
2867
3971
4726
4340
3245
3495
3608
3862
2796
3935
4723
4344
3260
3523
3605
3865
2845
3999
4716
4350
3291
3523
3608
3861
2845
3984
4713
4338
3383
3547
3642
3862
2821
3965
4719
4350
3187
3526
3602
3871
2799
3965
4719
4350
3230
3495
3651
3858
2824
3938
4719
4350
3388
3523
3648
3859
2781
3974
4716
4347
3160
3510
3615
3868
2869
3916
4723
4347
3376
3517
3614
3864
2821
3971
4719
4353
3324
3556
3611
3859
2806
3971
4713
4350
3230
3493
3660
3862
2818
3981
4723
4347
3236
3514
3635
3874
2808
3935
4716
4347
3300
3510
3660
3861
2802
3498
4716
4350
3175
3541
3666
3877
2781
3984
4719
4353
3248
3483
3648
3861
2848
3978
4716
4347
3236
3510
3614
3855
2854
3990
4726
4350
3291
3480
3621
3852
2818
3977
4719
4353
3162
3529
3614
3877
2854
3971
4716
4353
3233
3477
3614
3877
2842
3919
4719
4353
3303
3523
3617
3861
2848
3975
4719
4347
3150
3547
3626
3859
2830
3993
4719
4356
3229
3498
3624
3871
2857
3926
4723
4353
3236
3520
3657
3861
2793
3971
4719
4353
3224
3520
3614
3852
2799
3987
4716
4353
3221
3547
3654
3883
2866
3981
4719
4350
3181
3547
3614
3871
2860
3922
4723
4362
3391
3520
3615
3902
2854
3975
4713
4362
3205
3554
3608
3862
2848
3981
4726
4347
3229
3508
3620
3858
2806
3981
4713
4347
3199
3505
3617
3880
2800
3971
4720
4360
3227
3510
3624
3871
2827
3355
2784
2940
3498
3480
3498
3770
3703
3483
4713
4347
3361
3507
3694
3898
2796
3968
4716
4347
3397
3508
3638
3852
2787
3990
4713
4350
3327
3505
3614
3868
2812
3978
4723
4340
3172
3495
3621
3865
2830
3929
4726
4350
3187
3480
3608
3874
2815
3971
4726
4341
3389
3532
3639
3864
2802
4002
4744
4350
3398
3514
3663
3901
2808
3987
4713
4347
3196
3523
3617
3889
2860
3981
4726
4350
3224
3523
3663
3862
2806
3968
4713
4344
3184
3526
3660
3858
2778
3978
4716
4353
3190
3480
3615
3896
2854
3971
4719
4350
3199
3507
3611
3855
2882
3981
4719
4350
3171
3495
3632
3861
2815
4005
4719
4347
3229
3513
3621
3877
2830
3968
4719
4353
3288
3550
3614
3855
2766
3962
4726
4350
3171
3520
3670
3858
2851
3968
4723
4350
3236
3523
3608
3852
2799
3929
46751
3629
3626
4039
4311
3758
4433
3599
3550
4142
3452
3422
3636
3861
2805
3969
4716
4372
3395
3547
3608
3868
2827
3977
4723
4350
3169
3547
3618
3874
2817
4005
4716
4350
3190
3517
3611
3871
2851
3999
4713
4353
3156
3508
3624
3855
2842
3968
4716
4353
3276
3483
3611
3899
2842
3984
4720
4340
3260
3550
3608
3874
2848
3977
4723
4359
3159
3507
3618
3862
2824
3990
4729
4356
3208
3516
3670
3843
2750
3983
4716
4353
3218
3554
3645
3862
2811
3971
4716
4347
3168
3480
3605
3877
2839
3971
4716
4350
3202
3513
3599
3886
2818
3981
4719
4353
3199
3495
3654
3862
2802
3932
4719
4350
3272
3544
3621
3859
2803
3984
4719
4347
3224
3517
3609
3868
2864
3984
4723
4347
3214
3507
3615
3859
2778
3916
4716
4347
3361
3532
3648
3871
2802
3975
4719
3217
3486
3516
3679
3898
2863
4005
4720
4344
3272
3538
3654
3862
2815
3983
4719
4350
3266
3547
3648
3868
2832
3978
4713
4347
3279
3547
3615
3871
2830
3971
4723
4350
3199
3496
3611
3858
2802
3987
4713
4347
3373
3495
3624
3855
2836
3935
4719
4350
3367
3511
3617
3862
2806
3971
4726
4347
3144
3504
3614
3852
2815
3987
4713
4347
3178
3508
3614
3849
2799
4002
4723
4338
3200
3489
3626
3874
2799
4014
4716
4350
3196
3510
3621
3877
2820
3916
4723
4350
3184
3519
3618
3868
2809
3971
4716
4353
3214
3523
3645
3868
2833
3987
4716
4353
3172
3489
3636
3856
2882
3977
4723
4360
3153
3498
3614
3856
2812
3984
4726
4356
3221
3486
3636
3852
2805
3975
4719
4350
3245
3510
3654
3868
2808
4017
4716
4353
3178
3486
3614
3865
2799
3968
4713
4264
3504
3532
3676
3892
2800
3996
4723
4350
3227
3510
3617
3898
2784
3996
4726
4350
3428
3526
3651
3880
2860
3990
4719
4350
3147
3526
3621
3862
2820
3919
4716
4347
3162
3526
3611
3880
2891
3971
4726
4347
3169
3514
3657
3864
2799
3971
4719
4353
3166
3523
3614
3868
2808
4002
4726
4350
3199
3498
3624
3861
2784
3968
4719
4347
3217
3513
3663
3855
2821
3987
4716
4344
3294
3516
3621
3877
2808
3975
4716
4347
3220
3511
3608
3874
2811
3983
4713
4350
3239
3520
3602
3873
2851
3987
4716
4347
3178
3529
3654
3862
2820
3926
4723
4337
3193
3516
3605
3861
2829
3981
4720
4350
3236
3517
3614
3874
2824
3981
4719
4353
3230
3470
3611
3865
2845
3981
4723
4353
3239
3547
3648
3862
2870
3929
4744
4350
3150
3511
3694
3911
2817
3990
4723
4353
3617
3492
2735
3071
3480
3989
4713
4344
3346
3520
3697
3889
2808
3986
4716
4347
3178
3526
3623
3858
2867
3999
4716
4347
3242
3523
3660
3862
2861
4002
4716
4344
3193
3507
3648
3865
2869
3968
4723
4347
3242
3516
3644
3880
2823
4002
4716
4340
3321
3504
3648
3865
2784
3984
4713
4347
3202
3480
3614
3889
2775
4002
4723
4353
3206
3526
3645
3864
2854
3929
4716
4347
3157
3498
3624
3849
2812
3962
4716
4353
3153
3507
3630
3871
2814
3935
4719
4350
3300
3520
3608
3864
2784
3935
4719
4350
3226
3513
3663
3877
2839
3974
4716
4347
3281
3526
3614
3880
2818
3987
4723
4350
3196
3526
3660
3874
2858
3922
4716
4344
3221
3517
3608
3861
2805
3965
4716
4350
3199
3550
3605
3859
2854
3999
4723
4347
3205
3513
3608
3867
2805
3932
4726
4347
3190
3519
3602
3874
2845
4017
4710
4347
3193
3502
3648
3870
2833
3947
4716
4350
3181
3523
3663
3858
2851
3975
4719
4344
3233
3513
3614
3871
2805
3987
4716
4347
3220
3513
3654
3901
2799
3981
4726
4344
3251
3502
3617
3865
2836
3980
4726
4347
3227
3501
3608
3861
2891
3968
4713
4347
3156
3523
3641
3865
2827
3984
4723
4347
3199
3526
3651
3862
2826
3992
4723
4341
3254
3544
3599
3855
2805
3905
4716
4353
3278
3520
3618
3874
2812
3974
4726
4350
3229
3516
3614
3868
2766
3977
4726
4347
3257
3514
3618
3862
2845
3910
4726
4360
3163
3523
3617
3871
2839
4002
4716
4353
3181
3550
3633
3858
2799
3978
4719
4344
3230
3501
3608
3880
2860
3978
4713
4344
3364
3498
3608
3868
2829
3975
4720
4350
3208
3501
3615
3852
2836
4002
4719
4347
3266
3495
3855
3580
2866
4024
4713
4344
3202
3519
3612
3864
2824
3978
4720
4344
3218
3507
3614
3865
2797
3925
4716
4338
3236
3513
3648
3865
2753
3959
4716
4350
3150
3508
3654
3849
2827
3974
4719
4347
3178
3526
3641
3868
2775
3938
4716
4350
3196
3513
3618
3855
2833
3990
4716
4344
3184
3513
3605
3868
2854
3938
4716
4350
3180
3520
3618
3877
2839
3978
4719
4347
3248
3517
3614
3858
2827
3925
4716
4347
3394
3517
3602
3865
2842
3926
4716
4350
3379
3526
3605
3874
2836
3999
4719
4347
3199
3517
3605
3865
2806
4002
4719
4347
3224
3517
3614
3865
2772
3972
4719
4350
3224
3520
3614
3849
2802
3935
4726
4350
3214
3523
3596
3868
2772
3935
4716
4353
3395
3501
3611
3886
2876
3929
4723
4347
3428
3510
3605
3889
2827
3987
4719
4356
3385
3547
3618
3517
2866
3983
4710
4356
3403
3517
3657
3861
2809
3929
4716
4350
3160
3498
3620
3877
2854
3926
4716
4344
3196
3483
3620
3871
2839
3917
4716
4350
3245
3544
3626
3889
2809
3965
4719
4347
3218
3501
3611
3871
2793
3971
4719
4344
3217
3547
3636
3874
2766
3965
4729
4360
3211
3508
3611
3874
2802
3974
4723
4347
3275
3526
3615
3859
2815
3999
4728
4350
3410
3520
3660
3898
2821
3980
4713
4344
3260
3547
3648
3870
2882
3999
4723
4347
3269
3495
3611
3855
2805
3935
4723
4347
3196
3507
3614
3883
2808
3980
4713
4340
3190
3510
3663
3877
2781
3935
4716
4350
3220
3508
3611
3880
2814
3932
4729
4344
3260
3544
3611
3874
2821
3984
4723
4347
3407
3513
3654
3877
2799
4005
4723
4350
3267
3517
3639
3867
2833
3919
4719
4353
3168
3498
3648
3742
3230
3773
4717
4350
3416
3532
3712
3870
2814
3978
4726
4347
3227
3523
3608
3868
2812
3923
4713
4347
3193
3520
3618
3868
2824
3971
4716
4353
3245
3550
3611
3853
2824
3990
4723
4337
3165
3523
3629
3886
2821
3984
4716
4353
3221
3516
3670
3858
2854
3974
4716
4353
3217
3523
3611
3861
2848
3925
4716
4350
3215
3520
3620
3874
2820
3987
4726
4350
3190
3526
3666
3865
2781
4002
4716
4353
3217
3483
3663
3855
2818
3993
4713
4334
3294
3514
3630
3862
2836
3990
4719
4359
3257
3513
3602
3846
2814
3919
4726
4334
3208
3517
3608
3858
2830
3987
4713
4353
3227
3514
3657
3852
2845
3978
4716
4353
3224
3523
3614
3861
2796
3983
4726
4353
3266
3550
3645
3858
2845
3969
4726
4344
3221
3517
3605
3865
2857
3993
4716
4350
3383
3523
3605
3867
3266
3788
4720
4341
3336
3541
3666
3895
2839
3981
4723
4341
3199
3517
3620
3880
2848
3999
4723
4350
3251
3507
3670
3861
2796
3981
4719
4347
3404
3520
3644
3858
2817
3996
4716
4350
3239
3508
3617
3880
2818
3974
4719
4350
3236
3520
3617
3868
2870
4008
4723
4344
3214
3510
3654
3862
2814
3977
4723
4350
3227
3498
3630
3859
2854
3981
4719
4347
3181
3498
3663
3892
2872
3977
4716
4337
3177
3526
3654
3862
2797
4011
4719
4347
3169
3486
3620
3862
2839
3978
4716
4350
3236
3520
3614
3855
2848
3974
4716
4353
3230
3498
3657
3862
2790
3968
4716
4347
3171
3486
3614
3868
2821
3926
4713
4347
3187
3520
3614
3877
2787
3919
4723
4353
3227
3550
3618
3886
2842
3984
4716
4347
3178
3516
3624
3865
2827
3999
4726
4337
3233
3523
3614
3877
2784
4725
3618
4344
3215
3516
3660
3874
2827
3974
4723
4353
3169
3513
3627
3868
2820
3916
4713
4353
3211
3498
3630
3871
2823
3959
4716
4359
3227
3480
3626
3880
2815
3990
4716
4353
3157
3505
3657
3877
2827
3981
4716
4356
3340
3516
3636
3868
2803
3926
4716
4347
3269
3523
3611
3858
2857
3975
4720
4347
3193
3517
3672
3871
2809
3935
4716
4347
3184
3483
3614
3868
2857
3999
4716
4350
3211
3547
3636
3870
2857
3993
4723
4356
3270
3554
3618
3877
2845
3987
4719
4347
3230
3501
3657
3862
2805
3984
4720
4360
3345
3511
3657
3880
2864
3978
4713
4371
3230
3477
3608
3877
2781
3999
4723
4366
3355
3502
3614
3868
2851
3987
4716
4347
3215
3553
3648
3868
2796
3962
4716
4353
3184
3505
3614
3871
2839
3971
4723
4353
3147
3556
3621
3867
2808
3971
3517
3477
3330
3535
3654
3892
2851
3999
4719
4350
3413
3523
3611
3880
2891
3932
4716
4353
3266
3498
3623
3874
2827
3959
4716
4353
3163
3510
3615
3855
2839
4002
4716
4353
3181
3517
3608
3895
2830
3965
4710
4353
3395
3550
3605
3865
2769
3983
4726
4344
3174
3523
3645
3804
3486
3468
3474
3431
2738
3052
3467
3477
3467
4014
4719
4353
3157
3551
3654
3862
2848
3977
4719
4353
3181
3516
3639
3895
2814
4011
4716
4350
3355
3486
3618
3849
2778
3920
4716
4359
3209
3544
3660
3883
2830
3971
4723
4353
3266
3517
3605
3886
2784
3938
4713
4350
3184
3514
3654
3865
2817
3931
4716
4356
3147
3513
3617
3871
2842
4002
4726
4347
3270
3522
3639
3877
2830
3977
4713
4353
3315
3504
3654
3871
2750
4008
4716
4350
3205
3535
3611
3865
2811
3984
4103
3895
3379
3495
3669
3880
2812
3977
4716
4356
3184
3508
3629
3862
2811
3978
4713
4359
3376
3513
3645
3886
2814
3926
4720
4353
3177
3495
3615
3865
2802
3925
4726
4350
3165
3526
3608
3874
2805
3990
4716
4353
3248
3510
3639
3886
2808
3968
4716
4365
3187
3563
3608
3867
2802
3944
4719
4353
3224
3513
3657
3865
2799
3993
4716
4350
3175
3510
3654
3877
2814
3981
4713
4347
3181
3514
3623
3883
2854
3971
4713
4362
3401
3547
3608
3865
2842
3977
4716
4350
3248
3544
3614
3852
2805
3920
4716
4344
3367
3501
3636
3865
2790
3975
4719
4350
3175
3523
3642
3868
2830
3932
4726
4347
3205
3507
3642
3864
2824
3978
4723
4350
3385
3520
3638
3877
2775
3974
4716
4350
3175
3516
3618
3868
2802
4017
4726
4353
3209
3513
3618
3858
2842
3977
4719
3404
3495
3508
3685
3899
2790
3965
4717
4405
3428
3504
3632
3877
2873
3978
4716
4417
3270
3520
3663
3865
2881
3938
4719
4424
3178
3519
3624
3874
2845
3977
4723
4408
3263
3523
3614
3859
2818
3935
4723
4421
3184
3517
3623
3861
2790
3978
4723
4411
3184
3513
3614
3868
2821
3938
4723
4414
3177
3502
3654
3868
2827
3987
4713
4408
3171
3520
3602
3871
2815
3919
4723
4399
3395
3501
3651
3868
2784
3944
4713
4408
3178
3520
3614
3871
2797
3975
4713
4408
3278
3513
3630
3868
2815
3975
4719
4414
3202
3517
3608
3871
2793
3974
4719
4414
3273
3556
3618
3849
2829
3974
4726
4408
3156
3557
3651
3865
2823
3984
4716
4411
3281
3520
3621
3871
2833
3981
4713
4417
3181
3547
3608
3877
2876
3981
4710
4408
3163
3510
3614
3871
2808
3916
4719
4411
24229
3468
3645
3871
2772
3956
4710
4344
3187
3477
3657
3874
2845
3929
4713
4353
3184
3519
3657
3849
2839
3981
4713
4350
3227
3517
3642
3855
2802
3980
4716
4341
3181
3513
3614
3858
2836
3978
4716
4344
3230
3504
3614
3861
2805
3981
4716
4344
3386
3516
3624
3899
2809
3981
4726
4350
3193
3526
3614
3880
2793
3984
4719
4350
3224
3517
3645
3858
2818
3929
4716
4347
3236
3517
3617
3864
2854
3932
4740
4347
3181
3529
3633
3864
2812
3981
4716
4353
3391
3517
3654
3871
2830
3983
4716
4347
3239
3507
3614
3871
2778
3941
4716
4347
3196
3523
3611
3880
2793
3971
4716
4347
3236
3508
3614
3858
2830
3984
4723
4366
3187
3498
3599
3846
2836
3978
4726
4340
3200
3526
3624
3871
2818
3968
4720
4356
3370
3517
3654
3865
2848
3917
4716
4356
3312
3590
3620
3889
2823
4011
4716
4405
3251
3508
3630
3899
2848
3916
4716
4353
3178
3526
3602
3871
2824
3999
4719
4347
3221
3514
3614
3861
2824
3971
4716
4347
3184
3480
3624
3868
2818
3975
4716
4347
3209
3520
3663
3858
2800
3999
4716
4353
3324
3529
3633
3868
2809
3932
4726
4350
3221
3557
3654
3883
2799
3981
4716
4341
3413
3520
3612
3861
2876
3962
4723
4347
3218
3517
3608
3877
2848
3975
4719
4341
3178
3523
3608
3889
2812
3929
4726
4347
3217
3511
3615
3862
2772
3978
4716
4353
3199
3526
3608
3858
2790
3971
4723
4353
3172
3493
3651
3849
2836
4002
4723
4337
3165
3526
3608
3883
2876
3919
4716
4344
3178
3480
3660
3861
2842
3910
4713
4353
3214
3520
3636
3858
2766
3932
4723
4347
3248
3514
3608
3880
2808
3978
4723
4347
3153
3508
3504
3486
3471
3496
4075
4713
3477
3455
3483
4032
3862
3483
3480
3459
3394
3523
3706
3892
2848
3972
4719
4344
3208
3513
3633
3870
2808
3974
4719
4344
3230
3501
3632
3874
2778
3968
4713
4347
3178
3523
3663
3865
2879
3978
4719
4353
3184
3510
3657
3858
2803
3977
4716
4347
3230
3511
3654
3868
2845
3993
4716
4347
3181
3526
3660
3865
2876
3978
4713
4350
3364
3480
3611
3855
2793
3938
4723
4341
3212
3510
3618
3867
2811
3974
4719
4344
3230
3501
3602
3867
2855
3972
4719
4347
3282
3519
3608
3868
2805
3968
4726
4341
3181
3517
3614
3858
2851
3978
4726
4344
3156
3498
3648
3852
2811
3984
4719
4344
3272
3516
3660
3865
2845
3959
4716
4341
3364
3498
3641
3874
2839
3965
4716
4353
3303
3510
3614
3855
2830
3974
4726
4350
3239
3520
3526
3351
3651
3510
3273
4222
2839
3263
2876
2873
3050
2833
3455
3416
3358
4167
3483
4206
3599
4692
3874
4347
3416
3538
3648
3880
2836
3978
4719
4344
3254
3523
3614
3874
2821
3984
4723
4353
3175
3513
3654
3852
2851
3978
4713
4347
3184
3554
3626
3855
2812
3984
4719
4350
3163
3510
3651
3867
2833
3938
4716
4353
3230
3501
3657
3865
2809
3978
4723
4353
3364
3535
3614
3849
2781
3978
4716
4350
3224
3520
3626
3874
2814
3981
4720
4340
3178
3523
3614
3868
2829
3984
4719
4353
3407
3520
3614
3868
2802
3980
4723
4347
3385
3523
3611
3865
2799
3908
4723
4347
3166
3526
3614
3883
2812
3917
4723
4350
3276
3507
3627
3868
2812
4011
4723
4344
3165
3483
3608
3862
2857
3986
4723
4356
3288
3474
3645
3865
2823
3916
4716
4350
3196
3523
3615
3575
3434
3987
4720
4347
3196
3529
3648
3874
2817
3913
4765
4347
3178
3532
3657
3895
2885
3990
4719
4350
3190
3517
3608
3898
2848
3978
4723
4347
3395
3501
3624
3862
2808
3935
4723
4347
3230
3498
3611
3852
2808
3944
4719
4347
3181
3505
3651
3855
2830
3974
4719
4350
3379
3501
3617
3855
2803
3975
4719
4353
3172
3495
3605
3861
2802
3965
4723
4350
3379
3495
3618
3874
2823
3975
4719
4341
3221
3517
3642
3859
2812
3984
4716
4347
3276
3523
3614
3871
2799
3932
4713
4353
3239
3516
3657
3865
2818
3984
4719
4353
3208
3520
3629
3856
2842
4011
4726
4344
3217
3514
3615
3877
2815
3975
4723
4350
3221
3550
3614
3871
2848
4002
4716
4347
3208
3523
3614
3858
2802
3978
4716
4356
3196
3532
3651
3874
2808
3971
4716
4350
3169
3520
3612
3865
4014
3477
4723
4341
3257
3526
3657
3889
2882
3990
4716
4341
3315
3517
3654
3861
2818
3965
4723
4353
3220
3510
3614
3868
2827
3990
4719
4347
3187
3554
3623
3859
2812
3926
4726
4363
3202
3547
3608
3867
2805
4011
4716
4347
3217
3520
3648
3861
2824
3935
4726
4344
3157
3501
3651
3867
2793
3984
4723
4360
3400
3520
3617
3880
2833
3926
4719
4353
3224
3528
3615
3859
2864
3987
4716
4347
3208
3514
3608
3862
2802
3981
4719
4350
3199
3477
3648
3871
2848
3990
4716
4347
3193
3520
3615
3864
2830
4005
4726
4344
3236
3526
3611
3862
2799
3923
4719
4350
3215
3520
3663
3859
2802
3975
4716
4353
3364
3483
3617
3883
2845
3978
4716
4331
3364
3547
3608
3877
2839
3971
4719
4347
3410
3510
3654
3858
2790
3978
4719
4350
3224
3520
3615
3871
2818
4314
3550
3471
3379
3520
3706
3877
2864
3990
4719
4344
3404
3513
3648
3883
2820
3978
4723
4356
3300
3483
3626
3892
2824
3978
4716
4356
3211
3523
3663
3852
2778
4014
4716
4344
3407
3520
3599
3865
2842
3919
4726
4337
3242
3501
3660
3877
2809
3935
4726
4347
3166
3516
3651
3874
2836
3959
4723
4347
3312
3495
3651
3892
2852
3971
4719
4344
3321
3550
3608
3868
2784
3938
4716
4350
3254
3492
3611
3868
2802
3968
4716
4350
3236
3547
3612
3880
2827
3975
4716
4347
3233
3560
3639
3871
2815
3981
4723
4350
3260
3547
3614
3871
2815
3962
4723
4344
3181
3480
3611
3886
2787
3983
4723
4340
3325
3498
3608
3871
2815
3971
4713
4350
3276
3477
3614
3864
2839
3971
4722
4350
3220
3498
3612
3880
2836
3968
4716
4356
3147
3498
3630
3865
2827
3749
3602
3529
4298
4030
4753
4173
3461
4731
3840
4408
3236
3486
3611
3868
2793
4014
4723
4350
3171
3513
3605
3868
2806
3977
4716
4347
3211
3547
3636
3889
2824
3959
4719
4350
3373
3547
3605
3871
2799
3925
4713
4356
3239
3547
3608
3865
2826
3929
4719
4338
3175
3519
3612
3883
2845
3984
4716
4347
3236
3511
3642
3849
2848
3974
4713
4350
3233
3520
3608
3864
2808
3986
4720
4356
3300
3510
3621
3865
2805
3978
4716
4350
3190
3526
3663
3858
2824
4008
4728
4353
3318
3529
3690
3886
2806
4008
4716
4353
3187
3520
3599
3877
2817
4002
4716
4350
3181
3544
3621
3856
2830
3984
4716
4356
3328
3520
3614
3874
2809
3923
4722
4350
3159
3523
3605
3852
2854
4002
4716
4344
3386
3513
3614
3871
2778
3962
4716
4344
3190
3516
3615
3874
2830
3969
3355
3535
3175
3520
3672
3889
2800
4011
4726
4353
3163
3547
3670
3871
2803
3975
4719
4347
3367
3498
3621
3871
2793
3977
4713
4347
3229
3513
3645
3861
2784
3975
4716
4344
3196
3516
3618
3883
2781
3978
4719
4341
3172
3489
3663
3849
2851
3926
4716
4344
3218
3514
3617
3877
2817
3926
4722
4363
3279
3520
3611
3877
2876
3898
4719
4347
3171
3523
3608
3877
2809
3968
4716
4350
3361
3495
3614
3871
2894
3928
4716
4338
3407
3513
3611
3855
2830
3971
4719
4350
3157
3498
3623
3852
2772
3974
4719
4347
3410
3517
3608
3877
2830
3984
4716
4341
3386
3535
3608
3864
2815
3962
4713
4347
3385
3520
3624
3870
2830
3977
4726
4347
3212
3520
3667
3858
2811
3971
4723
4353
3257
3492
3608
3849
2781
3919
4716
4344
3287
3523
3614
3880
2803
3929
4726
3223
2928
3141
3450
2967
3050
3285
94955
2958
2979
4329221
3458
3480
3468
3501
3571
3474
3499
3452
3480
3480
3626
3526
3474
3483
3474
3733
3676
3483
3458
3474
3379
2772
3107
3477
3468
3468
3849
3602
3452
3480
3480
3920
4713
3575
3474
3489
3864
3984
3480
3471
3468
3440
3239
3462
3461
3468
3477
3550
3471
3486
3462
3474
3556
3602
3468
3477
3468
3550
3834
3477
3471
3459
3477
2882
2747
3480
3480
3471
3559
3852
3459
3477
3477
3468
4652
4210
3471
3459
3483
4360
3461
3480
3471
3455
3230
3437
3468
3458
3468
3572
3480
3477
3474
3474
3495
3642
3520
3465
3471
3477
3788
3593
3452
3483
3471
3227
2753
3285
3465
3468
3477
3953
3492
3462
3471
3477
4136
4735
3467
3468
3468
4066
3789
3462
3468
3461
3361
3441
3483
3468
3477
3483
3461
3452
3477
3477
3461
3593
3574
3468
3477
3468
3627
3751
3455
3455
3483
3499
2802
2903
3486
3474
3459
3703
3746
3480
3468
3471
3559
4713
3919
3492
3455
3626
4212
3471
3477
3468
3480
3343
3480
3480
3480
3474
3560
3489
3465
3464
3468
3541
3617
3471
3471
3480
3461
3883
3517
3489
3483
3471
3086
2729
3385
3452
3483
3471
3925
3452
3480
3468
3477
4362
4497
3477
3474
3474
4228
3624
3455
3483
3471
3294
3352
3489
3474
3486
3584
3477
3471
3477
3477
3499
3636
3535
3462
3486
3468
3699
3694
3486
3471
3455
3419
2781
2977
3455
3471
3461
3807
3630
3468
3474
3490
3804
4726
3678
3462
3483
3792
4051
3471
3459
3468
3467
3203
3455
3483
3471
3470
3560
3495
3471
3468
3461
3548
3574
3483
3474
3474
3498
3865
3471
3474
3486
2817
3978
4716
4344
3373
3523
3843
4121
3480
3480
3480
3556
3208
3547
3673
3901
2845
3990
4726
4347
3260
3511
3660
3868
2842
3978
4747
4350
3288
3501
3678
3883
2815
3987
4723
4347
3230
3523
3633
3865
2845
3962
4719
4344
3236
3510
3660
3858
2839
3944
4719
4340
3215
3480
3630
3855
2781
3974
4719
4350
3364
3502
3623
3865
2842
3986
4719
4347
3383
3526
3614
3862
2809
3987
4716
4350
3386
3529
3629
3880
2809
3978
4719
4347
3181
3498
3657
3868
2815
3975
4723
4350
3160
3517
3620
3883
2824
3981
4726
4347
3355
3498
3627
3852
2811
3965
4723
4353
3388
3513
3633
3858
2824
3978
4719
4350
3383
3553
3615
3861
2860
3987
4719
4356
3272
3514
3608
3852
2778
4014
4716
4340
3196
3535
3657
3874
2812
4011
4719
4347
3239
3514
3608
3862
2818
3919
4723
4356
3181
3428
3520
3889
2931
3993
4713
4353
3397
3526
3614
3868
2845
3950
4723
4350
3233
3517
3660
3862
2860
3987
4716
4350
3355
3492
3624
3853
2857
3971
4726
4359
3165
3513
3636
3871
2842
3999
4723
4347
3190
3510
3654
3880
2805
3987
4716
4356
3217
3513
3635
3865
2833
3978
4723
4350
3153
3517
3605
3862
2864
3968
4726
4350
3263
3502
3644
3868
2815
3984
4716
4347
3212
3514
3654
3880
2814
3990
4723
4353
3199
3505
3663
3855
2796
3978
4719
4353
3251
3520
3612
3877
2888
3932
4716
4350
3245
3523
3611
3874
2833
3910
4716
4347
3245
3544
3648
3874
2851
3987
4723
4353
3260
3507
3621
3862
2839
3971
4726
4347
3163
3508
3611
3877
2811
3977
4719
4356
3175
3523
3645
3871
2778
3944
4716
4350
3193
3520
3644
3862
2817
3974
4723
4353
3257
3532
24788
3779
2854
3968
4710
4347
3376
3520
3608
3855
2817
3999
4716
4347
3178
3547
3614
3855
2815
3959
4719
4347
3233
3517
3608
3871
2821
3916
4723
4344
3309
3520
3620
3871
2867
3971
4726
4350
3218
3477
3654
3873
2833
4002
4719
4347
3281
3483
3611
3868
2824
3990
4726
4350
3236
3517
3617
3858
2866
3974
4723
4331
3208
3516
3645
3855
2762
3981
4719
4341
3251
3505
3614
3861
2827
3971
4716
4347
3199
3547
3599
3871
2842
3971
4723
4341
3221
3486
3633
3886
2814
3977
4723
4353
3205
3504
3638
3852
2799
3917
4716
4344
3199
3519
3621
3873
2796
3917
4723
4350
3425
3376
3245
3602
3572
3733
3812
0
0
0
0
0
0
0
0
0
0
0
0
0
0
0
0
0
0
0
0
0
0
0
0
0
0
0
0
0
0
0
0
0
0
0
0
0
0
0
0
0
0
0
0
0
0
0
0
0
0
0
0
0
0
0
0
0
0
0
0
0
0
0
0
0
0
0
0
0
0
0
0
0
0
0
0
0
0
0
0
0
0
0
0
0
0
0
0
0
0
0
0
0
0
0
0
0
0
0
0
0
0
0
0
0
0
0
0
0
0
0
0
0
0
0
0
0
0
0
0
0
0
0
0
0
0
0
0
0
0
0
0
0
0
0
0
0
0
0
0
0
0
0
0
0
0
0
0
0
0
0
0
0
0
0
0
0
0
0
0
0
0
0
0
0
0
0
0
0
0
0
0
0
0
0
0
0
0
0
0
0
0
0
0
0
0
0
0
0
0
0
0
0
0
0
0
0
0
0
0
0
0
0
0
0
0
0
0
0
0
0
0
0
0
0
0
0
0
0
0
0
0
0
0
0
0
0
0
0
0
0
0
0
0
0
0
0
0
0
0
0
0
0
0
0
0
0
0
0
0
0
0
0
0
0
0
0
0
0
0
0
0
0
0
0
0
0
0
0
0
0
0
0
0
0
0
0
0
0
0
0
0
0
0
0
0
0
0
0
0
0
0
0
0
0
0
0
0
0
0
0
0
0
0
0
0
0
0
0
0
0
0
0
0
0
0
0
0
0
0
0
0
0
0
0
0
0
0
0
0
0
0
0
0
0
0
0
0
0
0
0
0
0
0
0
0
0
0
0
0
0
0
0
0
0
0
0
0
0
0
0
0
0
0
0
0
0
0
0
0
0
0
0
0
0
0
0
0
0
0
0
0
0
0
0
0
0
0
0
0
0
0
0
0
0
0
0
0
0
0
0
0
0
0
0
0
0
0
0
0
0
0
0
0
0
0
0
0
0
0
0
0
0
0
0
0
0
0
0
0
0
0
0
0
0
0
0
0
0
0
0
0
0
0
0
0
0
0
0
0
0
0
0
0
0
0
0
0
0
0
0
0
0
0
0
0
0
0
0
0
0
0
0
0
0
0
0
0
0
0
0
0
0
0
0
0
0
0
0
0
0
0
0
0
0
0
0
0
0
0
0
0
0
0
0
0
0
0
0
0
0
0
0
0
0
0
0
0
0
0
0
0
0
0
0
0
0
0
0
0
0
0
0
0
0
0
0
0
0
0
0
0
0
0
0
0
0
0
0
0
0
0
0
0
0
0
0
0
0
0
0
0
0
0
0
0
0
0
0
0
0
0
0
0
0
0
0
0
0
0
0
0
0
0
0
0
0
0
0
0
0
0
0
0
0
0
0
0
0
0
0
0
0
0
0
0
0
0
0
0
0
0
0
0
0
0
0
0
0
0
0
0
0
0
0
0
0
0
0
0
0
0
0
0
0
0
0
0
0
0
0
0
0
0
0
0
0
0
0
0
0
0
0
0
0
0
0
0
0
0
0
0
0
0
0
0
0
0
0
0
0
0
0
0
0
0
0
0
0
0
0
0
0
0
0
0
0
0
0
0
0
0
0
0
0
0
0
0
0
0
0
0
0
0
0
0
0
0
0
0
0
0
0
0
0
0
0
0
0
0
0
0
0
0
0
0
0
0
0
0
0
0
0
0
0
0
0
0
0
0
0
0
0
0
0
0
0
0
0
0
0
0
0
0
0
0
0
0
0
0
0
0
0
0
0
0
0
0
0
0
0
0
0
0
0
0
0
0
0
0
0
0
0
0
0
0
0
0
0
0
0
0
0
0
0
0
0
0
0
0
0
0
0
0
0
0
0
0
0
0
0
0
0
0
0
0
0
0
0
0
0
0
0
0
0
0
0
0
0
0
0
0
0
0
0
0
0
0
0
0
0
0
0
0
0
0
0
0
0
0
0
0
0
0
0
0
0
0
0
0
0
0
0
0
0
0
0
0
0
0
0
0
0
0
0
0
0
0
0
0
0
0
0
0
0
0
0
0
0
0
0
0
0
0
0
0
0
0
0
0
0
0
0
0
0
0
0
0
0
0
0
0
0
0
0
0
0
0
0
0
0
0
0
0
0
0
0
0
0
0
0
0
0
0
0
0
0
0
0
0
0
0
0
0
0
0
0
0
0
0
0
0
0
0
0
0
0
0
0
0
0
0
0
0
0
0
0
0
0
0
0
0
0
0
0
0
0
0
0
0
0
0
0
0
0
0
0
0
0
0
0
0
0
0
0
0
0
0
0
0
0
0
0
0
0
0
0
0
0
0
0
0
0
0
0
0
0
0
0
0
0
0
0
0
0
0
0
0
0
0
0
0
0
0
0
0
0
0
0
0
0
0
0
0
0
0
0
0
0
0
0
0
0
0
0
0
0
0
0
0
0
0
0
0
0
0
0
0
0
0
0
0
0
0
0
0
0
0
0
0
0
0
0
0
0
0
0
0
0
0
0
0
0
0
0
0
0
0
0
0
0
0
0
0
0
0
0
0
0
0
0
0
0
0
0
0
0
0
0
0
0
0
0
0
0
0
0
0
0
0
0
0
0
0
0
0
0
0
0
0
0
0
0
0
0
0
0
0
0
0
0
0
0
0
0
0
0
0
0
0
0
0
0
0
0
0
0
0
0
0
0
0
0
0
0
0
0
0
0
0
0
0
0
0
0
0
0
0
0
0
0
0
0
0
0
0
0
0
0
0
0
0
0
0
0
0
0
0
0
0
0
0
0
0
0
0
0
0
0
0
0
0
0
0
0
0
0
0
0
0
0
0
0
0
0
0
0
0
0
0
0
0
0
0
0
0
0
0
0
0
0
0
0
0
0
0
0
0
0
0
0
0
0
0
0
0
0
0
0
0
0
0
0
0
0
0
0
0
0
0
0
0
0
0
0
0
0
0
0
0
0
0
0
0
0
0
0
0
0
0
0
0
0
0
0
0
0
0
0
0
0
0
0
0
0
0
0
0
0
0
0
0
0
0
0
0
0
0
0
0
0
0
0
0
0
0
0
0
0
0
0
0
0
0
0
0
0
0
0
0
0
0
0
0
0
0
0
0
0
0
0
0
0
0
0
0
0
0
0
0
0
0
0
0
0
0
0
0
0
0
0
0
0
0
0
0
0
0
0
0
0
0
0
0
0
0
0
0
0
0
0
0
0
0
0
0
0
0
0
0
0
0
0
0
0
0
0
0
0
0
0
0
0
0
0
0
0
0
0
0
0
0
0
0
0
0
0
0
0
0
0
0
0
0
0
0
0
0
0
0
0
0
0
0
0
0
0
0
0
0
0
0
0
0
0
0
0
0
0
0
0
0
0
0
0
0
0
0
0
0
0
0
0
0
0
0
0
0
0
0
0
0
0
0
0
0
0
0
0
0
0
0
0
0
0
0
0
0
0
0
0
0
0
0
0
0
0
0
0
0
0
0
0
0
0
0
0
0
0
0
0
0
0
0
0
0
0
0
0
0
0
0
0
0
0
0
0
0
0
0
0
0
0
0
0
0
0
0
0
0
0
0
0
0
0
0
0
0
0
0
0
0
0
0
0
0
0
0
0
0
0
0
0
0
0
0
0
0
0
0
0
0
0
0
0
0
0
0
0
0
0
0
0
0
0
0
0
0
0
0
0
0
0
0
0
0
0
0
0
0
0
0
0
0
0
0
0
0
0
0
0
0
0
0
0
0
0
0
0
0
0
0
0
0
0
0
0
0
0
0
0
0
0
0
0
0
0
0
0
0
0
0
0
0
0
0
0
0
0
0
0
0
0
0
0
0
0
0
0
0
0
0
0
0
0
0
0
0
0
0
0
0
0
0
0
0
0
0
0
0
0
0
0
0
0
0
0
0
0
0
0
0
0
0
0
0
0
0
0
0
0
0
0
0
0
0
0
0
0
0
0
0
0
0
0
0
0
0
0
0
0
0
0
0
0
0
0
0
0
0
0
0
0
0
0
0
0
0
0
0
0
0
0
0
0
0
0
0
0
0
0
0
0
0
0
0
0
0
0
0
0
0
0
0
0
0
0
0
0
0
0
0
0
0
0
0
0
0
0
0
0
0
0
0
0
0
0
0
0
0
0
0
0
0
0
0
0
0
0
0
0
0
0
0
0
0
0
0
0
0
0
0
0
0
0
0
0
0
0
0
0
0
0
0
0
0
0
0
0
0
0
0
0
0
0
0
0
0
0
0
0
0
0
0
0
0
0
0
0
0
0
0
0
0
0
0
0
0
0
0
0
0
0
0
0
0
0
0
0
0
0
0
0
0
0
0
0
0
0
0
0
0
0
0
0
0
0
0
0
0
0
0
0
0
0
0
0
0
0
0
0
0
0
0
0
0
0
0
0
0
0
0
0
0
0
0
0
0
0
0
0
0
0
0
0
0
0
0
0
0
0
0
0
0
0
0
0
0
0
0
0
0
0
0
0
0
0
0
0
0
0
0
0
0
0
0
0
0
0
0
0
0
0
0
0
0
0
0
0
0
0
0
0
0
0
0
0
0
0
0
0
0
0
0
0
0
0
0
0
0
0
0
0
0
0
0
0
0
0
0
0
0
0
0
0
0
0
0
0
0
0
0
0
0
0
0
0
0
0
0
0
0
0
0
0
0
0
0
0
0
0
0
0
0
0
0
0
0
0
0
0
0
0
0
0
0
0
0
0
0
0
0
0
0
0
0
0
0
0
0
0
0
0
0
0
0
0
0
0
0
0
0
0
0
0
0
0
0
0
0
0
0
0
0
0
0
0
0
0
0
0
0
0
0
0
0
0
0
0
0
0
0
0
0
0
0
0
0
0
0
0
0
0
0
0
0
0
0
0
0
0
0
0
0
0
0
0
0
0
0
0
0
0
0
0
0
0
0
0
0
0
0
0
0
0
0
0
0
0
0
0
0
0
0
0
0
0
0
0
0
0
0
0
0
0
0
0
0
0
0
0
0
0
0
0
0
0
0
0
0
0
0
0
0
0
0
0
0
0
0
0
0
0
0
0
0
0
0
0
0
0
0
0
0
0
0
0
0
0
0
0
0
0
0
0
0
0
0
0
0
0
0
0
0
0
0
0
0
0
0
0
0
0
0
0
0
0
0
0
0
0
0
0
0
0
0
0
0
0
0
0
0
0
0
0
0
0
0
0
0
0
0
0
0
0
0
0
0
0
0
0
0
0
0
0
0
0
0
0
0
0
0
0
0
0
0
0
0
0
0
0
0
0
0
0
0
0
0
0
0
0
0
0
0
0
0
0
0
0
0
0
0
0
0
0
0
0
0
0
0
0
0
0
0
0
0
0
0
0
0
0
0
0
0
0
0
0
0
0
0
0
0
0
0
0
0
0
0
0
0
0
0
0
0
0
0
0
0
0
0
0
0
0
0
0
0
0
0
0
0
0
0
0
0
0
0
0
0
0
0
0
0
0
0
0
0
0
0
0
0
0
0
0
0
0
0
0
0
0
0
0
0
0
0
0
0
0
0
0
0
0
0
0
0
0
0
0
0
0
0
0
0
0
0
0
0
0
0
0
0
0
0
0
0
0
0
0
0
0
0
0
0
0
0
0
0
0
0
0
0
0
0
0
0
0
0
0
0
0
0
0
0
0
0
0
0
0
0
0
0
0
0
0
0
0
0
0
0
0
0
0
0
0
0
0
0
0
0
0
0
0
0
0
0
0
0
0
0
0
0
0
0
0
0
0
0
0
0
0
0
0
0
0
0
0
0
0
0
0
0
0
0
0
0
0
0
0
0
0
0
0
0
0
0
0
0
0
0
0
0
0
0
0
0
0
0
0
0
0
0
0
0
0
0
0
0
0
0
0
0
0
0
0
0
0
0
0
0
0
0
0
0
0
0
0
0
0
0
0
0
0
0
0
0
0
0
0
0
0
0
0
0
0
0
0
0
0
0
0
0
0
0
0
0
0
0
0
0
0
0
0
0
0
0
0
0
0
0
0
0
0
0
0
0
0
0
0
0
0
0
0
0
0
0
0
0
0
0
0
0
0
0
0
0
0
0
0
0
0
0
0
0
0
0
0
0
0
0
0
0
0
0
0
0
0
0
0
0
0
0
0
0
0
0
0
0
0
0
0
0
0
0
0
0
0
0
0
0
0
0
0
0
0
0
0
0
0
0
0
0
0
0
0
0
0
0
0
0
0
0
0
0
0
0
0
0
0
0
0
0
0
0
0
0
0
0
0
0
0
0
0
0
0
0
0
0
0
0
0
0
0
0
0
0
0
0
0
0
0
0
0
0
0
0
0
0
0
0
0
0
0
0
0
0
0
0
0
0
0
0
0
0
0
0
0
0
0
0
0
0
0
0
0
0
0
0
0
0
0
0
0
0
0
0
0
0
0
0
0
0
0
0
0
0
0
0
0
0
0
0
0
0
0
0
0
0
0
0
0
0
0
0
0
0
0
0
0
0
0
0
0
0
0
0
0
0
0
0
0
0
0
0
0
0
0
0
0
0
0
0
0
0
0
0
0
0
0
0
0
0
0
0
0
0
0
0
0
0
0
0
0
0
0
0
0
0
0
0
0
0
0
0
0
0
0
0
0
0
0
0
0
0
0
0
0
0
0
0
0
0
0
0
0
0
0
0
0
0
0
0
0
0
0
0
0
0
0
0
0
0
0
0
0
0
0
0
0
0
0
0
0
0
0
0
0
0
0
0
0
0
0
0
0
0
0
0
0
0
0
0
0
0
0
0
0
0
0
0
0
0
0
0
0
0
0
0
0
0
0
0
0
0
0
0
0
0
0
0
0
0
0
0
0
0
0
0
0
0
0
0
0
0
0
0
0
0
0
0
0
0
0
0
0
0
0
0
0
0
0
0
0
0
0
0
0
0
0
0
0
0
0
0
0
0
0
0
0
0
0
0
0
0
0
0
0
0
0
0
0
0
0
0
0
0
0
0
0
0
0
0
0
0
0
0
0
0
0
0
0
0
0
0
0
0
0
0
0
0
0
0
0
0
0
0
0
0
0
0
0
0
0
0
0
0
0
0
0
0
0
0
0
0
0
0
0
0
0
0
0
0
0
0
0
0
0
0
0
0
0
0
0
0
0
0
0
0
0
0
0
0
0
0
0
0
0
0
0
0
0
0
0
0
0
0
0
0
0
0
0
0
0
0
0
0
0
0
0
0
0
0
0
0
0
0
0
0
0
0
0
0
0
0
0
0
0
0
0
0
0
0
0
0
0
0
0
0
0
0
0
0
0
0
0
0
0
0
0
0
0
0
0
0
0
0
0
0
0
0
0
0
0
0
0
0
0
0
0
0
0
0
0
0
0
0
0
0
0
0
0
0
0
0
0
0
0
0
0
0
0
0
0
0
0
0
0
0
0
0
0
0
0
0
0
0
0
0
0
0
0
0
0
0
0
0
0
0
0
0
0
0
0
0
0
0
0
0
0
0
0
0
0
0
0
0
0
0
0
0
0
0
0
0
0
0
0
0
0
0
0
0
0
0
0
0
0
0
0
0
0
0
0
0
0
0
0
0
0
0
0
0
0
0
0
0
0
0
0
0
0
0
0
0
0
0
0
0
0
0
0
0
0
0
0
0
0
0
0
0
0
0
0
0
0
0
0
0
0
0
0
0
0
0
0
0
0
0
0
0
0
0
0
0
0
0
0
0
0
0
0
0
0
0
0
0
0
0
0
0
0
0
0
0
0
0
0
0
0
0
0
0
0
0
0
0
0
0
0
0
0
0
0
0
0
0
0
0
0
0
0
0
0
0
0
0
0
0
0
0
0
0
0
0
0
0
0
0
0
0
0
0
0
0
0
0
0
0
0
0
0
0
0
0
0
0
0
0
0
0
0
0
0
0
0
0
0
0
0
0
0
0
0
0
0
0
0
0
0
0
0
0
0
0
0
0
0
0
0
0
0
0
0
0
0
0
0
0
0
0
0
0
0
0
0
0
0
0
0
0
0
0
0
0
0
0
0
0
0
0
0
0
0
0
0
0
0
0
0
0
0
0
0
0
0
0
0
0
0
0
0
0
0
0
0
0
0
0
0
0
0
0
0
0
0
0
0
0
0
0
0
0
0
0
0
0
0
0
0
0
0
0
0
0
0
0
0
0
0
0
0
0
0
0
0
0
0
0
0
0
0
0
0
0
0
0
0
0
0
0
0
0
0
0
0
0
0
0
0
0
0
0
0
0
0
0
0
0
0
0
0
0
0
0
0
0
0
0
0
0
0
0
0
0
0
0
0
0
0
0
0
0
0
0
0
0
0
0
0
0
0
0
0
0
0
0
0
0
0
0
0
0
0
0
0
0
0
0
0
0
0
0
0
0
0
0
0
0
0
0
0
0
0
0
0
0
0
0
0
0
0
0
0
0
0
0
0
0
0
0
0
0
0
0
0
0
0
0
0
0
0
0
0
0
0
0
0
0
0
0
0
0
0
0
0
0
0
0
0
0
0
0
0
0
0
0
0
0
0
0
0
0
0
0
0
0
0
0
0
0
0
0
0
0
0
0
0
0
0
0
0
0
0
0
0
0
0
0
0
0
0
0
0
0
0
0
0
0
0
0
0
0
0
0
0
0
0
0
0
0
0
0
0
0
0
0
0
0
0
0
0
0
0
0
0
0
0
0
0
0
0
0
0
0
0
0
0
0
0
0
0
0
0
0
0
0
0
0
0
0
0
0
0
0
0
0
0
0
0
0
0
0
0
0
0
0
0
0
0
0
0
0
0
0
0
0
0
0
0
0
0
0
0
0
0
0
0
0
0
0
0
0
0
0
0
0
0
0
0
0
0
0
0
0
0
0
0
0
0
0
0
0
0
0
0
0
0
0
0
0
0
0
0
0
0
0
0
0
0
0
0
0
0
0
0
0
0
0
0
0
0
0
0
0
0
0
0
0
0
0
0
0
0
0
0
0
0
0
0
0
0
0
0
0
0
0
0
0
0
0
0
0
0
0
0
0
0
0
0
0
0
0
0
0
0
0
0
0
0
0
0
0
0
0
0
0
0
0
0
0
0
0
0
0
0
0
0
0
0
0
0
0
0
0
0
0
0
0
0
0
0
0
0
0
0
0
0
0
0
0
0
0
0
0
0
0
0
0
0
0
0
0
0
0
0
0
0
0
0
0
0
0
0
0
0
0
0
0
0
0
0
0
0
0
0
0
0
0
0
0
0
0
0
0
0
0
0
0
0
0
0
0
0
0
0
0
0
0
0
0
0
0
0
0
0
0
0
0
0
0
0
0
0
0
0
0
0
0
0
0
0
0
0
0
0
0
0
0
0
0
0
0
0
0
0
0
0
0
0
0
0
0
0
0
0
0
0
0
0
0
0
0
0
0
0
0
0
0
0
0
0
0
0
0
0
0
0
0
0
0
0
0
0
0
0
0
0
0
0
0
0
0
0
0
0
0
0
0
0
0
0
0
0
0
0
0
0
0
0
0
0
0
0
0
0
0
0
0
0
0
0
0
0
0
0
0
0
0
0
0
0
0
0
0
0
0
0
0
0
0
0
0
0
0
0
0
0
0
0
0
0
0
0
0
0
0
0
0
0
0
0
0
0
0
0
0
0
0
0
0
0
0
0
0
0
0
0
0
0
0
0
0
0
0
0
0
0
0
0
0
0
0
0
0
0
0
0
0
0
0
0
0
0
0
0
0
0
0
0
0
0
0
0
0
0
0
0
0
0
0
0
0
0
0
0
0
0
0
0
0
0
0
0
0
0
0
0
0
0
0
0
0
0
0
0
0
0
0
0
0
0
0
0
0
0
0
0
0
0
0
0
0
0
0
0
0
0
0
0
0
0
0
0
0
0
0
0
0
0
0
0
0
0
0
0
0
0
0
0
0
0
0
0
0
0
0
0
0
0
0
0
0
0
0
0
0
0
0
0
0
0
0
0
0
0
0
0
0
0
0
0
0
0
0
0
0
0
0
0
0
0
0
0
0
0
0
0
0
0
0
0
0
0
0
0
0
0
0
0
0
0
0
0
0
0
0
0
0
0
0
0
0
0
0
0
0
0
0
0
0
0
0
0
0
0
0
0
0
0
0
0
0
0
0
0
0
0
0
0
0
0
0
0
0
0
0
0
0
0
0
0
0
0
0
0
0
0
0
0
0
0
0
0
0
0
0
0
0
0
0
0
0
0
0
0
0
0
0
0
0
0
0
0
0
0
0
0
0
0
0
0
0
0
0
0
0
0
0
0
0
0
0
0
0
0
0
0
0
0
0
0
0
0
0
0
0
0
0
0
0
0
0
0
0
0
0
0
0
0
0
0
0
0
0
0
0
0
0
0
0
0
0
0
0
0
0
0
0
0
0
0
0
0
0
0
0
0
0
0
0
0
0
0
0
0
0
0
0
0
0
0
0
0
0
0
0
0
0
0
0
0
0
0
0
0
0
0
0
0
0
0
0
0
0
0
0
0
0
0
0
0
0
0
0
0
0
0
0
0
0
0
0
0
0
0
0
0
0
0
0
0
0
0
0
0
0
0
0
0
0
0
0
0
0
0
0
0
0
0
0
0
0
0
0
0
0
0
0
0
0
0
0
0
0
0
0
0
0
0
0
0
0
0
0
0
0
0
0
0
0
0
0
0
0
0
0
0
0
0
0
0
0
0
0
0
0
0
0
0
0
0
0
0
0
0
0
0
0
0
0
0
0
0
0
0
0
0
0
0
0
0
0
0
0
0
0
0
0
0
0
0
0
0
0
0
0
0
0
0
0
0
0
0
0
0
0
0
0
0
0
0
0
0
0
0
0
0
0
0
0
0
0
0
0
0
0
0
0
0
0
0
0
0
0
0
0
0
0
0
0
0
0
0
0
0
0
0
0
0
0
0
0
0
0
0
0
0
0
0
0
0
0
0
0
0
0
0
0
0
0
0
0
0
0
0
0
0
0
0
0
0
0
0
0
0
0
0
0
0
0
0
0
0
0
0
0
0
0
0
0
0
0
0
0
0
0
0
0
0
0
0
0
0
0
0
0
0
0
0
0
0
0
0
0
0
0
0
0
0
0
0
0
0
0
0
0
0
0
0
0
0
0
0
0
0
0
0
0
0
0
0
0
0
0
0
0
0
0
0
0
0
0
0
0
0
0
0
0
0
0
0
0
0
0
0
0
0
0
0
0
0
0
0
0
0
0
0
0
0
0
0
0
0
0
0
0
0
0
0
0
0
0
0
0
0
0
0
0
0
0
0
0
0
0
0
0
0
0
0
0
0
0
0
0
0
0
0
0
0
0
0
0
0
0
0
0
0
0
0
0
0
0
0
0
0
0
0
0
0
0
0
0
0
0
0
0
0
0
0
0
0
0
0
0
0
0
0
0
0
0
0
0
0
0
0
0
0
0
0
0
0
0
0
0
0
0
0
0
0
0
0
0
0
0
0
0
0
0
0
0
0
0
0
0
0
0
0
0
0
0
0
0
0
0
0
0
0
0
0
0
0
0
0
0
0
0
0
0
0
0
0
0
0
0
0
0
0
0
0
0
0
0
0
0
0
0
0
0
0
0
0
0
0
0
0
0
0
0
0
0
0
0
0
0
0
0
0
0
0
0
0
0
0
0
0
0
0
0
0
0
0
0
0
0
0
0
0
0
0
0
0
0
0
0
0
0
0
0
0
0
0
0
0
0
0
0
0
0
0
0
0
0
0
0
0
0
0
0
0
0
0
0
0
0
0
0
0
0
0
0
0
0
0
0
0
0
0
0
0
0
0
0
0
0
0
0
0
0
0
0
0
0
0
0
0
0
0
0
0
0
0
0
0
0
0
0
0
0
0
0
0
0
0
0
0
0
0
0
0
0
0
0
0
0
0
0
0
0
0
0
0
0
0
0
0
0
0
0
0
0
0
0
0
0
0
0
0
0
0
0
0
0
0
0
0
0
0
0
0
0
0
0
0
0
0
0
0
0
0
0
0
0
0
0
0
0
0
0
0
0
0
0
0
0
0
0
0
0
0
0
0
0
0
0
0
0
0
0
0
0
0
0
0
0
0
0
0
0
0
0
0
0
0
0
0
0
0
0
0
0
0
0
0
0
0
0
0
0
0
0
0
0
0
0
0
0
0
0
0
0
0
0
0
0
0
0
0
0
0
0
0
0
0
0
0
0
0
0
0
0
0
0
0
0
0
0
0
0
0
0
0
0
0
0
0
0
0
0
0
0
0
0
0
0
0
0
0
0
0
0
0
0
0
0
0
0
0
0
0
0
0
0
0
0
0
0
0
0
0
0
0
0
0
0
0
0
0
0
0
0
0
0
0
0
0
0
0
0
0
0
0
0
0
0
0
0
0
0
0
0
0
0
0
0
0
0
0
0
0
0
0
0
0
0
0
0
0
0
0
0
0
0
0
0
0
0
0
0
0
0
0
0
0
0
0
0
0
0
0
0
0
0
0
0
0
0
0
0
0
0
0
0
0
0
0
0
0
0
0
0
0
0
0
0
0
0
0
0
0
0
0
0
0
0
0
0
0
0
0
0
0
0
0
0
0
0
0
0
0
0
0
0
0
0
0
0
0
0
0
0
0
0
0
0
0
0
0
0
0
0
0
0
0
0
0
0
0
0
0
0
0
0
0
0
0
0
0
0
0
0
0
0
0
0
0
0
0
0
0
0
0
0
0
0
0
0
0
0
0
0
0
0
0
0
0
0
0
0
0
0
0
0
0
0
0
0
0
0
0
0
0
0
0
0
0
0
0
0
0
0
0
0
0
0
0
0
0
0
0
0
0
0
0
0
0
0
0
0
0
0
0
0
0
0
0
0
0
0
0
0
0
0
0
0
0
0
0
0
0
0
0
0
0
0
0
0
0
0
0
0
0
0
0
0
0
0
0
0
0
0
0
0
0
0
0
0
0
0
0
0
0
0
0
0
0
0
0
0
0
0
0
0
0
0
0
0
0
0
0
0
0
0
0
0
0
0
0
0
0
0
0
0
0
0
0
0
0
0
0
0
0
0
0
0
0
0
0
0
0
0
0
0
0
0
0
0
0
0
0
0
0
0
0
0
0
0
0
0
0
0
0
0
0
0
0
0
0
0
0
0
0
0
0
0
0
0
0
0
0
0
0
0
0
0
0
0
0
0
0
0
0
0
0
0
0
0
0
0
0
0
0
0
0
0
0
0
0
0
0
0
0
0
0
0
0
0
0
0
0
0
0
0
0
0
0
0
0
0
0
0
0
0
0
0
0
0
0
0
0
0
0
0
0
0
0
0
0
0
0
0
0
0
0
0
0
0
0
0
0
0
0
0
0
0
0
0
0
0
0
0
0
0
0
0
0
0
0
0
0
0
0
0
0
0
0
0
0
0
0
0
0
0
0
0
0
0
0
0
0
0
0
0
0
0
0
0
0
0
0
0
0
0
0
0
0
0
0
0
0
0
0
0
0
0
0
0
0
0
0
0
0
0
0
0
0
0
0
0
0
0
0
0
0
0
0
0
0
0
0
0
0
0
0
0
0
0
0
0
0
0
0
0
0
0
0
0
0
0
0
0
0
0
0
0
0
0
0
0
0
0
0
0
0
0
0
0
0
0
0
0
0
0
0
0
0
0
0
0
0
0
0
0
0
0
0
0
0
0
0
0
0
0
0
0
0
0
0
0
0
0
0
0
0
0
0
0
0
0
0
0
0
0
0
0
0
0
0
0
0
0
0
0
0
0
0
0
0
0
0
0
0
0
0
0
0
0
0
0
0
0
0
0
0
0
0
0
0
0
0
0
0
0
0
0
0
0
0
0
0
0
0
0
0
0
0
0
0
0
0
0
0
0
0
0
0
0
0
0
0
0
0
0
0
0
0
0
0
0
0
0
0
0
0
0
0
0
0
0
0
0
0
0
0
0
0
0
0
0
0
0
0
0
0
0
0
0
0
0
0
0
0
0
0
0
0
0
0
0
0
0
0
0
0
0
0
0
0
0
0
0
0
0
0
0
0
0
0
0
0
0
0
0
0
0
0
0
0
0
0
0
0
0
0
0
0
0
0
0
0
0
0
0
0
0
0
0
0
0
0
0
0
0
0
0
0
0
0
0
0
0
0
0
0
0
0
0
0
0
0
0
0
0
0
0
0
0
0
0
0
0
0
0
0
0
0
0
0
0
0
0
0
0
0
0
0
0
0
0
0
0
0
0
0
0
0
0
0
0
0
0
0
0
0
0
0
0
0
0
0
0
0
0
0
0
0
0
0
0
0
0
0
0
0
0
0
0
0
0
0
0
0
0
0
0
0
0
0
0
0
0
0
0
0
0
0
0
0
0
0
0
0
0
0
0
0
0
0
0
0
0
0
0
0
0
0
0
0
0
0
0
0
0
0
0
0
0
0
0
0
0
0
0
0
0
0
0
0
0
0
0
0
0
0
0
0
0
0
0
0
0
0
0
0
0
0
0
0
0
0
0
0
0
0
0
0
0
0
0
0
0
0
0
0
0
0
0
0
0
0
0
0
0
0
0
0
0
0
0
0
0
0
0
0
0
0
0
0
0
0
0
0
0
0
0
0
0
0
0
0
0
0
0
0
0
0
0
0
0
0
0
0
0
0
0
0
0
0
0
0
0
0
0
0
0
0
0
0
0
0
0
0
0
0
0
0
0
0
0
0
0
0
0
0
0
0
0
0
0
0
0
0
0
0
0
0
0
0
0
0
0
0
0
0
0
0
0
0
0
0
0
0
0
0
0
0
0
0
0
0
0
0
0
0
0
0
0
0
0
0
0
0
0
0
0
0
0
0
0
0
0
0
0
0
0
0
0
0
0
0
0
0
0
0
0
0
0
0
0
0
0
0
0
0
0
0
0
0
0
0
0
0
0
0
0
0
0
0
0
0
0
0
0
0
0
0
0
0
0
0
0
0
0
0
0
0
0
0
0
0
0
0
0
0
0
0
0
0
0
0
0
0
0
0
0
0
0
0
0
0
0
0
0
0
0
0
0
0
0
0
0
0
0
0
0
0
0
0
0
0
0
0
0
0
0
0
0
0
0
0
0
0
0
0
0
0
0
0
0
0
0
0
0
0
0
0
0
0
0
0
0
0
0
0
0
0
0
0
0
0
0
0
0
0
0
0
0
0
0
0
0
0
0
0
0
0
0
0
0
0
0
0
0
0
0
0
0
0
0
0
0
0
0
0
0
0
0
0
0
0
0
0
0
0
0
0
0
0
0
0
0
0
0
0
0
0
0
0
0
0
0
0
0
0
0
0
0
0
0
0
0
0
0
0
0
0
0
0
0
0
0
0
0
0
0
0
0
0
0
0
0
0
0
0
0
0
0
0
0
0
0
0
0
0
0
0
0
0
0
0
0
0
0
0
0
0
0
0
0
0
0
0
0
0
0
0
0
0
0
0
0
0
0
0
0
0
0
0
0
0
0
0
0
0
0
0
0
0
0
0
0
0
0
0
0
0
0
0
0
0
0
0
0
0
0
0
0
0
0
0
0
0
0
0
0
0
0
0
0
0
0
0
0
0
0
0
0
0
0
0
0
0
0
0
0
0
0
0
0
0
0
0
0
0
0
0
0
0
0
0
0
0
0
0
0
0
0
0
0
0
0
0
0
0
0
0
0
0
0
0
0
0
0
0
0
0
0
0
0
0
0
0
0
0
0
0
0
0
0
0
0
0
0
0
0
0
0
0
0
0
0
0
0
0
0
0
0
0
0
0
0
0
0
0
0
0
0
0
0
0
0
0
0
0
0
0
0
0
0
0
0
0
0
0
0
0
0
0
0
0
0
0
0
0
0
0
0
0
0
0
0
0
0
0
0
0
0
0
0
0
0
0
0
0
0
0
0
0
0
0
0
0
0
0
0
0
0
0
0
0
0
0
0
0
0
0
0
0
0
0
0
0
0
0
0
0
0
0
0
0
0
0
0
0
0
0
0
0
0
0
0
0
0
0
0
0
0
0
0
0
0
0
0
0
0
0
0
0
0
0
0
0
0
0
0
0
0
0
0
0
0
0
0
0
0
0
0
0
0
0
0
0
0
0
0
0
0
0
0
0
0
0
0
0
0
0
0
0
0
0
0
0
0
0
0
0
0
0
0
0
0
0
0
0
0
0
0
0
0
0
0
0
0
0
0
0
0
0
0
0
0
0
0
0
0
0
0
0
0
0
0
0
0
0
0
0
0
0
0
0
0
0
0
0
0
0
0
0
0
0
0
0
0
0
0
0
0
0
0
0
0
0
0
0
0
0
0
0
0
0
0
0
0
0
0
0
0
0
0
0
0
0
0
0
0
0
0
0
0
0
0
0
0
0
0
0
0
0
0
0
0
0
0
0
0
0
0
0
0
0
0
0
0
0
0
0
0
0
0
0
0
0
0
0
0
0
0
0
0
0
0
0
0
0
0
0
0
0
0
0
0
0
0
0
0
0
0
0
0
0
0
0
0
0
0
0
0
0
0
0
0
0
0
0
0
0
0
0
0
0
0
0
0
0
0
0
0
0
0
0
0
0
0
0
0
0
0
0
0
0
0
0
0
0
0
0
0
0
0
0
0
0
0
0
0
0
0
0
0
0
0
0
0
0
0
0
0
0
0
0
0
0
0
0
0
0
0
0
0
0
0
0
0
0
0
0
0
0
0
0
0
0
0
0
0
0
0
0
0
0
0
0
0
0
0
0
0
0
0
0
0
0
0
0
0
0
0
0
0
0
0
0
0
0
0
0
0
0
0
0
0
0
0
0
0
0
0
0
0
0
0
0
0
0
0
0
0
0
0
0
0
0
0
0
0
0
0
0
0
0
0
0
0
0
0
0
0
0
0
0
0
0
0
0
0
0
0
0
0
0
0
0
0
0
0
0
0
0
0
0
0
0
0
0
0
0
0
0
0
0
0
0
0
0
0
0
0
0
0
0
0
0
0
0
0
0
0
0
0
0
0
0
0
0
0
0
0
0
0
0
0
0
0
0
0
0
0
0
0
0
0
0
0
0
0
0
0
0
0
0
0
0
0
0
0
0
0
0
0
0
0
0
0
0
0
0
0
0
0
0
0
0
0
0
0
0
0
0
0
0
0
0
0
0
0
0
0
0
0
0
0
0
0
0
0
0
0
0
0
0
0
0
0
0
0
0
0
0
0
0
0
0
0
0
0
0
0
0
0
0
0
0
0
0
0
0
0
0
0
0
0
0
0
0
0
0
0
0
0
0
0
0
0
0
0
0
0
0
0
0
0
0
0
0
0
0
0
0
0
0
0
0
0
0
0
0
0
0
0
0
0
0
0
0
0
0
0
0
0
0
0
0
0
0
0
0
0
0
0
0
0
0
0
0
0
0
0
0
0
0
0
0
0
0
0
0
0
0
0
0
0
0
0
0
0
0
0
0
0
0
0
0
0
0
0
0
0
0
0
0
0
0
0
0
0
0
0
0
0
0
0
0
0
0
0
0
0
0
0
0
0
0
0
0
0
0
0
0
0
0
0
0
0
0
0
0
0
0
0
0
0
0
0
0
0
0
0
0
0
0
0
0
0
0
0
0
0
0
0
0
0
0
0
0
0
0
0
0
0
0
0
0
0
0
0
0
0
0
0
0
0
0
0
0
0
0
0
0
0
0
0
0
0
0
0
0
0
0
0
0
0
0
0
0
0
0
0
0
0
0
0
0
0
0
0
0
0
0
0
0
0
0
0
0
0
0
0
0
0
0
0
0
0
0
0
0
0
0
0
0
0
0
0
0
0
0
0
0
0
0
0
0
0
0
0
0
0
0
0
0
0
0
0
0
0
0
0
0
0
0
0
0
0
0
0
0
0
0
0
0
0
0
0
0
0
0
0
0
0
0
0
0
0
0
0
0
0
0
0
0
0
0
0
0
0
0
0
0
0
0
0
0
0
0
0
0
0
0
0
0
0
0
0
0
0
0
0
0
0
0
0
0
0
0
0
0
0
0
0
0
0
0
0
0
0
0
0
0
0
0
0
0
0
0
0
0
0
0
0
0
0
0
0
0
0
0
0
0
0
0
0
0
0
0
0
0
0
0
0
0
0
0
0
0
0
0
0
0
0
0
0
0
0
0
0
0
0
0
0
0
0
0
0
0
0
0
0
0
0
0
0
0
0
0
0
0
0
0
0
0
0
0
0
0
0
0
0
0
0
0
0
0
0
0
0
0
0
0
0
0
0
0
0
0
0
0
0
0
0
0
0
0
0
0
0
0
0
0
0
0
0
0
0
0
0
0
0
0
0
0
0
0
0
0
0
0
0
0
0
0
0
0
0
0
0
0
0
0
0
0
0
0
0
0
0
0
0
0
0
0
0
0
0
0
0
0
0
0
0
0
0
0
0
0
0
0
0
0
0
0
0
0
0
0
0
0
0
0
0
0
0
0
0
0
0
0
0
0
0
0
0
0
0
0
0
0
0
0
0
0
0
0
0
0
0
0
0
0
0
0
0
0
0
0
0
0
0
0
0
0
0
0
0
0
0
0
0
0
0
0
0
0
0
0
0
0
0
0
0
0
0
0
0
0
0
0
0
0
0
0
0
0
0
0
0
0
0
0
0
0
0
0
0
0
0
0
0
0
0
0
0
0
0
0
0
0
0
0
0
0
0
0
0
0
0
0
0
0
0
0
0
0
0
0
0
0
0
0
0
0
0
0
0
0
0
0
0
0
0
0
0
0
0
0
0
0
0
0
0
0
0
0
0
0
0
0
0
0
0
0
0
0
0
0
0
0
0
0
0
0
0
0
0
0
0
0
0
0
0
0
0
0
0
0
0
0
0
0
0
0
0
0
0
0
0
0
0
0
0
0
0
0
0
0
0
0
0
0
0
0
0
0
0
0
0
0
0
0
0
0
0
0
0
0
0
0
0
0
0
0
0
0
0
0
0
0
0
0
0
0
0
0
0
0
0
0
0
0
0
0
0
0
0
0
0
0
0
0
0
0
0
0
0
0
0
0
0
0
0
0
0
0
0
0
0
0
0
0
0
0
0
0
0
0
0
0
0
0
0
0
0
0
0
0
0
0
0
0
0
0
0
0
0
0
0
0
0
0
0
0
0
0
0
0
0
0
0
0
0
0
0
0
0
0
0
0
0
0
0
0
0
0
0
0
0
0
0
0
0
0
0
0
0
0
0
0
0
0
0
0
0
0
0
0
0
0
0
0
0
0
0
0
0
0
0
0
0
0
0
0
0
0
0
0
0
0
0
0
0
0
0
0
0
0
0
0
0
0
0
0
0
0
0
0
0
0
0
0
0
0
0
0
0
0
0
0
0
0
0
0
0
0
0
0
0
0
0
0
0
0
0
0
0
0
0
0
0
0
0
0
0
0
0
0
0
0
0
0
0
0
0
0
0
0
0
0
0
0
0
0
0
0
0
0
0
0
0
0
0
0
0
0
0
0
0
0
0
0
0
0
0
0
0
0
0
0
0
0
0
0
0
0
0
0
0
0
0
0
0
0
0
0
0
0
0
0
0
0
0
0
0
0
0
0
0
0
0
0
0
0
0
0
0
0
0
0
0
0
0
0
0
0
0
0
0
0
0
0
0
0
0
0
0
0
0
0
0
0
0
0
0
0
0
0
0
0
0
0
0
0
0
0
0
0
0
0
0
0
0
0
0
0
0
0
0
0
0
0
0
0
0
0
0
0
0
0
0
0
0
0
0
0
0
0
0
0
0
0
0
0
0
0
0
0
0
0
0
0
0
0
0
0
0
0
0
0
0
0
0
0
0
0
0
0
0
0
0
0
0
0
0
0
0
0
0
0
0
0
0
0
0
0
0
0
0
0
0
0
0
0
0
0
0
0
0
0
0
0
0
0
0
0
0
0
0
0
0
0
0
0
0
0
0
0
0
0
0
0
0
0
0
0
0
0
0
0
0
0
0
0
0
0
0
0
0
0
0
0
0
0
0
0
0
0
0
0
0
0
0
0
0
0
0
0
0
0
0
0
0
0
0
0
0
0
0
0
0
0
0
0
0
0
0
0
0
0
0
0
0
0
0
0
0
0
0
0
0
0
0
0
0
0
0
0
0
0
0
0
0
0
0
0
0
0
0
0
0
0
0
0
0
0
0
0
0
0
0
0
0
0
0
0
0
0
0
0
0
0
0
0
0
0
0
0
0
0
0
0
0
0
0
0
0
0
0
0
0
0
0
0
0
0
0
0
0
0
0
0
0
0
0
0
0
0
0
0
0
0
0
0
0
0
0
0
0
0
0
0
0
0
0
0
0
0
0
0
0
0
0
0
0
0
0
0
0
0
0
0
0
0
0
0
0
0
0
0
0
0
0
0
0
0
0
0
0
0
0
0
0
0
0
0
0
0
0
0
0
0
0
0
0
0
0
0
0
0
0
0
0
0
0
0
0
0
0
0
0
0
0
0
0
0
0
0
0
0
0
0
0
0
0
0
0
0
0
0
0
0
0
0
0
0
0
0
0
0
0
0
0
0
0
0
0
0
0
0
0
0
0
0
0
0
0
0
0
0
0
0
0
0
0
0
0
0
0
0
0
0
0
0
0
0
0
0
0
0
0
0
0
0
0
0
0
0
0
0
0
0
0
0
0
0
0
0
0
0
0
0
0
0
0
0
0
0
0
0
0
0
0
0
0
0
0
0
0
0
0
0
0
0
0
0
0
0
0
0
0
0
0
0
0
0
0
0
0
0
0
0
0
0
0
0
0
0
0
0
0
0
0
0
0
0
0
0
0
0
0
0
0
0
0
0
0
0
0
0
0
0
0
0
0
0
0
0
0
0
0
0
0
0
0
0
0
0
0
0
0
0
0
0
0
0
0
0
0
0
0
0
0
0
0
0
0
0
0
0
0
0
0
0
0
0
0
0
0
0
0
0
0
0
0
0
0
0
0
0
0
0
0
0
0
0
0
0
0
0
0
0
0
0
0
0
0
0
0
0
0
0
0
0
0
0
0
0
0
0
0
0
0
0
0
0
0
0
0
0
0
0
0
0
0
0
0
0
0
0
0
0
0
0
0
0
0
0
0
0
0
0
0
0
0
0
0
0
0
0
0
0
0
0
0
0
0
0
0
0
0
0
0
0
0
0
0
0
0
0
0
0
0
0
0
0
0
0
0
0
0
0
0
0
0
0
0
0
0
0
0
0
0
0
0
0
0
0
0
0
0
0
0
0
0
0
0
0
0
0
0
0
0
0
0
0
0
0
0
0
0
0
0
0
0
0
0
0
0
0
0
0
0
0
0
0
0
0
0
0
0
0
0
0
0
0
0
0
0
0
0
0
0
0
0
0
0
0
0
0
0
0
0
0
0
0
0
0
0
0
0
0
0
0
0
0
0
0
0
0
0
0
0
0
0
0
0
0
0
0
0
0
0
0
0
0
0
0
0
0
0
0
0
0
0
0
0
0
0
0
0
0
0
0
0
0
0
0
0
0
0
0
0
0
0
0
0
0
0
0
0
0
0
0
0
0
0
0
0
0
0
0
0
0
0
0
0
0
0
0
0
0
0
0
0
0
0
0
0
0
0
0
0
0
0
0
0
0
0
0
0
0
0
0
0
0
0
0
0
0
0
0
0
0
0
0
0
0
0
0
0
0
0
0
0
0
0
0
0
0
0
0
0
0
0
0
0
0
0
0
0
0
0
0
0
0
0
0
0
0
0
0
0
0
0
0
0
0
0
0
0
0
0
0
0
0
0
0
0
0
0
0
0
0
0
0
0
0
0
0
0
0
0
0
0
0
0
0
0
0
0
0
0
0
0
0
0
0
0
0
0
0
0
0
0
0
0
0
0
0
0
0
0
0
0
0
0
0
0
0
0
0
0
0
0
0
0
0
0
0
0
0
0
0
0
0
0
0
0
0
0
0
0
0
0
0
0
0
0
0
0
0
0
0
0
0
0
0
0
0
0
0
0
0
0
0
0
0
0
0
0
0
0
0
0
0
0
0
0
0
0
0
0
0
0
0
0
0
0
0
0
0
0
0
0
0
0
0
0
0
0
0
0
0
0
0
0
0
0
0
0
0
0
0
0
0
0
0
0
0
0
0
0
0
0
0
0
0
0
0
0
0
0
0
0
0
0
0
0
0
0
0
0
0
0
0
0
0
0
0
0
0
0
0
0
0
0
0
0
0
0
0
0
0
0
0
0
0
0
0
0
0
0
0
0
0
0
0
0
0
0
0
0
0
0
0
0
0
0
0
0
0
0
0
0
0
0
0
0
0
0
0
0
0
0
0
0
0
0
0
0
0
0
0
0
0
0
0
0
0
0
0
0
0
0
0
0
0
0
0
0
0
0
0
0
0
0
0
0
0
0
0
0
0
0
0
0
0
0
0
0
0
0
0
0
0
0
0
0
0
0
0
0
0
0
0
0
0
0
0
0
0
0
0
0
0
0
0
0
0
0
0
0
0
0
0
0
0
0
0
0
0
0
0
0
0
0
0
0
0
0
0
0
0
0
0
0
0
0
0
0
0
0
0
0
0
0
0
0
0
0
0
0
0
0
0
0
0
0
0
0
0
0
0
0
0
0
0
0
0
0
0
0
0
0
0
0
0
0
0
0
0
0
0
0
0
0
0
0
0
0
0
0
0
0
0
0
0
0
0
0
0
0
0
0
0
0
0
0
0
0
0
0
0
0
0
0
