2723
2254
1971
2336
2686
2267
1948
2344
2686
2260
1920
2326
2673
2269
1909
2341
2682
2283
1930
2362
2683
2275
1946
2333
2682
2259
1953
2339
2687
2257
1934
2329
2680
2275
1932
2340
2677
2270
1931
2337
2690
2279
1940
2359
2679
2283
1952
2341
2676
2287
1930
2347
2690
2269
1942
2343
2676
2263
1914
2344
2678
2267
1924
2363
2689
2267
1946
2355
2678
2259
1918
2343
2678
2268
1930
2346
2686
2277
1934
2350
2678
2263
1946
2330
2682
2273
1918
2356
2685
2275
1919
2343
2678
2254
1924
2331
2683
2277
1928
2347
2688
2271
1944
2339
2674
2258
1926
2329
2681
2261
1918
2353
2688
2265
1920
2348
2676
2268
1938
2341
2688
2265
1938
2343
2684
2275
1922
2333
2674
2269
1928
2336
2684
2254
1913
2338
2682
2275
1940
2343
2676
2252
1913
2334
2684
2277
1944
2352
2682
2254
1960
2335
2678
2261
1946
2351
2688
2258
1930
2341
2681
2270
1930
2334
2679
2239
1938
2354
2688
2248
1954
2349
2680
2279
1946
2341
2678
2277
1936
2358
2686
2271
1936
2346
2680
2256
1926
2327
2682
2281
1954
2356
2685
2270
1909
2361
2674
2275
1916
2337
2683
2259
1934
2351
2688
2263
1918
2337
2678
2257
1948
2341
2680
2264
1940
2349
2689
2265
1924
2329
2674
2246
1948
2343
2682
2277
1934
2354
2684
2271
1936
2323
2678
2259
1940
2348
2684
2264
1943
2333
2686
2265
1920
2350
2674
2269
1938
2327
2688
2279
1936
2354
2680
2273
1932
2333
2674
2254
1914
2340
2686
2265
1912
2342
2682
2262
1930
2339
2674
2282
1918
2341
2681
2268
1938
2354
2682
2257
1952
2330
2673
2273
1969
2341
2682
2259
1928
2336
2682
2254
1926
2333
2682
2267
1912
2342
2688
2269
1930
2357
2676
2267
1938
2333
2678
2259
1932
2349
2692
2265
1930
2341
2683
2253
1926
2347
2682
2267
1924
2347
2691
2271
1932
2343
2680
2238
1932
2327
2678
2257
1934
2358
2686
2281
1930
2349
2676
2259
1937
2339
2684
2279
1944
2337
2682
2257
1928
2335
2680
2256
1942
2347
2680
2261
1902
2332
2688
2264
1922
2325
2674
2252
1928
2344
2690
2272
1924
2341
2685
2267
1901
2337
2674
2261
1932
2349
2687
2262
1932
2344
2684
2278
1926
2331
2678
2271
2279
2349
2688
2271
1954
2348
2680
2263
1942
2337
2682
2253
1940
2337
2685
2268
1964
2349
2682
2273
1926
2348
2678
2265
1934
2333
2686
2259
1908
2346
2683
2259
1936
2330
2678
2266
1928
2351
2689
2271
1899
2329
2678
2261
1938
2331
2678
2273
1932
2345
2689
2263
1924
2343
2678
2247
1920
2340
2681
2269
1952
2343
2693
2261
1958
2340
2678
2252
1934
2331
2680
2262
1930
2336
2687
2247
1942
2341
2680
2265
1934
2338
2686
2268
1931
2333
2686
2271
1928
2333
2674
2261
1936
2338
2682
2256
1932
2351
2687
2260
1920
2335
2678
2275
1922
2357
2685
2265
1918
2338
2684
2258
1911
2341
2674
2251
1920
2340
2685
2260
1918
2350
2684
2291
1920
2326
2677
2269
1956
2351
2688
2262
1916
2347
2683
2268
1940
2333
2674
2266
1932
2339
2686
2259
1932
2346
2684
2267
1930
2344
2680
2259
1942
2350
2686
2258
1948
2361
2683
2269
1928
2343
2680
2275
1939
2351
2688
2289
1918
2325
2677
2273
1936
2339
2682
2267
1928
2348
2688
2260
1938
2335
2676
2271
1912
2347
2681
2293
1935
2354
2688
2275
1962
2336
2680
2256
1956
2349
2684
2264
1924
2352
2689
2274
1926
2336
2678
2275
1936
2346
2683
2288
1960
2344
2684
2271
1930
2347
2678
2246
1954
2339
2680
2260
1920
2341
2682
2283
1934
2333
2674
2263
1952
2345
2686
2281
1962
2333
2684
2271
1936
2328
2676
2259
1912
2350
2684
2287
1941
2337
2684
2273
1926
2335
2679
2287
1920
2349
2691
2295
1932
2341
2684
2277
1948
2335
2678
2260
1907
2341
2684
2267
1914
2342
2681
2254
1940
2333
2680
2253
1914
2340
2690
2277
1928
2357
2680
2273
1924
2333
2682
2272
1940
2339
2684
2261
1947
2346
2679
2259
1931
2345
2682
2265
1912
2361
2687
2274
1922
2343
2676
2264
1924
2329
2680
2295
1936
2356
2685
2242
1930
2346
2678
2257
1928
2344
2678
2257
1942
2345
2682
2277
1909
2344
2675
2275
1908
2355
2680
2279
1942
2362
2680
2269
1926
2331
2676
2269
1918
2352
2687
2264
1942
2349
2684
2268
1932
2340
2679
2273
1928
2349
2684
2273
1936
2342
2680
2265
1918
2327
2676
2271
1936
2343
2691
2269
1934
2327
2682
2283
1952
2339
2676
2257
1898
2334
2690
2281
1932
2337
2680
2251
1914
2345
2678
2279
1944
2343
2686
2277
1924
2341
2680
2272
1918
2339
2682
2267
1934
2346
2686
2267
1932
2331
2676
2265
1913
2355
2678
2263
1942
2353
2688
2268
1940
2333
2678
2269
1900
2328
2681
2273
1930
2345
2686
2279
1948
2343
2680
2256
1918
2349
2682
2271
1920
2340
2683
2270
1941
2345
2676
2267
1918
2343
2684
2261
1926
2333
2686
2252
1944
2329
2674
2251
1916
2330
2686
2268
1954
2351
2680
2251
1926
2344
2674
2266
1926
2345
2689
2254
1938
2345
2677
2253
1926
2348
2676
2251
1924
2325
2686
2277
1958
2345
2680
2287
1924
2334
2677
2267
1922
2335
2686
2293
1952
2348
2680
2272
1919
2331
2678
2261
1958
2356
2688
2275
1928
2346
2678
2267
1928
2333
2678
2265
1916
2343
2688
2275
1924
2343
2680
2269
1938
2342
2680
2279
1942
2353
2688
2277
1942
2347
2677
2279
1924
2339
2682
2289
1940
2338
2687
2284
1932
2357
2678
2265
1908
2332
2680
2264
1946
2356
2686
2265
1916
2331
2678
2278
1938
2346
2682
2265
1926
2347
2684
2265
1946
2342
2676
2271
1930
2347
2682
2257
1948
2351
2685
2273
1974
2337
2676
2273
1942
2342
2684
2277
1944
2337
2686
2257
1918
2333
2678
2264
1936
2347
2684
2259
1944
2346
2680
2301
1918
2351
2678
2267
1922
2346
2690
2275
1911
2341
2680
2291
1922
2340
2674
2269
1951
2337
2688
2254
1918
2341
2682
2257
1932
2347
2679
2279
1952
2349
2687
2268
1930
2339
2681
2260
1942
2331
2678
2287
1930
2347
2687
2277
1942
2337
2676
2256
1922
2346
2680
2282
1926
2357
2682
2279
1928
2345
2678
2255
1932
2343
2684
2275
1920
2347
2687
2266
1902
2337
2678
2256
1922
2335
2682
2279
1932
2345
2682
2276
1940
2345
2678
2243
1940
2327
2683
2267
1932
2350
2684
2277
1942
2336
2674
2287
1936
2347
2684
2277
1930
2348
2678
2270
1934
2341
2676
2261
1922
2335
2684
2280
1930
2337
2680
2262
1928
2331
2677
2266
1944
2360
2682
2279
1970
2342
2685
2271
1909
2335
2680
2265
1918
2341
2686
2275
1928
2350
2680
2269
1944
2319
2676
2271
1948
2346
2686
2281
1940
2339
2684
2273
1936
2343
2680
2263
1962
2349
2690
2265
1936
2344
2678
2258
1924
2327
2680
2267
1932
2343
2684
2275
1921
2337
2678
2257
1964
2338
2682
2272
1942
2333
2692
2255
1930
2333
2678
2254
1928
2343
2680
2281
1948
2349
2689
2259
1954
2342
2674
2262
1926
2337
2684
2271
1954
2346
2686
2269
1954
2333
2676
2255
1954
2339
2684
2274
1934
2348
2684
2273
1926
2340
2680
2264
1936
2345
2682
2261
1922
2335
2686
2297
1936
2321
2676
2271
1954
2353
2687
2265
1930
2335
2684
2272
1903
2337
2681
2263
1944
2348
2684
2283
1934
2345
2682
2269
1948
2344
2678
2272
1926
2349
2688
2271
1930
2348
2682
2272
1922
2345
2682
2267
1932
2341
2687
2283
1958
2364
2678
2267
1949
2354
2676
2267
1914
2355
2686
2272
1950
2339
2679
2255
1928
2347
2682
2285
1918
2361
2688
2265
1924
2337
2678
2276
1934
2335
2684
2263
1948
2352
2684
2258
1944
2343
2678
2273
1930
2348
2684
2261
1901
2352
2684
2271
1944
2338
2678
2265
1938
2341
2684
2265
1930
2335
2682
2265
1912
2331
2674
2255
1938
2358
2688
2281
1946
2349
2684
2267
1932
2333
2676
2243
1924
2358
2684
2269
1926
2353
2686
2271
1948
2338
2678
2256
1934
2335
2684
2275
1929
2341
2683
2274
1950
2347
2674
2275
1967
2350
2686
2279
1917
2341
2684
2269
1930
2331
2678
2271
1958
2331
2690
2273
1946
2341
2683
2275
1912
2340
2681
2259
1958
2349
2688
2257
1907
2339
2680
2254
1916
2343
2684
2269
1952
2334
2685
2256
1944
2345
2674
2257
1954
2334
2684
6239
2053
2357
2688
2263
1962
2337
2682
2268
1948
2349
2680
2281
1936
2351
2685
2284
1950
2331
2676
2285
1954
2333
2687
2263
1940
2348
2686
2267
1944
2343
2680
2265
1952
2340
2684
2264
1924
2335
2678
2273
1936
2343
2676
2259
1936
2337
2686
2267
1954
2335
2679
2254
1909
2341
2678
2265
1951
2334
2688
2283
1940
2342
2680
2263
1932
2337
2682
2265
1938
2333
2686
2291
1916
2342
2678
2269
1942
2340
2681
2279
1936
2343
2686
2277
1948
2354
2681
2261
1934
2329
2680
2289
1936
2348
2688
2263
1942
2337
2682
2257
1950
2346
2683
2257
1926
2351
2690
2251
1934
2340
2680
2283
1911
2335
2682
2269
1920
2344
2688
2272
1947
2331
2676
2271
1928
2336
2683
2289
1944
2336
2690
2261
1916
2339
2676
2247
1952
2335
2682
2273
1915
2359
2686
2271
1944
2344
2680
2277
1930
2327
2682
2275
1912
2364
2683
2257
1926
2333
2676
2273
1945
2335
2692
2281
1936
2347
2684
2261
1959
2337
2678
2236
1914
2343
2686
2269
1924
2340
2682
2259
1907
2345
2676
2285
1946
2340
2684
2295
1942
2350
2684
2246
1922
2338
2680
2267
1946
2356
2683
2273
1952
2348
2678
2273
1928
2336
2680
2254
1934
2335
2690
2273
1930
2338
2681
2262
1934
2341
2680
2261
1934
2334
2688
2258
1950
2335
2678
2272
1934
2340
2684
2268
1944
2353
2686
2279
1928
2343
2678
2256
1916
2335
2680
2293
1928
2354
2686
2275
1930
2341
2678
2273
1926
2323
2682
2259
1938
2347
2685
2265
1932
2343
2678
2259
1922
2325
2678
2271
1944
2341
2686
2271
1918
2358
2678
2258
1924
2337
2682
2273
1952
2359
2683
2283
1926
2325
2676
2261
1924
2350
2682
2263
1932
2340
2686
2288
1940
2326
2678
2297
1932
2347
2685
2257
1948
2335
2684
2269
1922
2336
2676
2263
1932
2345
2680
2275
1928
2338
2676
2256
1908
2329
2680
2265
1930
2353
2689
2283
1899
2348
2676
2269
1914
2330
2679
2264
1922
2337
2686
2273
1930
2342
2678
2254
1906
2327
2682
2280
1936
2345
2686
2263
1954
2331
2678
2250
1936
2346
2683
2301
1928
2341
2682
2271
1954
2331
2678
2255
1942
2334
2683
2264
1909
2353
2686
2269
1942
2348
2680
2248
1946
2345
2684
2255
1954
2348
2688
2272
1916
2335
2676
2265
1946
2346
2682
2268
1940
2335
2682
2257
1926
2341
2676
2246
1922
2338
2684
2283
1940
2342
2682
2261
1940
2338
2678
2268
1964
2341
2682
2272
1936
2356
2681
2269
1916
2336
2680
2273
1934
2350
2690
2279
1932
2333
2682
2269
1934
2337
2674
2273
1949
2331
2686
2273
1918
2348
2680
2269
1964
2335
2680
2258
1942
2355
2688
2273
1914
2345
2680
2268
1928
2335
2682
2275
1923
2348
2688
2277
1922
2341
2681
2263
1948
2343
2682
2268
1910
2349
2688
2273
1944
2344
2679
2237
1934
2341
2682
2267
1940
2348
2690
2269
1910
2327
2676
2279
1910
2331
2681
2281
2043
2356
2690
2261
1934
2347
2676
2253
1922
2349
2686
2264
1920
2338
2682
2265
1916
2332
2678
2285
1928
2348
2682
2267
1932
2342
2686
2257
1938
2321
2676
2273
1930
2344
2687
2274
1920
2333
2688
2265
1912
2340
2676
2248
1936
2349
2686
2257
1926
2344
2678
2261
1932
2345
2676
2271
1954
2355
2688
2258
1938
2345
2682
2275
1965
2325
2682
2267
1922
2337
2688
2287
1932
2339
2678
2281
1928
2338
2678
2278
1930
2329
2688
2277
1928
2345
2676
2256
1917
2333
2682
2277
1922
2345
2689
2264
1954
2355
2680
2250
1926
2331
2680
2269
1915
2347
2688
2269
1930
2332
2674
2277
1938
2351
2681
2262
1938
2340
2688
2275
1980
2346
2674
2265
1954
2360
2684
2279
1934
2349
2681
2255
1919
2335
2678
2251
1940
2344
2684
2266
1950
2362
2684
2271
1944
2338
2680
2267
1930
2345
2684
2271
1934
2335
2681
2282
1920
2336
2675
2267
1930
2347
2681
2266
1938
2351
2686
2275
1920
2337
2676
2277
1924
2335
2686
2263
1936
2341
2682
2265
1930
2338
2683
2256
1938
2353
2688
2275
1949
2339
2679
2267
1906
2347
2678
2263
1922
2351
2690
2277
1936
2347
2680
2256
1931
2345
2678
2275
1940
2354
2686
2255
1954
2355
2682
2273
1950
2341
2686
2267
1912
2350
2688
2283
1919
2336
2680
2271
1944
2319
2682
2277
1920
2353
2687
2276
1942
2333
2678
2259
1926
2335
2682
2258
1916
2339
2686
2269
1912
2346
2680
2253
1917
2347
2686
2279
1934
2341
2684
2267
1940
2333
2674
2271
1952
2340
2688
2281
1928
2349
2684
2252
1930
2333
2674
2274
1912
2355
2684
2275
1954
2344
2686
2273
1930
2343
2680
2246
1950
2339
2691
2259
1926
2339
2678
2275
1893
2332
2680
2269
1934
2344
2690
2273
1948
2345
2676
2258
1928
2345
2682
2262
1952
2335
2686
2269
1922
2344
2684
2266
1947
2327
2680
2277
1940
2353
2686
2283
1926
2343
2684
2255
1928
2335
2682
2277
1932
2340
2684
2279
1912
2336
2681
2251
1944
2356
2680
2272
1936
2341
2684
2250
1924
2347
2680
2256
1952
2345
2684
2265
1918
2347
2685
2261
1932
2335
2678
2263
1958
2323
2684
2269
1947
2352
2684
2281
1930
2353
2678
2269
1952
2335
2686
2261
1936
2344
2680
2273
1952
2354
2678
2256
1926
2340
2687
2263
1946
2347
2682
2275
1940
2333
2676
2273
1932
2340
2692
2259
1952
2341
2682
2281
1918
2337
2678
2269
1934
2351
2688
2275
1928
2348
2680
2273
1913
2338
2678
2283
1934
2356
2688
2281
1915
2329
2676
2269
1924
2346
2680
2268
1944
2346
2684
2277
1926
2350
2676
2247
1938
2327
2686
2275
1922
2357
2686
2275
1932
2346
2680
2240
1944
2345
2680
2271
1919
2357
2690
2261
1928
2343
2680
2251
1908
2337
2680
2263
1942
2339
2686
2279
1930
2341
2680
2259
1920
2339
2680
2273
1934
2342
2683
2259
1912
2344
2678
2246
1946
2344
2682
2257
1944
2347
2686
2274
1922
2321
2672
2257
1911
2345
2684
2273
1950
2343
2682
2267
1938
2339
2677
2261
1942
2347
2682
2285
1942
2349
2681
2251
1980
2344
2678
2271
1942
2353
2692
2269
1930
2334
2680
2277
1923
2329
2682
2242
1932
2349
2684
2263
1926
2338
2685
2262
1930
2337
2684
2280
1942
2351
2691
2265
1924
2327
2680
2265
1909
2345
2680
2275
1926
2351
2686
2268
1946
2337
2680
2273
1920
2344
2682
2278
1927
2353
2688
2259
1944
2342
2676
2266
1929
2345
2682
2285
1942
2341
2683
2265
1932
2337
2673
2271
1926
2339
2682
2283
1936
2346
2686
2277
1934
2339
2676
2265
1956
2347
2685
2285
1950
2353
2683
2273
1912
2356
2677
2262
1940
2341
2682
2281
1926
2327
2681
2279
1928
2341
2672
2253
1932
2339
2682
2287
1924
2336
2684
2267
1952
2338
2676
2276
1922
2355
2686
2281
1928
2350
2684
2255
1936
2358
2676
2248
1922
2351
2688
2251
1920
2357
2679
2279
1914
2327
2682
2251
1924
2327
2688
2268
1949
2349
2682
2271
1928
2327
2682
2277
1930
2349
2686
2262
1925
2338
2678
2263
1916
2340
2678
2279
1957
2349
2686
2271
1932
2339
2676
2256
1930
2332
2685
2278
1908
2347
2690
2254
1954
2339
2676
2265
1944
2344
2676
2263
1932
2344
2682
2271
1946
2337
2675
2245
1928
2333
2684
2255
1942
2339
2688
2274
1954
2337
2672
2255
1915
2342
2686
2278
1927
2341
2688
2277
1942
2338
2674
2266
1920
2343
2682
2267
1932
2346
2682
2271
1932
2347
2680
2270
1912
2333
2682
2263
1926
2356
2682
2273
1954
2335
2678
2273
1928
2353
2686
2272
1921
2331
2678
2275
1921
2348
2680
2250
1940
2347
2684
2283
1946
2348
2684
2268
1928
2337
2682
2257
1944
2347
2691
2293
1934
2335
2684
2264
1908
2339
2678
2269
1932
2347
2690
2273
1926
2362
2676
2266
1918
2329
2684
2277
1932
2339
2688
2263
1946
2330
2678
2257
1910
2345
2682
2271
1936
2350
2683
2272
1915
2347
2676
2267
1942
2339
2687
2273
1942
2351
2688
2277
1922
2342
2674
2271
1919
2334
2680
2263
1944
2351
2680
2267
1917
2336
2672
2242
1932
2339
2688
2268
1928
2354
2684
2264
1936
2341
2674
2284
1916
2341
2688
2277
1936
2347
2682
2275
1938
2335
2673
2253
1940
2343
2689
2273
1936
2345
2682
2266
1914
2339
2680
2257
1926
2358
2688
2295
1954
2352
2678
2265
1912
2333
2676
2263
1958
2350
2690
2252
1954
2335
2680
2257
1900
2350
2684
2268
1942
2345
2689
2275
1926
2342
2682
2268
1924
2343
2683
2263
1928
2349
2688
2281
1948
2350
2678
2277
1926
2352
2682
2275
1964
2349
2686
2257
1926
2342
2678
2259
1940
2339
2684
2287
1934
2340
2686
2271
1940
2332
2675
2281
1940
2336
2684
2260
1936
2349
2682
2262
1928
2331
2680
2271
1932
2336
2682
2295
1952
2331
2682
2271
1940
2336
2673
2275
1922
2345
2688
2277
1936
2347
2681
2261
1912
2335
2678
2265
1916
2356
2686
2278
1948
2357
2682
2255
1906
2329
2676
2291
1916
2338
2684
2273
1978
2352
2682
2263
1928
2327
2680
2248
1958
2351
2690
2265
1950
2335
2679
2277
1926
2338
2678
2263
1938
2341
2686
2269
1938
2351
2678
2275
1924
2336
2681
2277
1932
2349
2688
2261
1930
2341
2678
2259
1939
2336
2678
2246
1928
2345
2682
2262
1932
2342
2677
2263
1940
2340
2680
2253
1942
2343
2686
2266
1918
2337
2673
2259
1916
2341
2685
2270
1932
2331
2686
2271
1938
2331
2677
2257
1929
2335
2680
2234
1908
2352
2690
2263
1928
2343
2676
2251
1928
2339
2684
2281
1940
2347
2680
2255
1926
2327
2672
2270
1922
2353
2684
2267
1928
2353
2680
2267
1954
2343
2678
2270
1930
2338
2688
2269
1932
2339
2680
2279
1942
2340
2677
2283
1946
2345
2685
2265
1940
2341
2682
2265
1948
2348
2678
2259
1944
2339
2690
2279
1912
2340
2680
2269
1918
2339
2680
2277
1916
2352
2690
2279
1954
2345
2678
2279
1922
2339
2683
2265
1950
2332
2684
2287
1922
2333
2678
2257
1910
2323
2682
2278
1932
2338
2686
2291
1918
2332
2679
2248
1920
2328
2680
2271
1938
2351
2684
2264
1952
2342
2676
2263
1916
2343
2681
2259
1952
2353
2684
2259
1918
2331
2675
2271
1934
2347
2688
2260
1928
2336
2688
2275
1926
2339
2678
2278
1934
2337
2685
2268
1906
2349
2680
2272
1932
2343
2676
2266
1914
2359
2685
2252
1938
2347
2682
2263
1931
2343
2680
2249
1932
2339
2686
2267
1949
2335
2686
2271
1930
2337
2678
2263
1934
2352
2690
2259
1968
2345
2680
2263
1918
2333
2682
2257
1924
2347
2688
2269
1944
2338
2679
2276
1940
2335
2680
2258
1914
2354
2688
2277
1930
2334
2678
2276
1924
2349
2680
2268
1922
2349
2685
2258
1940
2346
2674
2271
1926
2339
2685
2271
1942
2345
2682
2253
1910
2339
2676
2249
1926
2337
2684
2273
1924
2333
2683
2278
1942
2341
2678
2248
1924
2344
2684
2297
1966
2357
2680
2259
1922
2347
2674
2269
1926
2333
2684
2271
1940
2335
2682
2269
1934
2340
2676
2257
1915
2341
2688
2301
1932
2342
2682
2256
1940
2331
2678
2273
1936
2348
2686
2273
1952
2347
2682
2256
1969
2329
2677
2277
1910
2337
2692
2279
1938
2348
2681
2278
1930
2345
2682
2255
1950
2341
2692
2271
1932
2330
2680
2242
1948
2329
2678
2257
1950
2334
2684
2268
1936
2343
2682
2267
1924
2347
2684
2259
1918
2337
2686
2273
1918
2344
2675
2268
1948
2339
2682
2252
1952
2346
2685
2274
1920
2327
2674
2265
1938
2325
2680
2271
1936
2337
2682
2281
1928
2340
2672
2264
1938
2332
2684
2277
1924
2339
2683
2265
1944
2337
2676
2265
1917
2353
2688
2253
1940
2346
2677
2267
1924
2331
2674
2279
1938
2340
2686
2275
1917
2341
2684
2265
1930
2341
2672
2258
1952
2349
2684
2283
1932
2340
2683
2262
1919
2333
2678
2261
1932
2343
2686
2265
1941
2353
2682
2279
1920
2330
2675
2263
1922
2354
2687
2273
1940
2352
2680
2267
1924
2331
2680
2260
1911
2345
2689
2297
1938
2327
2679
2291
1918
2341
2680
2251
1921
2331
2690
2277
1910
2329
2680
2256
1946
2343
2678
2277
1928
2359
2686
2264
1912
2338
2676
2254
1928
2343
2686
2291
1938
2348
2684
2277
1932
2325
2680
2262
1940
2344
2684
2279
1957
2345
2682
2264
1944
2348
2674
2277
1934
2334
2688
2253
1975
2343
2684
2251
1921
2339
2678
2252
1918
2331
50395
2346
2344
1983
2138
2390
2738
2375
2319
1994
2315
2686
2373
2287
1940
2039
2331
2362
2110
2249
2332
2277
1920
2341
2685
2271
1928
2343
2682
2271
1950
2329
2680
2275
1928
2345
2684
2273
1938
2358
2680
2269
2080
1984
2404
2644
2549
2327
2144
1991
2396
2571
2325
2394
2315
2390
2737
2316
1991
2388
2746
2337
1972
2402
2739
2301
1952
2396
2740
2325
1970
2410
2743
2325
1959
2396
2736
2333
46408
2158
2352
2684
2311
2259
1979
2115
2344
2237
2507
2283
1944
2346
2683
2267
1952
2359
2688
2289
1946
2328
2682
2252
1936
2343
2682
2263
1970
2346
2686
2268
1955
2341
2676
2263
1928
2356
2683
2265
1934
2333
2682
2276
1942
2336
2674
2273
1934
2341
2682
2266
1908
2351
2680
2251
1952
2343
2676
2273
1928
2347
2692
2257
1964
2347
2684
2240
1922
2333
2676
2267
1936
2338
2686
2268
1953
2337
2680
2275
1944
2339
2679
2291
1986
2336
2684
2287
1928
2348
2686
2255
1934
2337
2678
2275
1952
2341
2687
2279
1944
2343
2682
2281
1918
2333
2682
2271
1946
2343
2690
2273
1978
2331
2680
2257
1926
2350
2683
2271
1942
2353
2682
2273
1948
2345
2680
2283
1976
2337
2680
2267
1948
2348
2690
2248
1944
2337
2672
2269
1950
2337
2679
2278
1950
2355
2682
2268
1964
2347
2673
2265
1924
2341
2684
2261
1977
2341
2683
2269
1934
2337
2672
2252
1956
2333
2686
2272
1952
2343
2684
2256
1908
2333
2678
2271
1936
2350
2686
2257
1922
2352
2682
2281
1932
2331
2682
2271
1946
2347
2688
2271
1916
2360
2682
2268
1946
2337
2678
2275
1959
2350
2689
2273
1955
2345
2678
2281
1948
2351
2679
2273
1944
2347
2688
2273
1930
2354
2680
2259
1914
2328
2678
2295
1922
2335
2690
2269
1954
2353
2678
2271
1908
2339
2682
2267
1936
2354
2684
2263
1974
2350
2676
2257
1954
2327
2682
2257
1926
2343
2682
2259
1928
2331
2676
2264
1926
2341
2680
2272
1969
2344
2682
2275
1969
2327
2676
2258
1965
2333
2680
2271
1936
2344
2688
2256
1942
2321
2674
2267
1974
2345
2683
2289
1958
2347
2682
2271
1963
2339
2674
2263
1912
2361
2684
2257
1958
2346
2682
2267
1948
2331
2676
2259
1942
2340
2688
2279
1934
2345
2678
2261
1946
2346
2680
2257
1914
2341
2686
2264
1926
2347
2683
2260
1952
2337
2678
2275
1926
2343
2687
2285
1950
2356
2680
2261
1954
2349
2680
2279
1957
2340
2691
2278
1942
2347
2676
2253
1924
2330
2686
2256
1932
2345
2686
2279
1950
2338
2676
2251
1960
2347
2680
2283
1971
2341
2685
2251
1928
2339
2678
2263
1952
2331
2678
2285
1938
2348
2686
2275
1928
2355
2676
2253
1900
2339
2680
2283
1956
2331
2682
2267
1932
2332
2677
2256
1943
2345
2684
2291
1944
2339
2687
2252
1913
2348
2678
2275
1946
2338
2684
2272
1970
2353
2682
2265
1946
2333
2678
2269
1928
2357
2684
2287
1938
2329
2680
2267
1934
2332
2676
2252
1950
2343
2688
2267
1956
2353
2680
2272
1934
2343
2680
2273
1942
2353
2687
2287
1922
2343
2678
2257
1962
2346
2676
2263
1942
2343
2686
2263
1944
2338
2678
2250
1909
2332
2682
2250
1946
2350
2685
2248
1944
2343
2678
2264
1940
2343
2682
2272
1906
2351
2690
2279
1926
2335
2677
2275
1938
2360
2680
2277
1948
2335
2686
2273
1954
2342
2678
2277
1930
2342
2684
2281
1944
2339
2683
2281
1936
2349
2678
2279
1932
2338
2683
2272
1956
2357
2686
2268
1944
2332
2679
2265
1951
2352
2682
2271
1928
2346
2686
2267
1961
2340
2677
2271
1952
2330
2684
2273
1942
2358
2680
2259
1952
2337
2680
2279
1956
2348
2686
2291
1922
2335
2684
2259
1964
2332
2680
2254
1927
2339
2684
2285
1970
2343
2682
2269
1945
2343
2680
2279
1932
2337
2687
2276
1928
2344
2678
2269
1930
2346
2678
2267
1938
2348
2692
2293
1946
2340
2682
2273
1940
2339
2684
2279
1926
2349
2685
2285
1976
2348
2682
2260
1918
2351
2680
2271
1950
2373
2686
2271
1910
2351
2678
2277
1922
2321
2684
2277
1944
2339
2686
2273
1946
2336
2678
2255
1932
2337
2686
2269
1916
2355
2684
2272
1930
2339
2674
2275
1940
2356
2682
2282
1938
2339
2684
2272
1934
2325
2680
2255
1956
2335
2684
2277
1970
2343
2678
2257
1934
2331
2682
2265
1950
2346
2686
2257
1952
2340
2683
2259
1931
2343
2678
2267
1932
2350
2688
2267
1942
2347
2680
2265
1910
2333
2680
2252
1926
2338
2692
2285
1940
2335
2680
2259
1922
2350
2684
2276
1954
2355
2688
2269
1940
2332
2678
2268
1948
2341
2686
2283
1926
2345
2686
2273
1944
2327
2682
2277
1930
2348
2685
2277
2595
2337
2690
2297
1944
2338
2680
2252
1934
2338
2680
2263
1938
2356
2686
2268
1930
2349
2680
2265
1942
2332
2682
2271
1920
2345
2684
2252
1922
2339
2672
2259
1926
2343
2682
2272
1938
2356
2684
2255
1914
2327
2674
2262
1942
2345
2684
2269
1915
2342
2684
2281
1936
2323
2676
2273
1938
2348
2686
2267
1944
2345
2682
2261
1916
2324
2678
2253
1928
2339
2686
2277
1918
2336
2678
2271
1918
2339
2679
2259
1936
2346
2688
2271
1936
2339
2678
2242
1914
2344
2676
2257
1918
2349
2687
2279
1956
2349
2682
2273
1910
2340
2680
2271
1926
2341
2686
2275
1930
2351
2679
2271
1917
2339
2680
2279
1950
2361
2688
2263
1930
2341
2678
2261
1944
2333
2684
2283
1896
2341
2684
2273
1944
2345
2674
2273
1913
2347
2682
2277
1940
2353
2686
2267
1928
2337
2673
2277
1938
2335
2682
2279
1946
2350
2685
2261
1976
2337
2676
2267
1926
2337
2683
2289
1972
2349
2680
2275
1936
2333
2676
2259
1922
2351
2688
2267
1952
2343
2686
2250
1936
2331
2682
2265
1946
2335
2685
2271
1934
2333
2682
2256
1930
2331
2678
2279
1958
2341
2687
2289
1930
2353
2684
2273
1932
2334
2679
2283
1901
2339
2690
2263
1912
2327
2680
2257
1952
2341
2678
2269
1936
2362
2686
2277
1936
2345
2678
2261
1916
2342
2680
2277
1918
2353
2690
2305
1936
2337
2678
2259
1927
2333
2684
2289
1916
2349
2686
2291
1948
2342
2676
2277
1915
2346
2678
2293
1912
2349
2687
2271
1941
2337
2674
2251
1914
2348
2682
2263
1944
2349
2684
2277
1920
2351
2675
2259
1919
2329
2684
2261
1916
2355
2684
2263
1918
2343
2676
2269
1912
2333
2687
2274
1942
2333
2680
2260
1934
2336
2678
2273
1930
2333
2681
2269
1958
2336
2680
2263
1910
2344
2682
2266
1919
2333
2684
2269
1932
2344
2682
2273
1909
2335
2680
2261
1954
2346
2688
2277
1940
2347
2678
2269
1930
2346
2680
2265
1954
2343
2692
2283
1950
2347
2679
2249
1940
2344
2678
2268
1944
2344
2688
2252
1914
2331
2678
2249
1928
2349
2682
2251
1910
2353
2686
2275
1934
2339
2672
2269
1924
2338
2684
2264
1938
2343
2688
2283
1946
2346
2677
2275
1914
2329
2684
2269
1946
2336
2683
2283
1922
2341
2676
2241
1914
2338
2683
2277
1952
2351
2682
2266
1948
2339
2674
2248
1930
2338
2689
2272
1926
2341
2684
2276
1922
2343
2680
2254
1930
2333
2692
2267
1928
2354
2681
2273
1922
2335
2676
2259
1932
2340
2686
2263
1950
2351
2682
2273
1965
2346
2678
2261
1938
2333
2690
2270
1942
2337
2682
2275
1936
2353
2676
2252
1916
2344
2686
2267
1932
2340
2679
2251
1938
2339
2678
2277
1926
2334
2686
2291
1913
2337
2676
2259
1936
2347
2681
2271
1928
2343
2689
2293
1945
2344
2676
2279
1930
2321
2680
2283
1916
2346
2688
2267
1926
2339
2674
2271
1943
2331
2680
2274
1936
2351
2688
2275
1942
2338
2675
2262
1910
2345
2682
2272
1940
2346
2686
2265
1940
2338
2674
2260
1930
2345
2686
2267
1934
2342
2686
2260
1903
2345
2676
2253
1928
2336
2688
2291
1952
2347
2684
2263
1916
2334
2673
2265
1893
2349
2684
2275
1942
2338
2684
2261
1917
2327
2680
2246
1930
2332
2687
2289
1927
2344
2684
2267
1918
2325
2678
2266
1948
2347
2685
2259
1954
2337
2676
2253
1928
2338
2678
2269
1932
2346
2686
2273
1956
2355
2678
2271
1948
2331
2680
2277
1962
2335
2692
2273
1938
2335
2678
2273
1920
2338
2681
2281
1922
2340
2686
2259
1936
2327
2674
2272
1940
2335
2684
2263
1946
2340
2684
2241
1934
2327
2681
2275
1934
2344
2681
2259
1952
2356
2685
2283
1944
2339
2682
2259
1916
2333
2682
2271
1936
2339
2686
2251
1938
2344
2674
2269
1915
2341
2686
2273
1948
2349
2683
2263
1922
2343
2678
2269
1916
2329
2684
2267
1930
2342
2680
2251
1954
2325
2681
2273
1952
2331
2686
2267
1928
2331
2680
2278
1908
2334
2676
2277
1932
2341
2686
2257
1934
2347
2680
2285
1926
2343
2680
2249
1944
2336
2694
2267
1934
2345
2678
2255
1932
2336
2682
2270
1954
2355
2686
2279
1948
2331
2678
2257
1912
2337
2682
2249
1957
2358
2689
2265
1916
2347
2678
2256
1918
2331
2678
2275
1944
2341
2686
2277
1954
2337
2678
2271
1920
2338
2680
2285
1942
2349
2684
2263
1934
2337
2680
2245
1940
2341
2684
2279
1938
2346
2686
2270
1949
2323
2680
2263
1926
2340
2680
2250
1934
2350
2682
2273
1920
2333
2676
2254
1938
2342
2688
2287
1928
2335
2681
2258
1928
2339
2678
2273
1944
2333
2685
2263
1936
2354
2680
2280
1940
2333
2676
2285
1946
2350
2691
2258
1920
2335
2682
2257
1918
2334
2684
2277
1920
2354
2688
2277
1934
2346
2681
2267
1902
2331
2682
2266
1942
2352
2684
2263
1954
2354
2680
2281
1926
2333
2680
2267
1906
2344
2686
2258
1936
2337
2680
2246
1940
2342
2683
2261
1946
2351
2686
2279
1938
2331
2674
2259
1940
2341
2682
2267
1922
2356
2682
2275
1936
2351
2674
2285
1942
2344
2678
2270
1942
2341
2682
2263
1918
2348
2676
2272
1908
2339
2686
2278
1943
2357
2684
2275
1958
2337
2680
2271
1938
2331
2691
2297
1936
2344
2680
2262
1942
2335
2682
2275
1934
2338
2682
2257
1924
2329
2682
2259
1938
2333
2676
2237
1927
2347
2688
2287
1902
2345
2680
2281
1938
2337
2678
2252
1928
2345
2686
2259
1968
2345
2682
2278
1922
2333
2678
2281
1934
2345
2690
2286
1916
2342
2678
2266
1940
2337
2680
2267
1918
2344
2688
2277
1928
2342
2677
2265
1934
2337
2682
2257
1936
2347
2685
2269
1902
2341
2678
2285
1942
2346
2680
2277
1916
2359
2686
2263
1924
2331
2677
2243
1928
2340
2684
2263
1940
2345
2685
2268
1924
2344
2676
2271
1928
2346
2682
2277
1930
2344
2684
2293
1928
2335
2674
2261
1930
2320
2685
2264
1928
2357
2680
2261
1918
2340
2674
2256
1926
2329
2682
2257
1948
2344
2684
2275
1923
2349
2676
2267
1932
2352
2686
2288
1946
2341
2682
2269
1930
2348
2682
2271
1940
2329
2688
2273
1961
2345
2678
2255
1931
2341
2680
2262
1928
2343
2687
2289
1926
2336
2681
2272
1932
2333
2684
2263
1944
2349
2691
2257
1930
2339
2676
2279
1932
2356
2680
2280
1936
2331
2688
2283
1932
2348
2678
2267
1950
2351
2684
2289
1940
2339
2685
2267
1922
2341
2682
2267
1922
2353
2683
2281
1922
2347
2686
2260
1928
2337
2680
2281
1940
2343
2684
2265
1952
2347
2682
2261
1926
2352
2676
2279
1934
2345
2684
2271
1938
2350
2682
2263
1928
2343
2674
2273
1930
2356
2682
2255
1940
2331
2684
2275
1941
2336
2679
2265
1930
2345
2688
2273
1963
2332
2682
2266
1926
2337
2680
2263
1936
2329
2684
2277
1940
2346
2684
2248
1936
2329
2680
2283
1900
2352
2690
2242
1962
2347
2680
2263
1932
2337
2679
2267
1942
2339
2684
2269
1914
2363
2682
2258
1944
2329
2682
2277
1977
2360
2683
2285
1934
2327
2678
2264
1924
2325
2678
2261
1938
2337
2688
2255
1938
2341
2676
2267
1914
2333
2684
2267
1926
2346
2682
2269
1940
2342
2676
2261
1932
2343
2688
2275
1955
2352
2682
2268
1920
2343
2676
2263
1926
2349
2684
2279
1920
2347
2684
2262
1934
2336
2678
2263
1938
2337
2684
2279
1942
2341
2681
2255
1932
2335
2675
2259
1932
2338
2684
2255
1932
2342
2684
2285
1914
2329
2676
2299
1944
2341
2685
2273
1912
2337
2682
2267
1916
2324
2680
2268
1952
2333
2688
2267
1936
2338
2684
2259
1910
2327
2678
2255
1944
2348
2687
2274
1938
2344
2680
2266
1918
2337
2676
2269
1936
2343
2690
2275
1948
2355
2678
2256
1925
2344
2678
2283
1922
2347
2686
2267
1930
2339
2674
2266
1918
2339
2688
2265
1914
2340
2688
2255
1924
2343
2672
2241
1944
2335
2680
2252
1942
2343
2682
2263
1926
2327
2678
2263
1916
2340
2684
2291
1950
2347
2680
2277
1932
2335
2674
2261
1924
2330
2684
2267
1936
2341
2684
2277
1926
2342
2674
2267
1950
2344
2686
2270
1956
2337
2680
2261
1911
2331
2680
2291
1925
2343
2684
2271
1918
2340
2681
2257
1948
2333
2674
2253
1932
2347
2683
2275
1933
2343
2676
2279
1926
2327
2683
2257
1950
2335
2690
2263
1922
2335
2680
2268
1954
2347
2680
2281
1938
2347
2685
2277
1934
2355
2678
2283
1914
2335
2682
2291
1944
2350
2683
2280
1959
2351
2676
2253
1942
2344
2680
2258
2551
2356
2692
2267
1942
2342
2676
2311
2333
1968
2160
2386
2738
2399
2317
2027
2073
2387
2682
2485
1989
2376
2136
2557
2277
2158
1936
2341
2474
2576
2257
2342
2224
2345
2683
2265
1938
2353
2684
2279
1920
2335
2678
2279
1918
2356
2682
2261
1973
2340
2684
2287
1938
2325
2676
2257
1918
2343
2684
2271
1928
2345
2682
2279
1922
2334
2676
2268
1926
2357
2686
2271
1970
2336
2681
2255
1947
2343
2678
2269
1959
2340
2688
2261
1942
2342
2678
2250
1916
2344
2674
2274
1952
2368
2686
2272
1934
2341
2672
2245
1928
2339
2678
2250
1916
2350
2688
2273
1944
2338
2680
2264
1940
2337
2678
2251
1936
2344
2688
2278
1948
2325
2676
2265
1936
2338
2687
2272
1934
2347
2686
2263
1912
2342
2678
2257
1944
2348
2682
2264
1936
2355
2683
2277
1934
2348
2676
2267
1952
2341
2680
2261
1934
2350
2686
2258
1944
2339
2672
2277
1938
2343
2686
2271
1932
2359
2682
2279
1920
2334
2674
2267
1951
2334
2684
2267
1936
2340
2684
2269
1940
2337
2678
2279
1928
2331
2682
2275
1960
2347
2680
2260
1928
2331
2674
2275
1950
2341
2688
2277
1928
2345
2682
2265
1946
2342
2677
2269
1923
2343
2688
2273
1938
2349
2678
2266
1936
2335
2682
2265
1952
2352
2686
2266
1958
2349
2680
2269
1956
2338
2678
2264
1952
2351
2688
2265
1938
2339
2678
2257
1982
2330
2680
2278
1930
2355
2684
2271
1958
2327
2674
2274
1926
2329
2682
2279
1926
2345
2680
2271
1934
2347
2678
2263
1957
2337
2682
2283
1976
2337
2682
2277
1950
2346
2683
2265
1926
2345
2684
2277
1968
2347
2681
2277
1924
2345
2672
2267
1949
2350
2684
2263
1950
2343
2682
2258
1912
2337
2676
2251
1942
2342
2687
2282
1924
2343
2684
2289
1930
2335
2678
2269
1940
2343
2688
2279
1947
2337
2680
2291
1926
2329
2678
2263
1936
2358
2684
2287
1928
2356
2680
2267
1940
2333
2676
2260
1942
2359
2688
2267
1958
2334
2681
2249
1972
2335
2680
2271
1940
2346
2685
2275
1914
2353
2678
2268
1926
2341
2678
2265
1930
2355
2686
2281
1915
2337
2678
2269
1932
2338
2682
2256
1940
2343
2686
2259
1948
2332
2675
2271
1926
2339
2682
2263
1962
2342
2687
2269
1907
2340
2674
2273
1922
2332
2686
2268
1938
2347
2686
2271
1926
2347
2678
2273
1932
2343
2681
2260
1946
2341
2686
2269
1932
2339
2678
2272
1905
2341
2686
2265
1949
2347
2686
2246
1938
2327
2678
2263
1942
2343
2687
2256
1926
2345
2684
2263
1948
2336
2678
2278
1951
2355
2686
2279
1940
2338
2682
2268
1908
2339
2678
2266
1926
2344
2689
2275
1934
2334
2678
2250
1922
2325
2680
2249
1926
2346
2688
2289
1942
2339
2678
2261
1920
2334
2680
2258
1930
2343
2690
2267
1990
2350
2678
2270
1944
2337
2682
2259
1906
2337
2686
2281
1944
2331
2678
2259
1928
2342
2684
2276
1944
2343
2690
2269
1910
2349
2676
2255
1938
2341
2682
2267
1944
2344
2680
2245
1936
2345
2676
2254
1926
2327
2682
2287
1932
2348
2682
2266
1936
2337
2676
2273
1924
2343
2686
2264
1938
2337
2678
2271
1922
2344
2670
2274
1954
2345
2686
2275
1934
2334
2680
2252
1932
2343
2680
2271
1930
2350
2688
2268
1958
2357
2676
2275
1926
2327
2680
2263
1934
2339
2686
2275
1956
2336
2678
2259
1964
2336
2681
2291
1944
2352
2686
2281
1963
2346
2679
2252
1928
2349
2684
2269
1914
2346
2686
2265
1940
2345
2678
2281
1906
2327
2684
2260
1930
2356
2686
2259
1928
2339
2676
2252
1936
2334
2682
2277
1948
2356
2685
2267
1932
2341
2678
2270
1915
2331
2680
2257
1936
2345
2686
2260
1944
2343
2676
2235
1934
2336
2680
2261
1941
2337
2688
2263
1930
2338
2677
2256
1936
2335
2682
2253
1938
2338
2688
2269
1952
2335
2678
2259
1918
2346
2686
2279
1924
2345
2682
2258
1928
2329
2678
2263
1971
2355
2690
2264
1920
2343
2678
2253
1932
2334
2678
2271
1914
2345
2688
2281
1952
2340
2676
2256
1914
2339
2676
2279
1914
2355
2687
2266
1981
2345
2676
2275
1926
2338
2682
2257
1936
2361
2688
2259
1950
2323
2677
2271
1936
2323
2684
2273
1977
2333
2688
2271
1942
2337
2680
2275
1962
2337
2681
2256
1938
2345
2683
2275
1946
2327
2680
2261
1928
2341
2676
2269
1942
2352
2686
2259
1950
2336
2678
2278
1934
2344
2684
2277
1946
2334
2683
2250
1917
2331
2674
2271
1935
2339
2682
2259
1938
2359
2684
2275
1932
2334
2676
2259
1928
2346
2688
2285
1930
2341
2682
2253
1930
2335
2678
2264
1934
2346
2686
2259
1942
2337
2686
2275
1924
2342
2676
2253
1930
2342
2686
2279
1922
2327
2682
2261
1928
2336
2681
2279
1930
2343
2692
2285
1930
2342
2682
2254
1954
2351
2680
2277
1926
2329
2687
2295
1912
2346
2676
2252
1942
2362
2682
2281
1938
2341
2690
2265
1926
2353
2678
2263
1924
2335
2678
2285
1938
2339
2684
2275
1914
2350
2678
2264
1954
2339
2684
2291
1936
2347
2683
2277
1940
2339
2680
2265
1916
2336
2682
2276
1923
2331
2684
2273
1932
2342
2675
2261
1930
2353
2680
2266
1924
2358
2684
2276
1949
2333
2676
2254
1928
2336
2680
2261
1928
2342
2682
2271
1925
2333
2674
2253
1932
2353
2681
2285
1940
2341
2682
2275
1920
2347
2680
2274
1936
2347
2682
2271
1944
2341
2682
2247
1936
2345
2678
2277
1930
2355
2687
2272
1948
2329
2678
2263
1916
2327
2678
2267
1912
2349
2686
2264
1959
2341
2678
2279
1926
2334
2675
2257
1940
2347
2687
2267
1926
2349
2677
2252
1924
2331
2682
2251
1946
2335
2682
2271
1934
2357
2676
2250
1918
2336
2682
2271
1926
2351
2684
2279
1936
2363
2677
2275
1934
2349
2686
2279
1938
2332
2682
2279
1926
2331
2674
2264
1912
2348
2684
2272
1960
2338
2683
2269
1940
2337
2678
2273
1968
2348
2688
2274
1916
2335
2682
2273
1936
2332
2678
2266
1952
2347
2684
2273
1946
2349
2683
2287
1946
2348
2676
2261
1940
2358
2686
2243
1942
2335
2686
2269
1946
2330
2680
2266
1936
2347
2688
2279
1946
2355
2679
2273
1942
2335
2678
2266
1950
2337
2686
2284
1926
2339
2682
2244
1932
2335
2680
2263
1952
2337
2691
2281
1944
2339
2678
2251
1944
2352
2682
2282
1936
2357
2688
2289
1940
2340
2678
2270
1918
2339
2682
2268
1928
2346
2690
2273
1934
2332
2676
2266
1924
2339
2682
2279
1934
2347
2686
2272
1932
2345
2674
2267
1961
2351
2680
2273
1954
2341
2686
2279
1938
2332
2676
2268
1966
2343
2684
2277
1932
2356
2684
2266
1940
2337
2672
2254
1924
2351
2686
2259
1950
2343
2682
2277
1914
2331
2678
2257
1962
2341
2688
2283
1914
2333
2678
2266
1922
2327
2680
2255
1909
2343
2685
2263
1957
2333
2681
2281
1924
2345
2678
2257
1952
2351
2689
2262
1934
2343
2680
2253
1920
2345
2682
2264
1928
2331
2688
2279
1928
2350
2682
2297
1916
2321
2684
2261
1970
2334
2688
2268
1966
2356
2678
2270
1942
2354
2684
2277
1960
2337
2684
2257
1928
2338
2676
2270
1938
2336
2680
2273
1944
2364
2688
2267
1958
2340
2682
2276
1932
2335
2684
2261
1951
2351
2686
2287
1932
2346
2676
2258
1928
2336
2682
2273
1934
2359
2684
2257
1932
2338
2678
2270
1920
2346
2682
2264
1930
2351
2676
2261
1926
2341
2678
2275
1948
2335
2684
2273
1953
2356
2684
2250
1917
2329
2674
2279
1894
2350
2686
2281
1950
2349
2682
2267
1934
2336
2676
2267
1944
2335
2686
2265
1950
2354
2680
2267
1950
2339
2678
2277
1920
2357
2689
2279
1936
2339
2682
2269
1932
2350
2676
2265
1940
2360
2690
2281
1930
2343
2681
2245
1921
2343
2678
2265
1944
2341
2686
2267
1942
2348
2678
2270
1940
2325
2678
2283
1940
2345
2685
2268
1932
2337
2678
2285
1919
2339
2682
2260
1956
2347
2686
2273
1940
2344
2676
2291
1940
2336
2680
2259
1934
2342
2684
2277
1922
2331
2676
2264
1940
2346
2684
2277
1924
2353
2682
2263
1924
2338
2676
2273
1936
2353
2684
2280
1942
2349
2680
2271
1926
2343
2674
2254
1944
2356
2694
2287
1918
2350
2682
2273
1938
2333
2676
2267
1934
2338
2686
2267
1940
2345
2682
2244
1922
2338
2680
2261
1957
2344
2688
2272
1922
2344
2676
2255
1916
2334
2676
2278
1938
2336
2692
2267
1926
2331
2678
2259
1912
2327
2678
2283
1927
2352
2685
2287
1938
2343
2676
2243
1946
2338
2685
2262
1999
2347
2686
2273
1945
2337
2678
2260
1924
2335
2682
2279
1936
2349
2687
2286
1946
2347
2678
2293
1944
2343
2684
2261
1938
2341
2686
2268
1966
2342
2674
2273
1936
2342
2688
2264
1932
2343
2682
2269
1948
2333
2672
2287
1943
2331
2686
2253
1949
2338
2681
2279
1922
2345
2676
2269
1926
2355
2689
2289
1966
2345
2682
2267
1954
2335
2678
2274
1928
2337
2686
2268
1946
2357
2684
2274
1936
2330
2678
2277
1950
2348
2688
2271
1921
2340
2682
2270
1922
2325
2678
2279
1956
2355
2690
2277
1930
2353
2676
2253
1924
2347
2678
2271
1938
2355
2690
2273
1940
2332
2678
2273
1926
2349
2682
2269
1924
2349
2687
2271
1942
2341
2678
2253
1928
2342
2682
2279
1924
2340
2686
2257
1968
2331
2674
2275
1931
2335
2680
2264
1952
2354
2686
2273
1940
2332
2678
2255
1924
2335
2682
2281
1940
2339
2682
2277
1919
2329
2676
2253
1946
2340
2685
2266
1952
2347
2686
2275
1946
2348
2676
2254
1930
2345
2688
2281
1954
2358
2684
2259
1917
2327
2676
2254
1932
2339
2687
2260
1924
2336
2682
2247
1912
2329
2677
2263
1914
2341
2684
2287
1928
2337
2678
2245
1932
2334
2676
2277
1954
2343
2688
2287
1931
2352
2680
2259
1924
2331
2676
2261
1928
2344
2686
2259
1926
2336
2678
2250
1914
2340
2680
2253
1952
2351
2686
2273
1942
2356
2681
2251
1942
2336
2679
2269
1940
2339
2684
2269
1942
2332
2677
2277
1962
2344
2682
2281
1948
2357
2690
2283
1954
2345
2678
2259
1916
2322
2682
2268
1950
2337
2686
2267
1925
2337
2674
2256
1950
2331
2680
2269
1936
2335
2682
2276
1928
2341
2672
2256
1920
2345
2690
2271
1932
2341
2685
2257
1950
2341
2676
2272
1940
2346
2685
2267
1942
2342
2682
2259
1952
2327
2675
2289
1914
2341
2688
2269
1932
2331
2682
2262
1919
2333
2676
2263
1964
2336
2687
2266
1926
2349
2682
2269
1920
2329
2685
2265
1962
2345
2684
2273
1956
2338
2679
2248
1908
2355
2682
2273
1918
2356
2689
2249
1938
2326
2676
2258
1920
2337
2680
2273
1971
2344
2688
2265
1950
2343
2674
2271
1932
2342
2682
2269
1950
2349
2689
2263
1936
2350
2674
2248
1934
2323
2686
2260
1930
2348
2684
2269
1940
2328
2678
2267
1922
2353
2680
2269
1928
2358
2686
2244
1924
2331
2670
2273
1940
2340
2687
2268
1917
2350
2686
2270
1934
2337
2672
2262
1928
2333
2686
2261
1948
2352
2686
2271
1918
2333
2674
2265
1975
2348
2690
2273
1928
2349
2682
2261
1912
2331
2679
2271
1930
2335
2690
2253
1932
2341
2683
2248
1968
2345
2679
2267
1948
2341
2689
2285
1944
2347
2675
2267
1924
2341
2678
2247
1974
2350
2689
2289
1902
2339
2680
2259
1938
2339
2682
2279
1928
2347
2687
2253
1938
2335
2680
2272
1916
2353
2684
2279
1910
2343
2683
2268
1940
2333
2674
2261
1918
2344
2680
2266
1936
2347
2684
2279
1924
2349
2674
2261
1928
2351
2684
2276
1926
2354
2684
2289
1936
2340
2678
2261
1934
2355
2687
2275
1928
2332
2685
2257
1918
2331
2676
2273
1928
2340
2684
2277
1962
2346
2684
2275
1950
2342
2676
2279
1922
2351
2688
2283
1968
2347
2682
2274
1929
2347
2676
2252
1952
2345
2690
2273
1948
2337
2678
2263
1930
2335
2680
2277
1932
2354
2690
2265
1950
2346
2682
2273
1948
2328
2676
2272
1916
2333
2690
2257
1934
2344
2677
2261
1936
2345
2678
2275
1932
2349
2689
2259
1922
2335
2680
2257
1930
2340
2682
2284
1952
2343
2690
2269
1942
2341
2680
2250
1918
2335
2682
2275
1934
2352
2680
2271
1948
2351
2672
2246
1928
2332
2682
2269
1952
2360
2682
2263
1921
2354
2674
2261
1942
2340
2684
2269
1918
2349
2682
2259
1962
2344
2676
2265
1946
2347
2682
2263
1928
2350
2684
2249
1938
2345
2676
2269
1920
2347
2684
2253
1932
2334
2682
2254
1940
2345
2678
2267
1922
2337
2686
2285
1938
2344
2680
2263
1940
2319
2678
2258
1926
2346
2688
2259
1940
2338
2678
2278
1930
2331
2680
2287
1926
2336
2688
2268
1936
2347
2680
2257
1946
2333
2682
2279
1927
2337
2690
2260
1942
2345
2683
2259
1936
2328
2682
2260
1936
2354
2684
2271
1936
2339
2676
2251
1960
2331
2680
2268
1924
2351
2684
2271
1924
2337
2678
2275
1938
2337
2683
2266
1912
2349
2686
2257
1934
2347
2676
2267
1917
2348
2682
2265
1938
2355
2685
2281
1934
2347
2676
2271
1920
2334
2684
2281
1932
2353
2680
2264
1938
2344
2677
2253
1961
2344
2686
2267
1926
2335
2682
2257
1932
2334
2674
2263
1920
2341
2680
2299
1932
2356
2676
2258
1909
2329
2680
2265
1920
2346
2688
2267
1906
2355
2682
2260
1936
2336
2684
2256
1940
2345
2688
2287
1946
2361
2680
2263
1945
2337
2678
2263
1946
2354
2688
2289
1948
2340
2678
2283
1944
2338
2679
2263
1974
2358
2688
2264
1961
2329
2678
2283
1930
2335
2684
2269
1942
2351
2688
2285
1950
2333
2679
2259
1946
2337
2688
2273
1938
2342
2684
2266
1934
2341
2684
2252
1934
2343
2684
2251
1940
2345
2686
2267
1932
2339
2674
2271
1928
2355
2684
2280
1920
2346
2680
2265
1926
2337
2678
2262
1930
2353
2688
2265
1967
2347
2683
2267
1916
2335
2676
2275
1958
2339
2685
2263
1938
2349
2682
2253
1942
2330
2678
2256
1924
2346
2688
2277
1946
2356
2682
2261
1932
2331
2678
2263
1948
2331
2692
2269
1922
2349
2682
2269
1930
2327
2685
2271
1944
2333
2692
2269
1932
2343
2676
2271
1932
2326
2678
2257
1950
2344
2688
2279
1930
2325
2680
2250
1960
2333
2682
2285
1932
2348
2688
2277
1942
2349
2676
2261
1922
2347
2682
2271
1936
2353
2686
2271
1942
2334
2677
2259
1914
2350
2682
2269
1922
2337
2686
2283
1914
2335
2676
2266
1936
2347
2684
2277
1961
2331
2686
2255
1919
2327
2674
2265
1954
2341
2682
2260
1934
2349
2684
2242
1940
2328
2677
2264
1932
2333
2684
2273
1944
2344
2684
2256
1926
2333
2676
2273
1945
2336
2684
2277
1932
2342
2684
2254
1912
2350
2678
2299
1968
2341
2689
2295
1914
2333
2682
2264
1918
2350
2682
2277
1904
2337
2689
2287
1958
2333
2678
2273
1930
2339
2676
2263
1966
2340
2685
2264
1938
2347
2680
2251
1922
2341
2678
2256
1954
2332
2688
2265
1940
2347
2678
2270
1938
2357
2680
2264
1950
2346
2685
2264
1922
2329
2678
2279
1918
2333
2680
2263
1920
2355
2686
2285
1928
2351
2676
2242
1946
2355
2684
2274
1938
2358
2682
2269
1927
2336
2675
2251
1934
2351
2686
2261
1940
2369
2685
2251
1936
2339
2680
2259
1949
2334
2686
2274
1930
2347
2682
2255
1916
2335
2676
2267
1940
2344
2686
2269
1970
2349
2680
2265
1956
2337
2676
2263
1936
2335
2687
2293
1919
2348
2678
2264
1924
2335
2676
2261
1949
2344
2687
2276
1914
2341
2678
2259
1912
2331
2676
2277
1924
2345
2688
2257
1948
2357
2679
2264
1940
2335
2684
2269
1928
2338
2688
2281
1928
2349
2678
2267
1932
2347
2685
2269
1944
2343
2688
2289
1962
2340
2676
2261
1926
2339
2679
2269
1930
2347
2684
2299
1944
2341
2680
2251
1928
2351
2682
2277
1988
2352
2682
2272
1948
2345
2672
2279
1918
2345
2680
2277
1938
2357
2688
2263
1940
2337
2672
2270
1930
2343
2684
2265
1934
2349
2682
2271
1913
2349
2675
2247
1934
2340
2686
2293
1936
2342
2682
2279
1928
2335
2682
2259
1930
2349
2686
2275
1930
2337
2680
2267
1940
2358
2678
2258
1934
2337
2690
2275
1930
2350
2686
2254
1940
2353
2678
2279
1930
2361
2687
2271
1910
2341
2676
2269
1955
2345
2678
2279
1968
2337
2691
2279
1934
2358
2676
2274
1926
2347
2678
2266
1926
2336
2688
2261
1942
2342
2676
2261
1934
2339
2680
2273
1946
2350
2684
2271
1950
2343
2676
2253
1916
2342
2683
2248
1976
2359
2686
2257
1922
2342
2676
2256
1924
2345
2682
2285
1946
2350
2686
2279
1944
2338
2676
2276
1944
2351
2688
2281
1954
2335
2686
2255
1958
2337
2674
2261
1940
2330
2686
2273
1942
2349
2682
2273
1930
2328
2681
2263
1918
2349
2686
2283
1952
2346
2680
2278
1924
2331
2684
2275
1924
2334
2690
2275
1928
2347
2680
2269
1914
2347
2678
2272
1979
2345
2684
2285
1955
2337
2681
2263
1951
2332
2682
2275
1962
2349
2693
2281
1920
2353
2678
2258
1918
2327
2680
2277
1936
2347
2689
2260
1924
2348
2682
2261
1927
2338
2682
2265
2000
2356
2686
2267
1956
2336
2676
2261
1907
2351
2680
2246
1964
2340
2688
2257
1914
2339
2676
2250
1926
2341
2684
2273
1961
2345
2687
2264
1958
2335
2674
2243
1942
2341
2682
2282
1938
2351
2684
2273
1950
2338
2675
2263
1951
2349
2684
2257
1936
2345
2684
2275
1938
2329
2676
2263
1940
2337
2684
2243
1946
2351
2684
2252
1928
2331
2678
2265
1926
2344
2686
2267
1936
2341
2678
2261
1914
2326
2680
2249
1938
2339
2687
2264
1944
2343
2677
2285
1942
2341
2682
2265
1920
2350
2686
2265
1938
2346
2678
2265
1938
2342
2680
2274
1924
2347
2692
2277
1928
2341
2680
2264
1905
2335
2680
2283
1964
2342
2685
2267
1920
2345
2678
2277
1938
2339
2678
2277
1940
2337
2686
2267
1946
2345
2674
2259
1914
2345
2686
2275
1940
2351
2688
2265
1940
2344
2673
2265
1934
2339
2682
2279
1948
2343
2682
2280
1950
2327
2674
2259
1934
2339
2684
2268
1920
2349
2682
2279
1944
2340
2674
2279
1943
2348
2686
2263
1955
2347
2683
2271
1960
2337
2676
2253
1938
2342
2684
2271
1892
2330
2680
2281
1940
2329
2678
2247
1912
2342
2688
2305
1914
2339
2682
2277
1940
2335
2680
2267
1958
2333
2688
2281
1938
2352
2680
2256
1946
2341
2680
2261
1932
2342
2690
2255
1924
2333
2682
2275
1926
2332
2680
2265
1968
2333
2690
2261
1956
2332
2681
2265
1938
2335
2682
2268
1932
2352
2684
2255
1948
2329
2678
2273
1938
2339
2682
2281
1972
2358
2685
2276
1948
2339
2676
2285
1936
2339
2684
2277
1936
2345
2692
2263
1908
2344
2674
2264
1945
2341
2684
2254
1950
2343
2680
2267
1942
2343
2669
2253
1940
2330
2684
2257
1944
2334
2682
2268
1920
2346
2676
2275
1960
2359
2684
2295
1932
2333
2684
2261
1926
2356
2678
2266
1932
2333
2688
2271
1952
2327
2679
2279
1932
2323
2684
2255
1942
2350
2687
2289
1956
2343
2676
2236
1926
2332
2678
2271
1948
2347
2690
2281
1956
2323
2677
2263
1936
2339
2678
2266
1946
2327
2688
2266
1953
2347
2678
2252
1914
2340
2685
2265
1944
2341
2688
2280
1942
2335
2678
2247
1928
2332
2683
2252
1930
2363
2686
2267
1923
2328
2673
2261
1959
2353
2682
2257
1930
2344
2681
2259
1946
2323
2678
2279
1934
2359
2685
2282
1926
2339
2686
2259
1924
2329
2674
2273
1951
2349
2690
2262
1998
2347
2684
2251
1954
2342
2676
2261
1924
2333
2686
2277
1918
2335
2682
2274
1934
2327
2674
2277
1916
2346
2685
2271
1928
2341
2682
2257
1934
2331
2678
2279
1949
2353
2688
2271
1920
2338
2684
2252
1938
2339
2682
2267
1922
2358
2687
2274
1892
2344
2676
2258
1916
2337
2683
2274
1910
2347
2687
2283
1928
2333
2676
2271
1926
2338
2679
2275
1924
2340
2690
2279
1926
2341
2676
2259
1925
2341
2678
2281
1936
2338
2688
2263
1934
2343
2680
2255
1932
2337
2686
2259
1917
2359
2688
2265
1936
2356
2678
2271
1952
2336
2681
2255
1936
2345
2684
2263
1960
2351
2673
2250
1904
2341
2684
2258
1934
2354
2682
2278
1942
2335
2678
2265
1925
2351
2684
2289
1938
2339
2678
2263
1930
2329
2678
2253
1926
2341
2686
2264
2280
2351
2682
2265
1934
2339
2674
2279
1952
2349
2686
2273
1924
2349
2679
2265
1920
2336
2677
2264
1936
2350
2691
2264
1918
2336
2681
2265
1916
2338
2678
2258
1940
2360
2684
2281
1928
2338
2678
2266
1940
2343
2682
2257
1951
2362
2684
2277
1932
2337
2678
2251
1936
2347
2682
2254
1946
2339
2692
2263
1928
2340
2675
2263
1950
2331
2680
2251
1926
2345
2682
2263
1965
2331
2682
2257
1948
2331
2682
2275
1936
2344
2680
2276
1923
2341
2672
2243
1936
2340
2684
2270
1932
2343
2684
2255
1922
2325
2679
2271
1915
2352
2684
2275
1921
2340
2680
2249
1936
2331
2678
2281
1942
2326
2686
2273
1942
2355
2682
2271
1922
2342
2676
2267
1952
2361
2692
2287
1938
2338
2683
2239
1924
2329
2676
2277
1915
2343
2682
2271
1946
2348
2682
2258
1926
2341
2678
2271
1908
2345
2690
2279
1940
2351
2678
2271
1930
2347
2680
2279
1928
2353
2688
2277
1908
2342
2680
2279
1950
2343
2679
2249
1936
2349
2687
2271
1944
2341
2678
2273
1926
2342
2680
2280
1958
2346
2686
2269
1938
2351
2678
2261
1938
2354
2680
2273
1926
2339
2684
2261
1956
2338
2674
2270
1944
2339
2688
2269
1956
2350
2682
2266
1912
2327
2670
2252
1930
2330
2682
2266
1940
2349
2684
2265
1922
2338
2815
2265
1915
2811
2685
2283
1942
2347
2682
2261
1920
2339
2678
2256
1942
2349
2690
2281
1908
2354
2682
2283
1948
2337
2676
2265
1944
2348
2686
2254
1938
2341
2682
2271
1943
2329
2676
2287
1919
2355
2694
2257
1952
2360
2678
2278
1942
2333
2678
2267
1936
2335
2687
2275
1928
2349
2678
2269
1934
2334
2682
2275
1936
2337
2687
2266
1950
2333
2680
2265
1916
2342
2682
2264
1930
2347
2689
2271
1936
2351
2680
2256
1932
2343
2684
2257
1924
2341
2682
2285
1918
2342
2674
2273
1932
2333
2682
2285
1929
2347
2680
2269
1914
2341
2672
2273
1916
2341
2684
2283
1928
2364
2684
2251
1936
2334
2678
2278
1948
2336
2684
2284
1939
2347
2683
2261
1950
2341
2678
2283
1922
2335
2684
2270
1928
2347
2686
2257
1938
2333
2674
2277
1924
2353
2688
2268
1962
2328
2683
2255
1940
2335
2676
2265
1916
2349
2690
2278
1954
2347
2684
2258
1936
2351
2682
2251
1940
2345
2688
2283
1942
2336
2678
2259
1918
2335
2680
2284
1932
2343
2690
2267
1930
2349
2678
2259
1930
2349
2680
2277
1938
2346
2688
2273
1952
2341
2676
2271
1922
2332
2679
2272
1954
2335
2684
2277
1948
2332
2676
2277
1920
2331
2679
2269
1940
2343
2688
2269
1932
2334
2672
2265
1934
2331
2686
2273
1942
2347
2684
2265
1940
2343
2674
2281
1948
2336
2683
2276
1952
2348
2682
2271
1917
2342
2673
2249
1938
2351
2684
2273
1944
2346
2681
2271
1938
2339
2678
2243
1951
2348
2690
2273
1948
2345
2680
2267
1936
2333
2678
2267
1921
2351
2684
2261
1950
2339
2684
2259
1912
2342
2680
2266
1928
2341
2688
2275
1962
2339
2680
2238
1924
2333
2678
2269
1932
2346
2688
2281
1918
2353
2682
2261
1934
2344
2680
2269
1917
2358
2688
2277
1966
2353
2678
2270
1954
2337
2684
2273
1958
2348
2689
2263
1918
2355
2674
2262
1930
2338
2686
2259
1940
2353
2690
2259
1950
2339
2676
2263
1936
2343
2683
2279
1936
2357
2682
2279
1918
2342
2678
2271
1946
2343
2684
2281
1934
2343
2685
2287
1942
2331
2676
2246
1962
2339
2690
2285
1928
2349
2682
2257
1895
2339
2678
2263
1919
2341
2685
2264
1942
2336
2682
2268
1930
2332
2677
2263
1908
2346
2687
2283
1916
2341
2678
2277
1938
2341
2678
2259
1936
2338
2688
2269
1928
2353
2678
2244
1936
2337
2678
2278
1980
2355
2688
2279
1936
2327
2674
2255
1938
2341
2684
2277
1926
2344
2693
2278
1923
2345
2678
2252
1918
2346
2682
2267
1938
2339
2686
2278
1946
2335
2678
2265
1932
2341
2680
2273
1942
2349
2684
2263
1948
2339
2680
2270
1936
2345
2680
2271
1932
2349
2681
2266
1943
2341
2674
2265
1924
2349
2682
2275
1930
2353
2686
2253
1959
2343
2676
2265
1940
2341
2686
2282
1942
2350
2678
2266
1942
2349
2676
2278
1930
2352
2684
2262
1940
2339
2683
2250
1916
2331
2680
2287
1926
2341
2687
2270
1912
2342
2682
2279
1914
2336
2678
2268
1928
2345
2686
2273
1936
2340
2685
2260
1922
2347
2678
2253
1942
2340
2688
2277
1924
2350
2680
2252
1934
2343
2680
2273
1948
2345
2686
2269
1930
