2352
2154
1864
2206
2356
2152
1822
2196
2368
2144
1814
2216
2358
2130
1854
1504
1418
1678
1830
2204
2350
2150
1822
2214
2354
2148
1836
2208
2364
2134
1844
2222
2360
2152
1830
2220
2354
2142
1820
2202
2352
2144
1830
2214
2354
2150
1822
2208
2356
2158
1820
2194
2360
2138
1816
2210
2356
2144
1816
2200
2352
2144
1830
2200
2350
2148
1814
2202
2354
2154
1830
2206
2358
2154
1818
2212
2358
2154
1852
2202
2354
2156
1820
2226
2348
2132
1824
2206
2352
2142
1834
2208
2354
2136
1822
2208
2360
2134
1818
2218
2358
2134
1814
2216
2352
2156
1824
2202
2346
2162
1826
2202
2356
2142
1816
2210
2360
2152
1810
2220
2360
1446
1824
2218
2362
2144
1830
2208
2348
2134
1828
2214
2354
2146
1832
2200
2364
2172
1836
2200
2360
2130
1858
2208
2358
2148
1800
2206
2352
2150
1828
2200
2352
2182
1806
2210
2354
2156
1844
2212
2358
2154
1822
2224
2360
2140
1850
2208
2354
2126
1826
2224
2346
2142
1816
2204
2358
2156
1832
2196
2358
2154
1830
2202
2362
2166
1846
2226
2354
2132
1814
2206
2350
2142
1824
2204
2350
2142
1806
2200
2356
2154
1818
2208
2360
2126
1852
2208
2364
2154
1840
2210
2354
2156
1844
2206
2348
2136
1832
2202
2354
2162
1838
2198
2358
2154
1644
1486
1804
1444
1402
2132
2064
2122
1828
2208
2350
2152
1820
2212
2350
2146
1852
2202
2356
2144
1852
2198
2360
2158
1848
2206
2356
2136
1838
2194
2352
2152
1824
2212
2352
2156
1838
2206
2352
2144
1858
2208
2358
2146
1818
2212
2364
2136
1848
2212
2356
2152
1830
2208
2352
2160
1850
2210
2352
2136
1844
2198
2356
2164
1836
2196
2362
2146
1830
2216
2356
2132
1820
2216
2350
2156
1824
2210
2354
2152
1816
2188
2356
2146
1836
2208
2360
2160
1822
2196
2362
2144
1804
2204
2354
2132
1862
2208
2352
2136
1834
2206
2356
2136
1824
1672
1458
2166
1822
2198
2360
2148
1822
2206
2358
2154
1814
2224
2354
2156
1822
2204
2352
2154
1822
2204
2354
2156
1812
2208
2362
2154
1832
2206
2370
2152
1826
2214
2358
2152
1832
2220
2348
2154
1814
2200
2356
2152
1810
2206
2358
2138
1846
2208
2360
2156
1814
2206
2354
2146
1848
2204
2350
2132
1830
2200
2352
2160
1810
2204
2356
2136
1836
2216
2360
2142
1838
2218
2356
2140
1814
2218
2354
2148
1822
2210
2350
2144
1822
2218
2352
2148
1820
2212
2358
2150
1820
2212
2358
2140
1860
2210
2360
2126
1820
2206
2350
2136
1832
2218
2352
1460
1808
2210
2358
2154
1836
2214
2360
2140
1836
2210
2358
2142
1828
2214
2352
2144
1868
2206
2356
2162
1818
2188
2354
2152
1818
2198
2356
2154
1832
2204
2364
2172
1834
2218
2356
2144
1816
2200
2350
2156
1838
2204
2354
2160
1848
2218
2358
2152
1842
2212
2360
2140
1820
2204
2356
2140
1848
2208
2354
2168
1844
2192
2350
2154
1814
2210
2354
2156
1826
2206
2360
2150
1812
2220
2358
2136
1814
2202
2352
2138
1832
2192
2350
2134
1816
2210
2352
2156
1818
2202
2356
2158
1812
2208
2360
2144
1812
2220
2356
2158
1824
2206
2350
2150
1522
2204
2362
2146
1820
2202
2354
2154
1818
2212
2360
2148
1816
2198
2360
2144
1812
2204
2352
2156
1828
2206
2352
2156
1832
2200
2352
2154
1824
2200
2360
2138
1836
2194
2358
2154
1818
2214
2352
2136
1834
2218
2354
2174
1834
2202
2354
2140
1866
2206
2354
2138
1824
2200
2364
2132
1820
2212
2358
2122
1832
2228
2352
2136
1814
2224
2348
2160
1852
2208
2358
2154
1850
2202
2358
2154
1816
2208
2358
2144
1824
2218
2354
2138
1832
2214
2352
2118
1806
2206
2352
2170
1810
2196
2356
2148
1816
2212
2362
2146
1806
2212
2358
2142
1820
1630
1592
1548
2032
2210
2352
2140
1830
2202
2354
2148
1820
2210
2358
2142
1814
2194
2360
2152
1832
2212
2358
2138
1832
2216
2350
2136
1832
2200
2352
2158
1830
2208
2354
2160
1800
2202
2362
2134
1842
2206
2354
2138
1840
2222
2350
2130
1830
2210
2348
2138
1812
2202
2356
2150
1866
2214
2362
2144
1810
2200
2354
2134
1816
2210
2356
2132
1814
2216
2350
2150
1834
2202
2352
2162
1836
2212
2358
2164
1824
2200
2362
2160
1844
2208
2354
2132
1846
2210
2354
2136
1832
2204
2352
2142
1828
2190
2358
2158
1842
2204
2360
2130
1800
2208
2356
1444
1816
2216
2366
2154
1834
2204
2348
2138
1842
2206
2354
2142
1836
2202
2358
2130
1824
2212
2356
2138
1816
2226
2356
2158
1848
2218
2354
2140
1832
2224
2354
2186
1830
2204
2356
2148
1830
2208
2362
2134
1842
2208
2356
2150
1816
2214
2352
2152
1824
2214
2350
2134
1834
2212
2354
2190
1826
2200
2360
2142
1812
2210
2360
2130
1814
2208
2354
2130
1826
2206
2352
2146
1828
2208
2364
2138
1808
2212
2360
2140
1816
2214
2362
2140
1834
2194
2354
2140
1820
2228
2352
2150
1816
2214
2352
2138
1810
2210
2356
2150
1806
2218
2360
2134
1484
1746
2358
2154
1800
2214
2356
2160
1824
2210
2350
2140
1852
2210
2354
2158
1812
2192
2364
2138
1826
2198
2362
2146
1838
2210
2358
2132
1842
2224
2352
2140
1820
2214
2350
2134
1854
2202
2358
2148
1826
2196
2358
2146
1828
2220
2356
2122
1828
2220
2352
2138
1818
2210
2352
2126
1820
2190
2354
2144
1832
2200
2356
2150
1820
2200
2360
2142
1806
2224
2358
2134
1798
2212
2350
2148
1838
2196
2352
2154
1826
2196
2358
2146
1834
2200
2360
2156
1832
2232
2360
2130
1836
2214
2354
2160
1868
2194
2348
2144
1814
2194
2356
2156
1838
1586
1654
2180
1864
2222
2370
2138
1824
2212
2354
2122
1798
2204
2348
2160
1824
2214
2350
2128
1818
2206
2354
2188
1824
2206
2362
2144
1842
2210
2358
2160
1824
2208
2364
2138
1844
2214
2352
2146
1822
2212
2356
2144
1814
2222
2358
2162
1846
2196
2358
2154
1820
2214
2352
2148
1816
2206
2348
2152
1822
2206
2352
2138
1826
2204
2354
2136
1840
2204
2360
2132
1810
2202
2358
2128
1830
2212
2350
2154
1826
2204
2350
2148
1840
2198
2356
2148
1826
2204
2358
2160
1818
2236
2358
2130
1850
2204
2352
2136
1826
2204
2356
2148
1868
2208
2352
1458
1378
1514
1296
1490
1660
1338
1570
1546
1348
1292
1282
1320
1304
1288
1366
1602
1336
1330
1296
1574
1944
1742
1348
1322
1288
2050
2304
1952
2222
2098
1992
2142
1828
2216
2352
2142
1834
2216
2352
2152
1834
2204
2362
2166
1808
2204
2358
2128
1836
2208
2362
2136
1820
2204
2354
2126
1822
2216
2350
2136
1828
2212
2352
2156
1816
2206
2354
2156
1824
2208
2358
2138
1820
2212
2358
2130
1834
2226
2362
2148
1816
2216
2348
2144
1826
2206
2356
2142
1850
2194
2356
2150
1836
2200
2358
2156
1834
2206
2352
2164
1826
2208
2352
2148
1766
2092
2362
2166
1834
2212
2354
2140
1846
2208
2360
2152
1816
2204
2354
2150
1828
2216
2352
2162
1826
2216
2350
2150
1806
2204
2352
2164
1824
2186
2362
2146
1828
2194
2360
2146
1826
2220
2352
2162
1810
2200
2350
2150
1828
2200
2352
2154
1844
2202
2360
2162
1818
2204
2360
2136
1814
2204
2358
2136
1816
2196
2352
2150
1820
2214
2358
2132
1822
2206
2354
2134
1850
2200
2360
2138
1828
2206
2358
2156
1832
2204
2356
2160
1816
2216
2350
2156
1818
2196
2354
2136
1850
2222
2356
2142
1824
2204
2360
2136
1852
2212
2356
2146
1814
1672
2354
2156
1808
2212
2352
2126
1828
2204
2354
2164
1832
2202
2358
2152
1826
2210
2358
2136
1826
2214
2354
2130
1824
2230
2352
2166
1818
2200
2356
2146
1824
2196
2360
2158
1820
2206
2360
2148
1828
2212
2358
2142
1826
2202
2354
2150
1832
2216
2354
2138
1848
2194
2356
2154
1824
2196
2362
2124
1834
2220
2358
2138
1834
2214
2352
2142
1828
2214
2348
2136
1834
2202
2354
2144
1818
2198
2356
2150
1810
2204
2360
2134
1810
2222
2354
2116
1826
2210
2350
2142
1838
2208
2350
2144
1840
2198
2354
2154
1840
2200
2358
2142
1818
2218
2358
75666
1512
1322
2308
2254
1336
1344
1362
1606
1482
2040
2242
2428
1884
2210
2414
1794
2414
2402
2406
2148
2128
1358
1898
1460
1698
1440
1818
2380
1472
2068
1776
2052
1280
1316
1478
2204
1342
1612
1538
1796
1270
1320
1346
1806
1462
1898
1992
2232
1432
1424
2214
2382
2450
2526
2524
2452
2542
2522
2350
2422
2388
2378
1726
1650
1406
1460
1576
1352
1436
1660
1422
1550
1788
2012
1844
2044
1706
1794
1806
1608
2038
1544
1646
1464
1460
1288
1374
1516
1498
1520
1470
1460
1570
1440
1408
1488
1450
1378
1412
1604
1518
1558
1476
1596
1480
1496
1786
1526
1478
1478
1742
1668
1694
1750
1898
1866
1732
1428
2464
2596
2682
2598
2696
2684
2238
1562
2628
2676
2504
2628
2634
2628
2702
2216
1536
2410
2292
2668
2472
2704
2700
2496
1900
2512
2596
2592
2630
2530
2572
2534
2588
2492
2414
2568
2574
2092
2754
2622
2540
2572
2586
2536
2282
2676
2632
2794
2576
2804
2026
2608
2736
2586
2594
2766
2158
2060
2646
2538
2492
2570
2710
2224
2596
2514
2620
2374
2756
2474
2472
2548
2592
2596
2576
2598
2620
2062
2678
2656
2588
2622
2692
2462
2096
2598
2612
2758
2618
2612
2006
1390
2394
2596
2634
2360
2628
1916
2476
2648
2584
2584
2562
2574
2472
2036
2522
2576
2646
2690
2576
2446
1746
2056
2428
2438
2418
1556
1676
2016
1722
1448
2654
1358
1426
1668
1500
1558
1582
1474
1472
1466
1450
1510
1554
1572
1588
2234
1496
1374
1360
1378
1350
1506
1538
1374
1446
1534
1302
1336
1468
1394
2128
2336
1278
1688
1890
1838
1510
1616
2116
2320
1360
2418
1642
1552
2402
1796
1620
2236
1740
1298
1298
1850
1376
1472
1600
2210
1628
1294
1632
1566
1388
1780
1794
1950
2280
1876
1646
1958
1610
1372
2000
1330
1706
1398
1320
1442
1402
1338
1376
1512
1404
1764
1704
1254
1270
1382
1354
1262
1288
1340
1330
1550
1422
1302
1258
1374
1540
1958
1546
2102
1336
1240
1448
1368
1570
1696
1456
1366
1614
1258
1572
2312
1728
1278
1828
1426
1316
1580
1564
1546
1364
1450
1394
1840
1352
1302
1416
1456
2062
1650
1330
1608
1720
2064
2204
1480
1402
1412
1304
1756
1756
1618
1366
1666
1580
1350
1398
1940
1528
1402
2192
1516
1586
1884
1380
1506
1480
1266
1466
1516
1736
1704
1678
2050
1922
2166
1796
1988
2398
1646
1942
2138
2058
1328
1634
1658
1380
1286
2162
1680
24606
1394
1352
2158
2246
2200
2378
2208
2290
1852
1762
1800
1964
1648
2286
2278
2278
2234
2410
1988
1914
1876
1618
1422
2006
1692
1756
1560
1586
1430
1838
1662
1952
1772
2386
2402
2334
2510
2502
2500
2454
1794
1858
1296
1576
1868
1946
2036
2240
2156
2402
2244
2252
2316
2324
1884
1934
2182
2166
1378
1354
1306
1542
1282
1304
1396
1322
1380
1550
1574
1518
1536
1276
1734
1266
1314
1776
1840
2282
1290
1440
1510
1940
1578
1686
2006
1388
1772
1870
1418
1396
1446
1508
1338
1362
1358
1392
1326
1724
1548
1474
1460
1754
1840
1332
1426
1476
1388
1624
1600
1480
1842
1672
1316
1406
1382
1320
1500
1442
1386
1426
1698
1612
1514
1528
1390
1390
1514
1438
1644
1324
1652
1382
1638
1510
1622
1368
1474
1338
1334
1688
1604
1650
1574
1440
1628
1638
1684
1270
1738
1398
1602
1626
1342
1282
1520
1432
1494
1464
1328
1376
1334
1314
1280
1372
1366
1418
1716
1486
1352
1380
1846
1376
1458
1754
1426
1534
1308
1638
2292
1844
2144
2242
1844
2130
2224
1870
2154
2218
1824
2120
2212
1818
2138
2194
1856
2152
2194
1844
2148
2190
1798
2142
2208
1806
2138
2202
1814
2122
2206
25064
1606
2130
2260
1808
2158
2240
1846
2118
2210
1824
2144
2206
1842
2144
2180
1818
2132
2182
1826
2158
2192
1810
2142
2192
1812
2142
2190
1802
2148
2204
1818
2120
2186
1814
2156
2198
1842
2136
2178
1836
2136
2188
1826
2150
2178
1820
2148
2194
1828
2144
2202
1796
2160
2196
1816
2142
2200
1842
2136
2196
1828
2156
2188
1824
2144
2192
1830
2140
2184
1838
2146
2194
1842
2124
2192
2352
2154
1798
2194
2362
2144
1810
2210
2362
2132
1830
2204
2356
2116
1830
2206
2358
2128
1796
2202
2358
2160
1828
2206
2362
2138
1812
2216
2358
2138
1816
2208
2366
2136
1838
2212
2352
2166
1832
2208
2354
2154
1840
2202
2358
2146
1824
2200
2362
2138
1824
2214
2364
2140
1808
2222
2360
2140
1832
2214
2350
1438
1436
1440
1442
1440
1454
2202
2362
2130
1814
2210
2362
2148
1818
2202
2358
2148
1848
2200
2354
2160
1842
2202
2354
2140
1842
2202
2364
2160
1816
2198
2356
2138
1798
2208
2360
2152
1812
2212
2358
2154
1836
2210
2352
2146
1840
2216
2352
2140
1824
2200
2354
2160
1808
2210
2372
2144
1808
2220
2360
2136
1818
2228
2352
2128
1816
2212
2358
2138
1820
2200
2358
2152
1810
1826
2076
2154
1798
2202
2360
2154
1836
2224
2354
2142
1812
2200
2350
2166
1814
2210
2354
2150
1840
2200
2362
2174
1820
2204
2362
2140
1854
2206
2356
2150
1822
2204
2364
2132
1814
2218
2350
2154
1820
2206
2352
2140
1812
2206
2366
2156
1818
2206
2362
2126
1826
2214
2356
2130
1824
2220
2356
2152
1814
2214
2370
2140
1832
2192
2356
2156
1826
2206
2362
2136
1822
2208
2356
2144
1824
2218
2354
2156
1812
2208
2354
2134
1824
2196
2358
2152
1830
2196
2360
2148
1834
2214
2360
2118
1818
2208
2372
2140
1840
2204
2350
2160
1828
2212
2084
2054
1808
2214
2370
2134
1838
2202
2358
2148
1822
2220
2366
2144
1820
2206
2352
2138
1826
2194
2362
2162
1828
2200
2356
2152
1818
2198
2360
2156
1822
2198
2362
2134
1826
2218
2366
2146
1826
2194
2350
2146
1810
2216
2364
2150
1818
2200
2358
2140
1826
2210
2358
2142
1816
2206
2352
2134
1814
2222
2356
2130
1844
2212
2356
2148
1834
2196
2370
2148
1810
2198
2358
2142
1842
2214
2358
2146
1816
2212
2352
2136
1836
2198
2354
2150
1808
2198
2354
2144
1806
2196
2358
2140
1820
2220
2358
2132
1826
2210
2356
2128
1836
2214
2364
2148
1448
1452
2380
2162
1844
2206
2354
2144
1824
2192
2364
2162
1834
2210
2370
2146
1794
2214
2356
2138
1812
2216
2352
2140
1828
2200
2356
2158
1812
2206
2360
2138
1830
2208
2358
2142
1826
2210
2354
2146
1838
2210
2348
2148
1782
2214
2360
2142
1816
2218
2360
2128
1814
2202
2358
2164
1818
2214
2358
2160
1810
2214
2364
2158
1840
2234
2360
2144
1820
2204
2368
2162
1822
2216
2362
2144
1794
2218
2362
2152
1826
2212
2354
2146
1820
2210
2348
2154
1808
2192
2354
2146
1814
2192
2356
2166
1820
2200
2360
2138
1840
2206
2356
2134
1806
1608
1594
2150
1818
2204
2356
2160
1832
2194
2354
2144
1810
2208
2360
2134
1806
2212
2360
2140
1818
2206
2350
2148
1846
2222
2352
2152
1814
2196
2358
2152
1812
2198
2362
2152
1824
2210
2356
2160
1812
2202
2364
2154
1830
2202
2348
2134
1836
2202
2352
2156
1812
2196
2356
2146
1808
2220
2374
2136
1822
2208
2356
2130
1828
2218
2358
2138
1816
2202
2362
2156
1832
2200
2352
2152
1810
2190
2368
2136
1826
2208
2372
2146
1820
2216
2356
2150
1842
2206
2350
2170
1854
2212
2354
2132
1836
2206
2358
2154
1810
2200
2364
2128
1812
2206
1802
1766
1824
2212
2362
2152
1836
2198
2350
2132
1838
2206
2358
2174
1800
2224
2362
2140
1826
2206
2370
2138
1808
2212
2354
2134
1832
2204
2348
2144
1844
2212
2354
2152
1814
2208
2362
2162
1830
2214
2356
2152
1820
2202
2354
2128
1824
2200
2358
2138
1826
2198
2354
2148
1826
2198
2358
2146
1816
2210
2360
2146
1810
2200
2362
2132
1840
2216
2364
2140
1800
2202
2348
2132
1802
2194
2354
2134
1822
2204
2370
2160
1810
2192
2360
2116
1812
2218
2360
2128
1800
2200
2362
2142
1838
2212
2354
2134
1818
2196
2356
2146
1822
2196
2362
2152
1500
1674
1566
1478
1592
1686
1900
2168
1468
1858
1940
2162
2354
2134
2078
1838
2066
2220
2268
2168
1926
1812
2200
2276
2174
2140
1838
1856
2194
2346
2144
2086
1810
2014
2204
2256
2144
1934
1822
2210
2248
2188
2136
1864
1858
2216
2330
2124
2132
1822
2272
1802
2156
2208
2356
2140
1806
2196
2362
2152
1826
2218
2360
2156
1812
2212
2360
2136
1822
2214
2364
2132
1840
2200
2352
2144
1818
2198
2358
2142
1818
2200
2356
2140
1818
2206
2374
2140
1832
2198
2364
2160
1812
2228
2352
2144
1846
2190
2366
2140
1834
2208
2362
2142
1820
1500
1590
1406
1524
1568
1456
1470
1628
1648
1702
1762
1802
1876
1328
1844
1450
1514
1736
1542
1536
1586
1454
1508
1624
1934
1594
1432
1840
1674
1602
1668
1660
1538
1878
1772
1804
29012
1452
1456
1574
1816
1504
1734
1874
2148
2216
1832
2152
2210
2358
2146
1836
2204
2354
2132
1830
2198
2348
2156
1826
2206
2352
2168
1808
2196
2354
2126
1842
2202
2368
2150
1828
2204
2354
2138
1818
2214
2356
2158
1840
1546
1486
1348
1824
2226
2356
2140
1826
2210
2362
2150
1814
2204
2358
2142
1834
2206
2352
2128
1814
2200
2350
2146
1854
2198
1700
1464
1882
2202
2364
2132
1802
2216
2374
2150
1832
2206
2354
2130
1814
2208
2352
2154
1828
2202
2360
2148
1822
2212
2360
2136
1822
2204
2360
2166
1810
2202
2356
2138
1844
2212
2356
2162
1832
2210
2352
2132
1856
2202
2354
2148
1840
2198
2360
2142
1868
2210
2358
2152
1824
2214
2352
2158
1804
2210
2350
2140
1858
2200
2354
2144
1816
2204
2358
2144
1818
2192
2370
2152
1804
2210
2354
2122
1858
2216
2350
2150
1814
2200
2350
2162
1820
2202
2360
2144
1832
2218
2358
2136
1812
2206
2362
2134
1830
2206
2352
2140
1828
2198
2350
2146
1534
1534
1460
1392
1518
1254
1508
1478
1368
1306
1324
1530
1300
1258
1290
1428
1508
1942
1998
1778
1810
2620
2364
2420
2492
2392
2534
2528
2476
2372
2354
2080
1542
1564
1574
1560
1896
1592
1426
1302
1474
1494
1464
1500
1556
1456
1380
1472
1470
1596
1292
1690
1438
1620
1612
1558
1446
1716
1666
1778
1948
1930
1954
1458
1292
2370
2612
2594
2660
2640
2472
2126
2014
2442
2664
2612
2658
2542
2708
2708
2658
1522
1614
2146
2762
2652
2608
2652
2244
2268
2542
2594
2654
2380
2580
2628
2492
2558
2574
2590
2656
2584
2060
2692
2708
1478
1424
1434
1480
1364
1936
1838
2300
2514
2424
2358
2386
1738
2566
2514
2540
2534
2604
2028
1856
2544
2704
2560
2722
2560
2240
1924
2574
2624
2524
2518
2560
1900
2672
2664
2604
2582
2750
2250
2448
2626
2626
2596
2468
2658
2520
2670
2624
2574
1910
2690
2358
2480
2616
2664
2626
2464
2564
2556
1894
2622
2798
2638
2614
2702
2406
2146
2588
2594
2690
2558
2638
2004
2480
2632
2640
2634
2692
2322
1692
1392
1638
1490
1680
1546
1634
1456
1402
1536
1524
1394
1418
1398
1376
1432
1242
1386
1390
1512
1354
1450
1340
1282
1302
1512
1526
1838
1338
1334
1442
1320
1506
1416
1420
1398
1432
1454
1750
1386
1330
1492
1776
1534
1602
1354
1392
1368
1294
1684
1522
1296
1272
1490
1374
1334
1260
1854
1374
1356
1558
1780
1718
1590
1274
1434
1726
1860
2144
2204
1828
2146
2180
1826
2136
2216
1830
2154
2204
1826
2144
2202
1836
2150
2212
1824
2148
2218
1820
2168
2206
1816
2130
2214
1826
2140
2210
1824
2154
2194
1826
2146
2204
1828
2126
2200
1830
2136
2208
1834
2152
2202
1818
2206
2358
2128
1832
2202
2352
2156
1842
2206
2352
2142
1816
2204
2356
2144
1840
2198
2360
2148
1732
1838
2362
2124
1844
2222
2352
2146
1856
2204
2352
2164
1808
2202
2354
2142
1830
2210
2358
2136
1808
2206
2358
2142
1844
2220
2356
2146
1816
2224
2346
2146
1800
2200
2352
2144
1846
2202
2366
2162
1830
2212
2360
2136
1818
2208
2356
2118
1822
2218
2350
2128
1802
2200
2350
2152
1830
2200
2356
2128
1824
2202
2360
2148
1812
2208
2354
2138
1836
2206
2354
2146
1810
2216
2348
2160
1854
2196
2352
2170
1816
2210
2364
2142
1838
2206
2358
2136
1806
2220
2354
2156
1836
2210
2348
2146
1834
2202
2354
2164
1834
2210
2358
2142
1842
1450
1648
1300
1330
1660
1512
1340
1544
1332
1304
1498
1492
1710
1264
1410
2166
1836
1458
1990
1460
1638
2124
1290
1492
1572
1510
1290
1398
1666
1712
1258
1476
1338
1668
1350
1384
1696
1786
1416
1858
1638
1462
1482
1528
1466
1480
1568
2136
2178
1822
2124
2174
1854
2134
2182
1824
2202
2358
2170
1818
2208
2354
2158
1828
2200
2360
2152
1836
2206
2360
2120
1848
2206
2354
2154
1832
2208
2350
2140
1826
2212
2352
2154
1822
2198
2354
2150
1832
2212
2368
2132
1848
2214
2354
2132
1828
2204
2354
2138
1836
2206
2348
2176
1834
2208
1592
1882
2174
2354
2160
2046
1846
2054
2202
2252
2134
1946
1828
2188
2260
2180
2124
1804
1874
2214
2350
2132
2100
1816
2030
2212
2258
2138
1958
1824
2216
2268
2182
2152
1824
1836
2204
2288
2136
2136
1816
1942
2172
2300
2154
2012
1828
2106
2224
2216
2154
1900
1796
2212
2288
2166
2148
1804
1908
2188
2358
2158
2066
1844
2052
2208
2246
2132
1936
1818
2192
2254
2172
2144
1814
1874
2200
2350
2140
2084
1830
2022
2208
2260
2140
1960
1832
2198
2258
2186
2164
1834
1830
1806
2152
2200
2360
2128
1812
2202
2352
2138
1844
2218
2350
2148
1434
2226
2362
2144
1820
2204
2366
2160
1850
2216
2358
2142
1828
2204
2362
2124
1822
2214
2350
2140
1806
2200
2352
2136
1824
2204
2356
2142
1814
2204
2360
2148
1826
2208
2356
2148
1826
2206
2354
2146
1806
2200
2350
2150
1824
2204
2356
2144
1806
2196
2368
2138
1824
2202
2360
2142
1804
2200
2354
2144
1828
2210
2350
2140
1806
2206
2352
2162
1814
2204
2368
2156
1804
2204
2362
2150
1816
2212
2354
2136
1830
2210
2356
2128
1834
2202
2350
2156
1810
2200
2358
2158
1818
2212
2358
2138
1818
2198
2360
2154
1818
2212
2354
2150
1822
1674
2358
2148
1806
2196
2364
2146
1824
2200
2368
2158
1832
2220
2364
2136
1826
2200
2354
2148
1826
2232
2360
2132
1832
2210
2358
2156
1804
2224
2360
2136
1830
2210
2358
2154
1814
2210
2362
2150
1822
2212
2352
2126
1836
2214
2352
2146
1824
2214
2352
2150
1830
2208
2066
1426
1438
1442
1440
1446
1830
2202
2364
2148
1818
2200
2352
2136
1808
2202
2362
2136
1838
2202
2366
2146
1828
2198
2370
2150
1808
2206
2362
2140
1814
2214
2356
2138
1842
2212
2350
2140
1816
2208
2362
2148
1814
2198
2372
2150
1808
2206
2358
2136
1816
2214
1664
2148
1832
2208
2360
2128
1818
2206
2366
2138
1826
2200
2368
2146
1816
2204
2364
2148
1832
2214
2360
2138
1800
2212
2354
2150
1812
2202
2350
2148
1828
2200
2354
2150
1808
2206
2358
2142
1812
2200
2356
2148
1812
2206
2370
2128
1852
2214
2350
2158
1804
2202
2356
2142
1442
1442
1438
1454
2216
1512
2372
2142
1844
2210
2358
2140
1858
2214
2354
2136
1844
2216
2354
2152
1826
2202
2358
2156
1828
2206
2364
2152
1790
2208
2358
2138
1810
2202
2354
2150
1808
2208
2350
2158
1838
2194
2354
2136
1810
2194
2360
2158
1808
2204
2364
20546
1770
1634
2378
2154
1822
2212
2352
2142
1806
2198
2356
2148
1836
2202
2354
2132
1826
2214
2362
2154
1888
2252
2366
2132
1822
2222
2358
2146
1820
2214
2350
2158
1814
2204
2356
2146
1834
2196
2358
2134
1818
2200
2360
2132
1828
2212
2362
2122
1816
2214
2350
2164
1824
2212
2368
2164
1812
2224
2362
2150
1832
2200
2358
2138
1824
2210
2360
2164
1814
2208
2354
2130
1812
2208
2350
2166
1828
2212
2354
2142
1832
2210
2366
2150
1814
2212
2356
2136
1842
2218
2356
2158
1812
2216
2348
2162
1834
2198
2352
2158
1830
2196
2356
2146
1822
1812
2378
2148
1878
2216
2364
2132
1806
2216
2354
2134
1850
2214
2358
2132
1812
2202
2356
2126
1820
2206
2368
2142
1806
2204
2360
2138
1828
2212
2356
2126
1814
2216
2356
2148
1818
2208
2356
2130
1824
2200
2356
2136
1832
2206
2374
2152
1808
2206
2356
2118
1808
2216
2358
2136
1838
2206
2352
2130
1812
2208
2354
2148
1798
2204
2356
2138
1838
2192
2364
2140
1826
2216
2354
2150
1844
2214
2356
2150
1810
2204
2360
2154
1840
2208
2358
2140
1802
2202
2360
2134
1796
2218
2358
2146
1838
2218
2360
2140
1834
2196
2348
2142
1854
2198
1830
1688
1626
2136
2372
2158
1794
2216
2358
2112
1852
2212
2350
2136
1828
2208
2350
2146
1816
2218
2352
2138
1822
2200
2358
2150
1828
2206
2364
2148
1834
2208
2358
2150
1866
2214
2350
2134
1822
2214
2356
2152
1822
2206
2358
2138
1834
2224
2358
2146
1812
2210
2358
2134
1852
2216
2356
2138
1836
2208
2354
2132
1838
2220
2356
2148
1844
2196
2356
2162
1804
2228
2358
2144
1836
2208
2364
2148
1816
2210
2352
2142
1844
2200
2352
2182
1842
2200
2362
2142
1836
2200
2364
2158
1834
2198
2356
2154
1814
2220
2354
2128
1826
2206
2354
19760
1600
1644
1262
1410
1386
1768
2134
2170
1814
2206
2358
2172
1810
2212
2354
2136
1816
2222
2354
2150
1822
2206
2356
2166
1868
2184
2368
2164
1808
2218
2356
2164
1820
2200
2362
2146
1828
2208
2356
2158
1814
2212
2352
2166
1822
2208
2352
2176
1794
2210
2362
2166
1806
2212
2370
2140
1806
2220
2354
2124
1854
2210
2350
2146
1834
2212
2352
2154
1846
2208
2360
2150
1820
2196
2360
2138
1832
2226
2368
2138
1816
2198
2352
2170
1840
2206
2352
2142
1814
2200
2364
2172
1810
2198
2362
2156
1830
2212
2360
2144
1836
2206
2356
2168
1814
1470
1298
1314
1300
1320
1334
1436
1420
1378
1270
1328
1628
1520
1496
1492
1446
1312
1302
1644
1426
1580
1300
1416
1498
1644
2148
1458
1464
1362
1332
1318
1388
1602
1458
1408
1378
1644
1424
1574
1486
1532
1288
1490
1622
1460
1668
1522
1734
1500
1476
1580
1406
1556
1526
1454
1492
1410
1514
1500
1600
1432
1692
1812
1768
1362
1388
1802
1482
1498
1764
1578
1446
1680
1604
1740
2136
1986
2278
1896
2098
2340
1810
2144
2250
1814
2130
2224
1840
2200
2354
2146
1830
2208
2358
2156
1826
2204
2364
2138
1834
2202
2356
2146
1834
2212
1496
1420
1420
1412
2358
2152
1868
2212
2360
2154
1818
2202
2358
2144
1852
2204
2358
2150
1822
2214
2360
2134
1844
2220
2366
2122
1808
2200
2350
2124
1850
2200
2356
2140
1834
2214
2360
2158
1844
2216
2360
2146
1822
2214
2352
2156
1842
2208
2350
2140
1794
2204
2354
2164
1836
2202
2358
2148
1844
2218
2368
2138
1832
2218
2356
2138
1850
2212
2356
2150
1814
2216
2352
2152
1852
2196
2358
2146
1822
2212
2372
2146
1810
2204
2358
2130
1852
2210
2354
2142
1836
2200
2354
2142
1840
2200
2358
2132
1820
2200
2360
2150
1832
2202
2362
1830
1580
2222
2368
2130
1844
2210
2350
2156
1814
2216
2356
2144
1836
2208
2358
2152
1824
2208
2364
2148
1816
2196
2356
2120
1828
2212
2356
2174
1820
2210
2350
2160
1818
2192
2356
2144
1838
2206
2360
2142
1804
2206
2358
2140
1812
2220
2356
2144
1812
2214
2350
2140
1838
2194
2362
2140
1834
2194
2362
2136
1814
2208
2368
2134
1838
2198
2356
2126
1828
2202
2352
2162
1820
2204
2356
2140
1834
2204
2356
2152
1828
2216
2368
2146
1840
2210
2362
2162
1826
2206
2356
2134
1828
2210
2348
2158
1822
2210
2352
2134
1838
2206
2358
2146
1802
1686
2370
2146
1832
2204
2364
2136
1854
2212
2350
2138
1814
2202
2354
2140
1864
2202
2358
2164
1800
2202
2358
2144
1798
2206
2358
2134
1822
2218
2354
2148
1844
2204
2346
2140
1802
2206
2356
2160
1830
2190
2358
2140
1800
2208
2358
2126
1812
2200
2366
2140
1824
2214
2352
2144
1842
2188
2354
2138
1834
2206
2368
2138
1828
2202
2360
2134
1820
2198
2356
2152
1838
2196
2352
2160
1854
2206
2348
2138
1826
2214
2354
2140
1824
2204
2358
2148
1808
2214
2372
2164
1858
2200
2354
2138
1832
2198
2356
2162
1828
2208
2354
2146
1820
2210
1594
1706
1916
2214
2362
2150
1826
2216
2356
2146
1824
2210
2360
2158
1802
2224
2350
2144
1830
2208
2354
2154
1824
2188
2362
2142
1808
2200
2360
2138
1812
2216
2360
2148
1842
2226
2350
2140
1834
2204
2354
2136
1820
2196
2356
2158
1824
2204
2360
2146
1826
2224
2354
2154
1846
2206
2350
2146
1850
2206
2348
2150
1822
2196
2354
2138
1836
2212
2364
2138
1826
2204
2356
2146
1814
2228
2362
2142
1832
2206
2356
2128
1826
2196
2356
2166
1796
2196
2368
2158
1846
2222
2364
2134
1822
2212
2354
2132
1826
2198
2368
2140
1848
2196
2352
1666
1624
2198
2360
2122
1800
2204
2360
2152
1828
2222
2372
2128
1836
2206
2354
2154
1818
2210
2360
2140
1818
2204
2352
2146
1816
2204
2362
2154
1818
2200
2366
2142
1826
2204
2358
2136
1810
2206
2350
2148
1822
2212
2354
2156
1828
2198
2356
2140
1810
2210
2364
2160
1816
2220
2356
2120
1816
2214
2358
2148
1826
2200
2352
2160
1824
2196
2352
2146
1814
2212
2370
2146
1830
2204
2358
2142
1804
2212
2358
2132
1824
2212
2352
2164
1818
2210
2354
2162
1840
2204
2356
2160
1824
2212
2360
2156
1852
2206
2362
2142
1838
2208
2354
2146
1828
1620
2370
2150
1850
2198
2354
2156
1818
2194
2374
2160
1800
2196
2362
2132
1836
2206
2362
2130
1844
2218
2352
2154
1826
2206
2354
2150
1830
2220
2356
2152
1812
2216
2358
2156
1814
2208
2362
2130
1834
2208
2358
2160
1818
2204
2352
2160
1818
2198
2356
2146
1818
2208
2364
2144
1824
2202
2360
2148
1820
2202
2352
2136
1826
2210
2356
2154
1834
2196
2358
2136
1832
2198
2362
2166
1846
2208
2360
2142
1844
2210
2354
2138
1826
2200
2350
2140
1846
2208
2358
2170
1814
2214
2356
2162
1826
2198
2360
2162
1794
2216
2360
2134
1822
2208
1818
2152
1790
2238
2348
2166
1818
2198
2354
2176
1810
2212
2358
2146
1820
2198
2362
2156
1824
2216
2356
2158
1820
2208
2354
2120
1806
2202
2358
2150
1828
2204
2354
2144
1806
2198
2362
2146
1806
2210
2362
2152
1824
2210
2352
2156
1830
2206
2350
2126
1842
2200
2364
2136
1808
2208
2372
2156
1830
2202
2370
2154
1836
2198
2364
2154
1814
2202
2354
2136
1820
2208
2362
2150
1812
2208
2354
2156
1832
2210
2366
2130
1810
2200
2356
2144
1836
2216
2352
2142
1822
2206
2354
2138
1828
2206
2354
2142
1812
2202
2362
2164
1814
2192
2360
1596
1636
2022
2378
2158
1826
2200
2350
2156
1840
2208
2356
2146
1828
2210
2358
2152
1818
2206
2366
2136
1812
2218
2354
2138
1834
2214
2368
2134
1834
2204
2352
2144
1820
2206
2354
2144
1822
2208
2360
2142
1816
2202
2362
2142
1814
2210
2360
2138
1816
2202
2352
2144
1802
2204
2356
2162
1806
2198
2358
2150
1810
2216
2374
2164
1836
2220
2356
2132
1834
2218
2350
2162
1822
2194
2348
2126
1812
2194
2360
2138
1832
2204
2358
2176
1820
2206
2360
2162
1832
2212
2352
2154
1830
2218
2348
2152
1838
2204
2356
2160
1812
2218
2370
2142
1824
1464
1450
2152
1756
2210
2364
2150
1836
2208
2352
2156
1830
2200
2350
2152
1838
2206
2364
2136
1806
2206
2358
2144
1818
2202
2364
2142
1836
2218
2354
2122
1806
2204
2348
2150
1812
2196
2360
2154
1838
2202
2358
2138
1828
2208
2358
2134
1812
2212
2358
2144
1836
2212
2350
2140
1844
2204
2358
2140
1816
2196
2362
2138
1804
2204
2362
2144
1806
2200
2356
2132
1820
2222
2354
2148
1842
2200
2348
2150
1836
2198
2360
2156
1816
2208
2360
2146
1830
2212
2358
2138
1832
2216
2356
2142
1846
2222
2352
2150
1850
2212
2354
2174
1840
2198
1466
1458
1814
2218
2372
2158
1824
2208
2360
2146
1832
2222
2352
2146
1846
2220
2350
2144
1816
2184
2356
2128
1830
2208
2358
2130
1816
2210
2364
2126
1818
2198
2352
2148
1850
2208
2346
2134
1834
2194
2360
2156
1860
2200
2362
2136
1808
2200
2362
2156
1840
2210
2374
2142
1822
2196
2352
2140
1824
2202
2354
2144
1816
2216
2358
2152
1842
2198
2364
2138
1840
2216
2366
2136
1822
2206
2354
2126
1818
2204
2348
2150
1860
2222
2364
2160
1816
2198
2358
2150
1826
2206
2364
2130
1812
2222
2358
2148
1816
2218
2348
2152
1818
2206
2350
1736
1714
2212
2368
2146
1810
2210
2364
2136
1836
2208
2358
2152
1828
2208
2356
2138
1828
2200
2362
2132
1828
2208
2362
2148
1826
2202
2358
2132
1798
2202
2360
2146
1838
2208
2356
2132
1830
2210
2354
2168
1860
2212
2352
2152
1822
2202
2372
2136
1806
2206
2362
2150
1822
2214
2354
2132
1834
2208
2350
2148
1806
2208
2348
2160
1808
2198
2354
2168
1814
2198
2362
2162
1842
2200
2356
2136
1836
2220
2358
2152
1826
2210
2348
2154
1834
2206
2358
2156
1806
2200
2360
2138
1796
2202
2370
2158
1804
2214
2370
2142
1820
2200
2350
2140
1834
1566
2050
1894
1824
1860
2128
1798
1792
2200
2284
2148
2162
1812
1874
2212
2360
2152
2050
1838
2016
2200
2262
2152
1934
1810
2196
2252
2166
2150
1828
1868
2202
2338
2126
2088
1832
2006
2198
2284
2150
1992
1854
2210
2252
2192
2140
1838
1824
2208
2298
2128
2102
1832
1942
2168
2294
2140
2020
1828
2052
2218
2240
2158
1912
1826
2196
2278
2162
2142
1840
1884
2214
2354
2142
2070
1824
2026
2206
2250
2134
1950
1840
2202
2254
2168
2144
1844
2174
2172
1828
2136
1810
2188
2354
2158
1830
2208
2362
2158
1818
2208
2356
2138
1806
2202
1586
2184
1816
2220
2350
2160
1832
2200
2354
2138
1832
2200
2356
2146
1820
2206
2364
2156
1812
2210
2360
2136
1832
2204
2358
2138
1852
2214
2352
2158
1824
2200
2354
2132
1804
2222
2368
2164
1818
2216
2358
2152
1808
2210
2350
2136
1822
2204
2350
2140
1820
2202
2358
2164
1830
2206
2364
2148
1810
2210
2370
2142
1812
2218
2358
2142
1828
2208
2348
2160
1826
2200
2360
2134
1832
2212
2356
2154
1806
2192
2364
2134
1822
2208
2358
2134
1834
2194
2350
2142
1840
2216
2350
2158
1810
2202
2356
2158
1834
2202
2364
2126
1812
2210
2370
1654
1810
2226
2364
2132
1820
2208
2352
2140
1864
2194
2356
2152
1844
2204
2368
2158
1814
2204
2358
2170
1822
2210
2360
2130
1826
2208
2356
2142
1820
2220
2352
2174
1812
2204
2356
2170
1838
2214
2358
2174
1822
2200
2360
2152
1842
2216
2354
2166
1836
2216
2350
2152
1838
2202
2362
2140
1818
2198
2356
2148
1822
2202
2360
2124
1814
2220
2354
2142
1820
2206
2350
2146
1838
2214
2350
2144
1812
2198
2356
2142
1822
2206
2372
2152
1834
2198
2356
2142
1826
2208
2356
2154
1824
2214
2348
2152
1832
2194
2358
2142
1828
2208
2366
2166
1798
1832
2368
2164
1808
2214
2362
2144
1820
2196
2352
2144
1826
2210
2356
2164
1820
2202
2362
2166
1818
2190
2360
2156
1842
2200
2368
2136
1830
2218
2354
2154
1814
2216
2362
2154
1830
2198
2354
2160
1836
2200
2360
2146
1826
2222
2368
2142
1826
2214
2360
2154
1832
2214
2352
2152
1838
2210
2354
2154
1814
2208
2358
2150
1832
2204
2360
2130
1864
2220
2364
2158
1818
2220
2356
2142
1834
2198
2356
2156
1828
2216
2356
2156
1808
2206
2360
2134
1826
2208
2360
2134
1846
2208
2354
2134
1830
2196
2360
2128
1824
2200
2360
2156
1822
2198
1570
2286
1788
2214
2364
2146
1818
2212
2356
2140
1840
2208
2352
2160
1828
2216
2356
2154
1812
2202
2360
2160
1818
2222
2362
2124
1796
2198
2356
2136
1816
2202
2358
2144
1848
2206
2348
2152
1808
2212
2356
2158
1830
2196
2360
2146
1842
2206
2374
2138
1818
2218
2360
2162
1814
2220
2352
2150
1834
2204
2352
2140
1810
2206
2360
2140
1836
2214
2362
2162
1822
2204
2358
2128
1814
2200
2354
2142
1824
2198
2354
2128
1830
2198
2356
2154
1806
2202
2356
2154
1820
2202
2360
2164
1812
2204
2360
2124
1818
2214
2352
2156
1822
2202
2356
1640
1768
2224
2366
2150
1834
2202
2360
2162
1832
2210
2358
2164
1808
2206
2352
2156
1830
2192
2352
2148
1826
2212
2358
2134
1808
2198
2360
2146
1814
2210
2356
2148
1826
2210
2354
2130
1832
2206
2354
2140
1818
2206
2364
2126
1838
2198
2362
2152
1824
2214
2358
2144
1814
2212
2360
2142
1814
2200
2354
2132
1826
2212
2350
2152
1828
2192
2356
2134
1826
2200
2360
2138
1812
2198
2356
2136
1844
2228
2364
2138
1832
2192
2346
2142
1802
2204
2358
2172
1824
2214
2360
2174
1822
2204
2364
2132
1848
2204
2354
2138
1842
2204
2350
2144
26572
1622
1716
1434
1558
1994
2270
2142
1816
2208
2360
2152
1806
2216
2372
2144
1826
2198
2358
2130
1832
2206
2364
2152
1830
2210
2358
2154
1804
2210
2358
2154
1820
2202
2366
2152
1828
2212
2360
2162
1816
2218
2354
2138
1838
2208
2352
2148
1812
2198
2358
2148
1832
2200
2362
2150
1822
2206
2358
2128
1812
2216
2350
2136
1830
2222
2360
2142
1824
2202
2358
2162
1844
2196
2358
2138
1812
2202
2358
2136
1822
2220
2354
2136
1840
2204
2350
2140
1830
2212
2368
2148
1824
2192
2358
2148
1802
2208
2360
2156
1832
2204
2358
2136
1826
2208
1686
2170
1814
2228
2358
2152
1830
2204
2352
2146
1832
2204
2362
2144
1804
2204
2360
2152
1832
2202
2352
2150
1836
2206
2362
2164
1802
2202
2354
2152
1838
1618
2038
1960
1568
2214
2348
2136
2100
1836
1980
2176
2296
2142
2018
1832
2116
1806
1438
1446
1458
1422
2364
2148
1816
2200
2356
2160
1828
2202
2368
2116
1826
2210
2358
2128
1838
2212
2352
2122
1832
2190
2368
2144
1808
2204
2362
2134
1802
2204
2358
2158
1816
2204
2358
2144
1838
2200
2350
2140
1844
2200
2352
1482
1458
1622
1842
1434
1418
2222
2358
2148
1812
2208
2360
1416
1610
90068
1456
1434
1440
1452
2358
2160
1834
2220
2354
2154
1840
2202
2356
2136
1834
2218
2362
2132
1834
2206
2354
2136
1800
2202
2360
2140
1814
2226
2352
2154
1814
2216
2360
2142
1816
2214
2364
2144
1862
2200
2364
2140
1830
2226
2350
2168
1804
2210
2352
2136
1876
2228
2370
2162
1802
2200
2364
2140
1836
2200
2356
2156
1832
2208
2354
2170
1822
2204
2350
2148
1826
2208
2352
2152
1848
2202
2358
2144
1834
2212
2368
2148
1828
2206
2360
2136
1832
2216
2352
2142
1832
2204
2354
2130
1810
2200
2358
2164
1808
2200
2360
2166
22484
1530
2390
2172
1798
2216
2356
2158
1840
2196
2350
2148
1824
2198
2350
2144
1832
2202
2356
2160
1852
2222
2360
2154
1818
2198
2358
2148
1840
2214
2354
2140
1814
2210
2354
2146
1830
2198
2356
2170
1834
2206
2358
2164
1814
2208
2360
2152
1830
2208
2352
2152
1826
2192
2350
2160
1836
2214
2352
2138
1820
2202
2356
2138
1834
2202
2366
2130
1810
2204
2366
2136
1842
2210
2354
2146
1844
2200
2352
2148
1814
2200
2356
2154
1812
2212
2374
2132
1806
2196
2356
2142
1830
2206
2356
2142
1834
2204
2350
2158
1838
2200
2352
2136
1844
2204
1976
1614
1386
1634
1248
1258
1350
1640
1288
1308
1380
1280
1308
1474
1298
1274
1432
1608
1364
1432
1356
1578
1316
1918
1424
1594
1476
1256
1828
1498
1698
1718
1544
1404
2330
1448
1394
1276
1698
1346
1978
1670
1458
1240
1616
1306
1370
1518
1608
1972
2260
1974
2056
2352
1804
2150
2276
2144
1820
2218
2354
2136
1830
2218
2356
2152
1828
2212
2376
2128
1816
2210
2358
2148
1840
2212
2354
2138
1814
2218
2348
2132
1832
2196
2360
2144
1814
2210
2358
2140
1822
2222
2368
2140
1814
2222
2354
2144
1818
2196
2358
2154
1810
2210
2352
1434
1424
1428
2368
2160
1828
2200
2356
2138
1828
2208
2360
2136
1828
2224
2352
2148
1822
2208
2348
2158
1804
2204
2360
2138
1812
2202
2366
2132
1824
2192
2360
2136
1828
2208
2352
2172
1820
2206
2348
2148
1818
2200
2354
2126
1826
2202
2356
2152
1816
2192
2372
2144
1824
2200
2358
2152
1846
2220
2354
2166
1820
2208
2352
2144
1794
2198
2360
2150
1822
2198
2360
2136
1820
2204
2358
2142
1846
2206
2354
2144
1828
2210
2350
2132
1822
2200
2352
2150
1814
2202
2356
2144
1802
2210
2364
2136
1814
2224
2356
2140
1846
2200
2352
2166
1550
1530
2108
2142
1786
2210
2358
2154
1836
2208
2370
2162
1830
2208
2360
2138
1802
2208
2352
2128
1828
2202
2348
2144
1844
2208
2358
2140
1826
2202
2358
2150
1818
2216
2358
2140
1822
2214
2354
2146
1822
2200
2352
2138
1822
2202
2352
2144
1832
2208
2360
2158
1808
2200
2364
2172
1826
2210
2362
2160
1820
2210
2356
2148
1826
2208
2352
2140
1828
2202
2366
2142
1824
2206
2358
2160
1818
2220
2366
2152
1832
2216
2360
2148
1804
2212
2348
2134
1818
2198
2356
2162
1830
2188
2356
2138
1810
2208
2362
2156
1822
2220
2362
2154
1836
2210
1596
2184
1824
2228
2352
2160
1826
2206
2354
2152
1838
2196
2366
2158
1800
2212
2356
2136
1802
2212
2354
2154
1816
2222
2348
2152
1820
2210
2360
2152
1830
2196
2362
2144
1848
2200
2364
2140
1848
2210
2370
2150
1810
2212
2352
2156
1828
2198
2352
2128
1798
2204
2360
2138
1816
2200
2356
2132
1812
2210
2354
2136
1818
2210
2362
2152
1818
2200
2348
2160
1816
2210
2360
2166
1828
2204
2356
2146
1844
2198
2364
2114
1838
2214
2356
2144
1826
2208
2352
2132
1828
2204
2356
2132
1800
2210
2358
2152
1824
2206
2362
2162
1804
2218
2358
1432
1532
1296
2000
1240
1580
1520
1850
2150
1798
2206
2354
2166
1808
2206
2358
2164
1824
2214
2370
2136
1818
2216
2356
2136
1832
2208
2352
2148
1810
2200
2358
2150
1836
2198
2356
2146
1810
2214
2366
2180
1816
2210
2356
2142
1834
2212
2358
2144
1824
2204
2350
2166
1818
2194
2354
2128
1824
2216
2358
2136
1830
2202
2360
2130
1840
2210
2350
2134
1836
2194
2348
2146
1818
2192
2356
2180
1836
2212
2360
2162
1838
2206
2358
2156
1822
2210
2356
2140
1802
2208
2360
2150
1810
2208
2364
2154
1828
2206
2356
2162
1808
2210
2364
2142
1594
1620
2380
2150
1824
2212
2354
2146
1860
2204
2348
2132
1818
2198
2362
2160
1818
2208
2358
2144
1820
2202
2362
2162
1824
2212
2358
2138
1828
2206
2352
2160
1838
2206
2352
2142
1814
2196
2354
2156
1838
2206
2366
2142
1802
2204
2356
2144
1816
2212
2350
2134
1840
2224
2352
2146
1862
2198
2358
2142
1834
2204
2368
2154
1820
2214
2362
2158
1808
2216
2356
2150
1832
2210
2364
2142
1844
2206
2350
2140
1840
2190
2354
2152
1836
2200
2362
2146
1822
2222
2356
2126
1848
2208
2352
2140
1838
2206
2362
2152
1846
2198
2364
2160
1832
2208
1548
1622
1750
1878
1332
1336
1340
1840
2358
2158
1820
2226
2348
2170
1830
2196
2352
2148
1814
2222
2358
2144
1820
2214
2360
2156
1802
2206
2352
2142
1820
2212
2354
2152
1820
2204
2348
2148
1824
2200
2360
2134
1858
2206
2358
2138
1832
2206
2356
2134
1838
2200
2352
2128
1834
2206
2350
2144
1840
2208
2360
2144
1846
2220
2358
2152
1824
2220
2360
2168
1820
2208
2358
2144
1842
2202
2352
2138
1860
2208
2356
2160
1838
2194
2354
2146
1810
2200
2356
2138
1828
2204
2356
2136
1854
2206
2354
2136
1802
2208
2348
2138
1806
2190
2354
1812
2182
2224
2368
2156
1822
2208
2358
2158
1826
2220
2358
2116
1822
2196
2352
2136
1838
2208
2356
2138
1826
2202
2370
2156
1814
2202
2358
2160
1818
2216
2362
2154
1814
2202
2352
2146
1838
2214
2362
2136
1842
2210
2354
2152
1802
2198
2360
2140
1842
2198
2360
2138
1820
2200
2356
2158
1826
2208
2354
2138
1832
2208
2352
2142
1848
2202
2356
2150
1812
2206
2358
2150
1824
2212
2356
2140
1802
2202
2352
2158
1834
2204
2350
2148
1828
2202
2354
2154
1820
2212
2360
2136
1834
2214
2358
2132
1478
1556
1402
1234
1224
1222
1374
1224
1222
1220
1442
1768
46590
1688
1458
1444
1448
1416
1424
1420
1458
1410
1452
1410
2138
1756
1444
1440
1438
1438
2366
2164
1862
2208
2368
2164
1828
2204
2364
2130
1820
2212
2362
2132
1846
2220
2358
2136
1832
2208
2350
2136
1810
2208
2358
2154
1836
2208
2358
2174
1818
2196
2360
2170
1832
2206
2360
2148
1828
2218
2364
2158
1848
2200
2356
2134
1828
2208
2358
2160
1822
2202
2360
2140
1846
2210
2358
2150
1844
2212
2356
2140
1846
2218
2350
2142
1820
2190
2358
2164
1834
2194
2374
2164
1838
2216
2362
2158
1840
2208
2352
2142
1810
2214
1830
2150
1818
2212
2348
2152
1832
2206
2356
2158
1834
2200
2360
2144
1840
2212
2356
2138
1848
2200
2352
2154
1836
2196
2358
2142
1830
2200
2352
2140
1834
2218
2360
2156
1828
2212
2366
2134
1828
2210
2354
2132
1830
2212
2352
2148
1822
2200
2352
2138
1832
2196
2356
2146
1814
2202
2360
2146
1820
2214
2356
2122
1814
2214
2350
2160
1838
2206
2348
2152
1832
2206
2356
2150
1818
2208
2360
2150
1836
2190
2356
2140
1826
2204
2352
2166
1834
2200
2350
2158
1834
2198
2352
2150
1828
2186
2362
2154
1824
2202
2358
2148
1826
2208
2356
2132
1996
2226
2362
2166
1848
2212
2358
2148
1828
2204
2354
2176
1830
2202
2364
2146
1808
2196
2370
2148
1816
2206
2362
2166
1816
2208
2354
2154
1832
2198
2356
2148
1828
2196
2356
2138
1808
2204
2360
2154
1832
2206
2356
2156
1850
2220
2352
2136
1840
2214
2362
2138
1810
2190
2356
2138
1828
2200
2364
2136
1804
2216
2370
2146
1826
2216
2354
2142
1824
2200
2358
2152
1828
2196
2352
2150
1838
2200
2360
2150
1806
2200
2360
2140
1818
2206
2356
2154
1836
2212
2352
2134
1848
2196
2356
2156
1842
2200
2356
2160
1818
2200
2362
2156
1572
1734
2374
2152
1838
2214
2352
2162
1808
2198
2352
2162
1836
2196
2358
2150
1814
2210
2358
2142
1820
2204
2358
2146
1856
2234
2356
2134
1832
2204
2352
2144
1818
2202
2350
2152
1824
2216
2360
2146
1822
2198
2370
2136
1826
2204
2356
2130
1806
2214
2354
2156
1840
2198
2348
2142
1826
2194
2362
2140
1824
2208
2358
2132
1832
2220
2370
2146
1806
2206
2360
2128
1824
2194
2350
2142
1806
2204
2354
2174
1814
2196
2354
2146
1800
2198
2360
2154
1826
2208
2356
2132
1826
2188
2348
2148
1832
2198
2360
2150
1832
2186
2358
2156
1820
2208
1712
2140
1804
2208
2358
2144
1844
2208
2352
2146
1840
2204
2352
2152
1826
2198
2352
2162
1814
2192
2366
2142
1830
2198
2374
2158
1842
2206
2368
2160
1840
2208
2352
2166
1816
2212
2358
2162
1838
2198
2358
2150
1820
2226
2360
2140
1842
2200
2356
2136
1834
2194
2370
2136
1864
2202
2348
2144
1828
2220
2366
2148
1834
2210
2360
2138
1824
2204
2358
2146
1814
2212
2358
2140
1838
2210
2350
2146
1816
2200
2352
2158
1840
2202
2358
2150
1826
2212
2362
2150
1804
2204
2356
2130
1832
2212
2350
2142
1822
2208
2356
2146
1822
2206
2356
1716
1826
2202
2368
2138
1812
2220
2360
2156
1868
2224
2368
2146
1844
2198
2350
2150
1836
2200
2352
2144
1820
2200
2360
2136
1848
2200
2358
2130
1806
2210
2354
2142
1808
2208
1328
1446
1566
820330
1460
1462
1450
1432
1434
1430
1428
1440
1480
2202
1502
1454
1444
1414
1420
1434
1460
1446
1418
1428
1442
2350
1452
1442
1418
1422
1442
1456
1422
1422
1430
1426
1432
2146
1954
1418
1424
1426
1434
1436
1464
1442
1426
1440
1520
1832
1550
2208
2356
2148
1832
2206
2366
2162
1822
2212
2358
2128
1824
2216
2354
2158
1812
2212
2350
2132
1584
1834
2358
2152
1820
2204
2362
2156
1820
2212
2358
2152
1836
2212
2356
2158
1826
2198
2352
2152
1842
2192
2352
2156
1832
2200
2358
2154
1826
2210
2362
2138
1812
2206
2356
2142
1814
2212
2354
2142
1826
2198
2350
2172
1852
2214
2352
2144
1838
2204
2360
2140
1810
2208
2362
2122
1826
2214
2356
2138
1844
2210
2358
2158
1842
2208
2352
2126
1810
2192
2356
2136
1816
2200
2362
2150
1848
2214
2358
2136
1810
2210
2352
2134
1812
2206
2350
2152
1834
2212
2354
2152
1844
2210
2358
2150
1812
2208
2358
2140
1808
2214
2356
2150
1802
2214
1472
2156
1820
2198
2360
2156
1830
2198
2358
2142
1850
2202
2362
2132
1832
2210
2358
2138
1814
2208
2352
2140
1836
2202
2350
2150
1802
2194
2356
2156
1822
2198
2358
2166
1816
2212
2368
2148
1816
2228
2354
2138
1830
2216
2348
2152
1832
2210
2358
2308
1828
2210
2366
2152
1994
2208
2360
2146
1832
2214
2356
2140
1820
2588
2354
2312
1832
2208
2668
2132
1824
2214
2996
2296
1988
2192
2356
2138
1832
2212
2356
2142
1816
2836
2354
2136
1856
2194
2348
2322
1826
2202
2362
2144
1846
2370
2360
2144
1798
2214
2742
2152
1820
2124
2342
1950
2168
1776
2360
2152
1840
2206
2350
2154
2066
2198
2358
2170
1990
2530
2366
2152
1818
2212
2518
2162
1828
2206
2356
2146
1856
2212
2350
2166
1818
2208
2354
2144
1836
2358
2270
2158
1820
2382
2274
2136
2152
1824
2510
2120
1842
2510
2508
2144
1820
2210
2366
2370
1982
2162
2356
2164
1818
2202
2358
2460
1940
2212
2358
2150
1824
2204
2352
2128
1890
2212
2386
2166
1834
2204
2324
2146
1816
2198
2358
2140
1846
2196
2358
2128
1834
2368
2514
2156
1816
2366
2354
2122
1838
2214
2362
2140
1814
2366
2356
2158
1826
2194
2360
2130
1456
2360
1444
2152
1838
2206
2350
2150
1996
2204
2352
2136
1858
2418
2360
2130
1808
2216
2358
2170
1830
2204
2356
2156
1824
2224
2562
2146
1826
2206
2346
2184
1834
2208
2350
2172
1988
2192
2354
2154
1814
2204
2360
2134
1818
2212
2356
2448
1830
2210
2352
2136
1828
2202
2512
2150
1832
2200
2354
2162
1852
2214
2358
2144
1986
2592
2364
2130
1802
2212
2354
2118
1804
2204
2348
2140
1840
2214
2352
2146
1842
2580
2570
2148
1834
2206
2360
2158
1818
2206
2356
2138
1830
2228
2352
2160
1984
2212
2508
2150
1538
2204
2370
2160
1830
2998
81106
1530
2140
2154
2162
2142
1828
2208
2354
2158
2000
2210
2328
2146
1838
2058
2358
2138
1826
2198
2360
2150
1824
2204
2360
2136
1824
2210
2362
2134
2004
2200
2352
2142
1830
2220
2352
2142
1826
2192
2356
2216
1810
2210
2360
2138
1810
1324
1474
1290
1568
1422
1440
1436
1450
1454
1452
1432
1536
1252
1468
1290
1348
1370
1420
1668
1344
1404
1460
1382
1666
1566
1758
1588
1774
1768
1566
2294
1442
1536
1442
1356
1478
1426
1360
1408
1470
1596
1482
1550
1868
1494
1600
1498
1280
1294
1248
1254
1254
1262
1260
1246
1262
1350
1480
1526
1680
1742
2338
1788
2172
2274
1826
2132
2252
1848
2134
2142
1838
2200
2354
2142
1842
2214
2358
2156
1820
2196
2356
2142
1830
2210
2358
2148
1802
2202
2356
2160
1830
2198
2352
2146
1836
2202
2354
2142
1836
2208
2356
2146
1824
2216
2360
2156
1816
2212
2358
2144
1822
2218
2354
2138
1816
2216
2356
2158
1986
2198
2354
2144
1820
2206
2366
2144
1828
2522
2550
2142
1836
2220
2360
2148
1840
2374
2714
2468
1960
2514
2848
2144
1838
2210
2904
2304
1834
2370
2832
2154
1806
2378
2356
2128
1826
2998
3478
2758
1240
2374
2518
2788
1376
2270
1604
1600
2138
2218
2512
2142
1984
2354
2360
2144
2536
2206
2358
2128
1818
2212
2350
2126
1856
2206
2354
2306
1822
2218
2354
2164
1818
2216
2360
2142
1820
2374
2354
2154
1818
2220
2362
2140
1842
2380
2350
2230
1838
2206
2354
2172
1832
2210
2590
2386
1848
2202
2354
2150
1720
3062
2354
2136
1846
2194
2062
2456
1838
2196
2356
2102
1820
2378
1674
2316
1858
2198
2098
1274
1294
1290
1320
1418
1432
1526
1464
1480
1492
1960
2276
2136
1832
2204
2352
2156
1850
2192
2358
2154
1844
2218
2358
2136
1856
2220
2354
2126
1814
1806
1752
1440
1836
2216
2356
2146
1850
2202
2358
2162
1818
2224
2360
2134
1820
2208
2354
2144
1834
2208
2350
2140
1814
2200
2350
2154
1836
2206
2356
2134
1808
2214
2364
2158
1832
2212
2356
2148
1854
2198
2354
2132
1838
2202
2354
2164
1820
2200
2356
2162
1824
2192
2358
2144
1822
2206
2360
2154
1834
2212
2362
2140
1830
2212
2352
2140
1834
2196
2350
2138
1834
2208
2354
2154
1830
2194
2362
2152
1824
2204
2358
2132
1812
2226
2352
2166
1826
2212
2348
2146
1838
2200
2354
2164
1834
2212
2358
2154
1830
2204
2358
2140
1832
2208
2356
2176
2008
1836
1916
2136
1840
2198
2354
2150
1830
2200
2358
2140
1816
2204
2360
2148
1834
2208
2358
2154
1818
2214
2352
2144
1846
2214
2350
2132
1798
2196
2352
2146
1842
2196
2358
2156
1818
2196
2358
2152
1824
2216
2354
2136
1834
2200
2346
2154
1826
2204
2352
2166
1828
2196
2356
2142
1832
2210
2366
2126
1822
2216
2356
2126
1814
2210
2350
2158
1832
2202
2350
2132
1840
2206
2356
2132
1796
2218
2360
2164
1854
2208
2356
2132
1858
2218
2354
2156
1820
2208
2350
2136
1830
2212
2358
2168
1784
2200
2356
2138
1810
2214
2358
2148
1558
1458
2358
2144
1820
2196
2354
2138
1832
2202
2352
2162
1820
2204
2354
2162
1832
2212
2366
2144
1814
2198
2358
2154
1822
2224
2354
2150
1822
2198
2350
2134
1814
2204
2356
2170
1822
2210
2358
2120
1826
2212
2356
2132
1800
2218
2354
2142
1846
2210
2354
2112
1824
2212
2354
2156
1840
2196
2356
2134
1826
2202
2358
2134
1820
2202
2358
2124
1836
2208
2354
2132
1844
2210
2350
2146
1832
2204
2354
2148
1836
2202
2360
2154
1826
2196
2362
2134
1826
2214
2358
2122
1826
2212
2350
2168
1834
2210
2350
2158
1846
2196
2356
2164
1844
1636
1450
2142
1818
2198
2356
2124
1828
2214
2352
2122
1838
2192
2348
2160
1826
2196
2354
2140
1852
2218
2360
2154
1840
2200
2358
2150
1836
2208
2354
2132
1844
2210
2350
2138
1824
2208
2354
2154
1818
2208
2354
2142
1826
2202
2362
2142
1810
2214
2358
2154
1830
2208
2354
2162
1840
2212
2350
2148
1828
2186
2354
2154
1820
2210
2358
2156
1792
2210
2358
2140
1830
2228
2354
2126
1822
2226
2350
2164
1820
2206
2352
2168
1812
2210
2356
2162
1838
2204
2368
2158
1830
2204
2356
2128
1818
2210
2352
2132
1842
2204
2350
2176
1800
2208
2356
1464
1812
2214
2358
2144
1820
2216
2358
2150
1822
2216
2352
2130
1840
2214
2350
2138
1818
2206
2354
2142
1840
2198
2360
2154
1832
2202
2364
2140
1830
2204
2354
2138
1826
2216
2352
2158
1820
2200
2352
2140
1848
2224
2358
2148
1830
2210
2360
2156
1840
2202
2354
2156
1820
2212
2354
2160
1844
2194
2348
2122
1816
2192
2352
2146
1822
2204
2358
2140
1818
2218
2358
2132
1838
2212
2354
2132
1816
2222
2356
2150
1832
2218
2352
2164
1830
2198
2358
2144
1820
2204
2360
2158
1830
2224
2356
2152
1828
2210
2352
2160
1818
2208
2352
2160
2024
1440
2354
2166
1808
2214
2368
2142
1830
2206
2360
2134
1812
2212
2356
2154
1840
2196
2350
2148
1824
2204
2352
2172
1808
2210
2364
2162
1814
2210
2360
2148
1834
2222
2356
2150
1810
2210
2350
2152
1844
2212
2350
2148
1822
2196
2354
2138
1832
2198
2358
2118
1836
2198
2358
2140
1828
2222
2352
2142
1814
2208
2352
2132
1838
2194
2354
2148
1812
2198
2356
2158
1804
2194
2370
2126
1832
2214
2356
2134
1838
2222
2352
2142
1832
2204
2352
2150
1826
2188
2352
2154
1856
2206
2360
2136
1808
2220
2358
2146
1810
2202
2358
2134
1814
1786
1556
2166
1818
2200
2358
2170
1832
2198
2358
2126
1818
2208
2360
2170
1836
2212
2356
2130
1816
2206
2350
2142
1824
2214
2352
2136
1830
2202
2354
2150
1812
2200
2362
2146
1800
2214
2358
2132
1842
2212
2352
2168
1834
2218
2348
2154
1832
2224
2352
2176
1832
2206
2356
2172
1816
2202
2362
2150
1824
2204
2362
2148
1844
2214
2348
2150
1810
2202
2352
2156
1866
2218
2366
2138
1836
2208
2362
2142
1844
2214
2358
2150
1840
2216
2356
2152
1836
2208
2350
2156
1820
2204
2356
2138
1842
2192
2360
2140
1832
2214
2358
2152
1816
2206
2354
1448
1830
2206
2348
2144
1874
2206
2356
2158
1842
2222
2358
2160
1802
2192
2362
2144
1810
2218
2354
2138
1834
2208
2360
2138
1854
2216
2352
2144
1854
2204
2356
2158
1816
2200
2358
2150
1830
2206
2360
2154
1838
2206
2354
2138
1836
2198
2348
2152
1832
2194
2354
2152
1842
2206
2364
2170
1824
2206
2362
2150
1806
2210
2356
2130
1808
2200
2352
2150
1826
2204
2352
2144
1806
2208
2356
2124
1818
2214
2362
2152
1800
2210
2360
2142
1852
2208
2352
2142
1818
2216
2348
2130
1820
2212
2354
2154
1834
2224
2358
2158
1818
2214
2358
2144
1472
2218
2364
2150
1822
2222
2350
2154
1842
2212
2348
2160
1842
2202
2358
2144
1810
2208
2362
2144
1822
2208
2358
2138
1830
2210
2352
2158
1824
2212
2350
2136
1806
2188
2358
2158
1808
2198
2358
2168
1812
2204
2356
2144
1820
2196
2356
2144
1844
2206
2348
2148
1838
2216
2356
2140
1838
2206
2356
2152
1816
2208
2372
2136
1802
2208
2356
2154
1824
2202
2350
2138
1828
2214
2348
2162
1822
2204
2354
2156
1838
2200
2360
2158
1846
2210
2358
2124
1824
2198
2354
2140
1826
2212
2350
2140
1862
2200
2354
2122
1852
2210
2358
2156
1814
1694
1426
1470
1698
1596
1448
1472
1476
1388
1508
1662
1412
1522
1760
1678
1736
1840
1484
1548
1500
1742
1688
1878
2064
1914
1732
1582
1582
1526
1582
1362
1688
1824
1426
1584
1818
1604
1572
1678
2078
1786
1722
1644
1742
1714
1508
1274
1374
1388
1380
1648
1460
1444
1312
1768
1666
1674
1742
1872
1546
1796
1336
1380
1542
1622
1632
1502
1382
1474
1468
1376
1232
1276
1682
1576
1276
87848
1570
1952
1694
1478
1714
1568
1630
