3126
2850
2420
2926
3116
2838
2396
2918
3116
2826
2410
2924
3108
2842
2394
2906
3110
2844
2398
2914
3130
2836
2404
2910
3120
2834
2384
2922
3118
2824
2412
2918
3110
2838
2392
2906
3110
2822
2430
2926
3114
2838
2398
2922
3118
2850
2388
2922
3118
2824
2390
2934
3112
2840
2366
2242
2016
2556
2382
2896
3112
2824
2404
2906
3128
2832
2394
2932
3122
2832
2388
2910
3116
2820
2412
2916
3108
2836
2396
2934
3114
2854
2410
2932
3116
2848
2386
2912
3122
2828
2390
2932
3122
2818
2404
2920
3110
2826
2406
2918
3108
2838
2392
2906
3116
2834
2378
2910
3120
2846
2408
2916
3124
2842
2380
2920
3118
2842
2390
2938
3108
2822
2410
2920
3112
2834
2410
2908
3116
2830
2444
2918
3132
2850
2392
2920
3116
2832
2400
2922
3114
2824
2406
2920
3110
2846
2438
2918
3118
2828
2400
2924
3120
2818
2420
2918
3118
2842
2412
2920
2368
2070
2402
2914
3116
2842
2384
2922
3116
2854
2388
2922
3124
2838
2378
2922
3120
2830
2406
2916
3116
2838
2406
2916
3112
2852
2418
2914
3110
2854
2400
2928
3118
2854
2390
2910
3132
2834
2402
2912
3118
2844
2386
2922
3116
2834
2392
2910
3108
2822
2402
2912
3116
2816
2392
2916
3118
2820
2380
2922
3124
2848
2398
2912
3112
2840
2410
2924
3122
2846
2386
2900
3108
2826
2412
2910
3120
2868
2402
2924
3122
2814
2398
2938
3118
2822
2390
2928
3116
2824
2400
2906
3108
2830
2416
2910
3112
2854
2380
2914
3116
2832
2402
2906
3120
2848
2128
1814
2006
1858
1910
2758
2840
2832
2402
2914
3110
2834
2418
2916
3118
2822
2392
2898
3120
2850
2406
2914
3122
2830
2408
2902
3114
2842
2390
2916
3124
2852
2388
2918
3122
2856
2398
2924
3118
2832
2392
2920
3120
2826
2406
2928
3114
2826
2404
2912
3110
2866
2396
2926
3124
2818
2362
2902
3116
2838
2390
2922
3130
2826
2384
2918
3118
2832
2394
2904
3122
2830
2382
2918
3122
2840
2404
2908
3114
2862
2396
2918
3116
2848
2376
2908
3120
2822
2404
2916
3114
2842
2392
2928
3108
2814
2412
2916
3114
2850
2414
2920
3126
2838
2392
2074
3016
2852
2388
2926
3116
2850
2410
2926
3110
2820
2408
2924
3122
2832
2422
2910
3128
2840
2408
2920
3130
2848
2370
2934
3122
2814
2388
2932
3114
2854
2398
2910
3106
2826
2424
2918
3124
2842
2382
2902
3116
2848
2396
2922
3126
2824
2404
2924
3118
2836
2410
2922
3112
2850
2404
2902
3110
2836
2388
2924
3118
2850
2358
2916
3128
2818
2398
2912
3116
2848
2410
2922
3122
2816
2390
2908
3106
2852
2402
2906
3114
2844
2388
2906
3120
2830
2392
2930
3122
2832
2414
2918
3120
2826
2404
2908
3112
2838
2432
2922
3114
2844
2410
2904
2184
1934
2432
2914
3134
2826
2434
2924
3116
2826
2416
2916
3110
2856
2432
2900
3112
2858
2424
2926
3114
2820
2378
2916
3118
2854
2400
2920
3120
2826
2382
2922
3118
2832
2406
2912
3108
2830
2416
2920
3114
2836
2406
2906
3114
2844
2380
2902
3124
2850
2378
2926
3118
2850
2396
2922
3116
2844
2398
2932
3110
2836
2392
2910
3114
2840
2358
345486
1898
1856
1896
1886
1870
1894
1890
2864
2140
1890
1898
1868
1886
1888
1886
1886
2362
2266
1888
2920
3128
2836
2398
2934
3142
2830
2394
2914
3116
2822
2422
2906
3110
2822
2416
2928
3110
2844
2322
2914
3122
2840
2384
2894
3116
2848
2374
2924
3120
2836
2394
2926
3130
2834
2404
2920
3106
2824
2400
2914
3114
2854
2396
2920
3118
2846
2408
2920
3124
2858
2394
2924
3118
2826
2388
2922
3110
2860
2406
2908
3122
2856
2372
2914
3114
2832
2398
2924
3120
2844
2398
2922
3118
2838
2416
2918
3112
2822
2432
2916
3122
2846
2406
2908
3114
2846
2396
2924
3118
2844
2402
2926
3118
2844
2388
2924
3112
2826
2406
2908
3110
2860
2412
2924
3114
2830
2386
2920
3126
2838
2382
2924
3120
2838
2390
2920
3118
2842
2398
2924
3122
2848
2394
2930
3118
2836
2414
2910
3116
2830
2418
2904
3132
2830
2394
2922
3122
2836
2396
2944
3114
2822
2390
2924
3108
2848
2408
2914
3126
2846
2400
2908
3118
2834
2384
2914
3124
2836
2386
2910
3118
2828
2390
2916
3108
2844
2398
2920
3108
2838
2410
2914
3126
2828
2380
2902
3120
2836
2412
2914
3122
2810
2390
2932
3124
2814
2410
2916
3108
2850
2394
2914
3110
2842
2394
2900
3130
2828
2370
2932
3122
2844
2392
2920
3122
2832
2408
2914
3110
2818
2412
2900
3112
2836
2402
2926
3116
2846
2384
2922
3118
2838
2390
2938
3118
2824
2406
2924
2122
2210
2404
2910
3106
2818
2408
2918
3120
2852
2388
2896
3118
2818
2426
2914
3120
2822
2406
2918
3128
2858
2378
2916
3112
2844
2396
2926
3110
2822
2412
2896
3116
2846
2410
2906
3138
2832
2402
2922
3116
2814
2404
2928
3116
2820
2394
2900
3108
2822
2400
2912
3116
2828
2402
2934
3118
2846
2390
2932
3118
2832
2396
2912
3114
2830
2404
2916
3110
2836
2404
2920
3116
2842
2404
2902
3120
2834
2416
2922
3124
2820
2378
2916
3130
2830
2382
2926
3114
2836
2378
2926
3110
2836
2386
2902
3116
2836
2398
2916
3118
2852
2412
2916
3120
45242
1920
1886
3126
2836
2402
2904
3124
2834
2400
2914
3110
2842
2412
2920
3114
2842
2394
2922
3136
2830
2376
2916
3120
2834
2384
2926
3116
2840
2406
2920
3110
2830
2368
2910
3126
2840
2382
2914
3122
2838
2416
2914
3122
2826
2398
2906
3114
2816
2430
2926
3108
2832
2404
2914
3112
2848
2400
2920
3120
2842
2384
2914
3124
2822
2396
2928
3116
2822
175200
1890
1872
2756
2010
1894
1888
1892
1902
1886
3120
2840
2404
2924
3122
2840
2400
2930
3124
2822
2396
2936
3112
2828
2416
2920
3106
2832
2392
2926
3114
2812
2368
2910
3116
2818
2420
1894
3132
2846
2352
2928
3122
2858
2384
2934
3110
2878
2396
2908
3116
2830
2392
2902
3114
2858
2392
2926
3120
2826
2372
2918
3118
2840
2394
2928
3112
2842
2402
2916
3108
2828
2404
2922
3114
2834
2404
2916
3118
2822
2390
2930
3118
2814
2398
2920
3120
2820
2410
2924
3110
2820
2412
2912
3112
2852
2418
2914
3116
2846
2402
2914
3122
2846
2378
2914
3116
2824
2392
2924
3110
2832
2424
2910
3110
2834
2398
2920
3126
2840
2406
2908
3118
2856
2410
2930
3118
2822
2392
2936
3114
2836
2394
2916
3106
2828
2420
2924
3112
2822
2400
2902
34484
1726
1666
1710
2128
1884
2252
2004
1856
1872
2608
1702
1732
1692
2074
1708
1718
1968
2124
1948
1698
1974
2310
2716
1776
1742
1646
2468
2848
2396
3120
2600
2892
2772
2392
2924
3110
2826
2406
2920
3112
2828
2406
2912
3118
2844
2398
2918
3120
2832
2402
2930
3114
2828
2402
2938
3118
2842
2418
2920
3112
2824
2396
2904
3114
2844
2382
2912
3126
2844
2390
2920
3118
2824
2396
2922
3116
2832
2370
2902
3108
2848
2412
2904
3116
2834
2396
2912
3130
2834
2384
2922
3120
2830
2382
2928
3114
2836
2422
2926
3110
2812
2404
2900
3110
2288
1976
2910
3114
2854
2414
2902
3120
2836
2406
2932
3130
2826
2384
2918
3120
2812
2412
2906
3108
2836
2382
2912
3116
2838
2402
2906
3116
2836
2420
2920
3118
2838
2400
2908
3116
2852
2402
2920
3110
2842
2390
2892
3116
2854
2400
2916
3120
2822
2404
2926
3122
2828
2430
2936
3130
2838
2404
2924
3112
2850
2416
2924
3112
2832
2400
2934
3112
2834
2398
2914
3118
2828
2386
2906
3116
2806
2398
2916
3116
2824
2420
2916
3110
2820
2436
2930
3112
2820
2380
2914
3116
2848
2426
2924
3134
2848
2378
2914
3116
2834
2392
2916
3110
2834
2394
1912
3124
2840
2370
2922
3114
2854
2410
2916
3120
2830
2370
2916
3120
2836
2386
2932
3114
2860
2412
2930
3108
2848
2374
2908
3110
2868
2400
2900
3120
2820
2400
2918
3122
2846
2396
2914
3114
2824
2420
2918
3108
2828
2406
2928
3122
2836
2432
2914
3116
2848
2402
2910
3120
2838
2406
2920
3118
2828
2414
2920
3112
2838
2396
2912
3110
2840
2414
2912
3112
2840
2392
2902
3120
2846
2408
2918
3124
2842
2380
2910
3114
2846
2424
2934
3112
2842
2414
2938
3110
2826
2408
2904
3116
2838
2384
2910
3122
2840
2362
2926
3118
2838
2374
2928
18670
1980
2052
1720
2260
1866
1730
1810
2086
1808
2130
2572
3186
2728
2982
2742
2264
2178
3174
3180
3158
3236
2980
1940
1822
2518
1808
2406
2330
2746
2024
2192
1802
2836
2478
1734
1778
2352
1862
2130
1934
2428
2232
1678
1750
1888
2054
1740
1866
1800
1778
2892
2120
1944
1750
2318
2030
1794
1752
2590
2912
1766
3280
3268
3296
1920
3092
2080
1816
1742
1670
1936
1742
1934
2098
1780
2152
1948
1884
1974
2104
2684
2080
2048
2410
2442
1990
2252
2436
2226
2442
2950
2770
2694
2950
2020
3026
2036
2664
1690
1780
2370
2012
2726
2708
1998
2190
2308
2156
1764
1922
2258
1958
1914
2170
1914
2010
1976
2230
1998
1938
2516
2012
1938
1868
1740
1720
1890
1768
1732
2148
1646
1964
1742
1692
1656
1920
1988
1746
1872
1634
1906
1924
2322
1890
2810
1712
1946
2150
1804
1834
1840
2326
1764
1812
2530
1818
1706
1852
1798
1874
3026
1882
1860
1762
1820
1748
1984
1956
2422
1664
1756
1846
1844
2000
3158
1878
2966
1960
2964
1952
2368
1764
2030
1710
2122
1792
2076
2374
2408
2426
2154
1788
2892
1832
1798
2730
2208
2336
1764
2102
2104
2024
2312
2114
2114
2318
2440
2418
2852
1868
2450
1922
2108
2654
3006
2000
2742
2812
2104
1900
2944
1920
1756
1932
2358
2492
2906
2968
3056
3002
2984
2842
2844
2362
2334
2262
2944
2968
3098
2998
2898
2436
2464
2544
2608
2866
2188
2278
2606
2628
2200
2456
2582
2616
2200
2178
2620
3174
3206
3324
3292
3202
2634
2596
2668
2094
2398
2274
2512
2990
2998
3040
2804
2544
2600
2450
2438
2608
1878
2716
2972
1838
1676
1824
1714
1724
1710
1644
1820
1758
2250
1724
2606
2198
2274
1662
1898
2144
1670
1712
2048
2184
2304
1728
2044
2128
2038
1802
1782
1706
1944
1678
1770
1772
1902
1840
2064
1868
2150
1828
1718
1790
2034
1892
1788
1842
1878
1728
1810
2040
1906
1856
1802
1906
2112
2304
2738
2810
2824
2612
2844
2372
2984
2424
3014
2650
2892
2786
2764
2854
2538
2880
2390
3118
2510
2940
2734
2842
2848
2636
2808
2370
2982
2412
3006
2624
2906
2820
2774
2840
2566
2900
2394
3120
2560
2922
2770
2798
2830
2610
2842
2416
3018
2408
2986
2680
2892
2860
2686
2834
2464
2912
2394
3118
2578
2910
2760
2808
2846
2620
2860
2396
3050
2466
2952
2694
2910
3122
2826
2388
2912
3112
2818
2392
2910
3110
2830
2384
2934
3112
1962
1882
1908
1888
2846
2420
2956
3128
2836
2418
2930
3120
2802
2396
2914
3112
2838
2416
2924
3108
2838
2388
2918
3116
2862
2392
2914
3120
2838
2412
2908
3118
2844
2402
2930
3116
2852
2420
2914
3108
2858
2408
2906
3114
2832
2396
2910
3128
2830
2362
2940
3124
2824
2386
2920
3118
2824
2388
2920
3116
2830
2394
2926
3114
2846
2382
2914
3116
2860
2422
2922
3122
2826
2402
2924
3124
2840
2408
2930
3114
2822
2396
2924
3108
2818
2412
2920
3114
2844
2400
2906
3120
2828
2410
2914
3120
2836
2406
2914
3112
2830
2418
2900
3114
2828
2416
2262
1778
1790
1738
1868
1724
1690
1680
1782
1784
2258
2324
1880
1720
1970
1688
1758
1806
2002
1708
1682
1676
1680
1684
1694
1676
1684
1682
1678
1680
1682
1676
1758
1790
1832
1884
2010
1942
1756
1954
2288
1946
2008
1724
1680
1682
1700
1706
1674
1692
1684
1678
1676
1682
1678
2124
1926
2030
3000
2444
2150
2394
2092
2282
2502
1940
2776
1944
1768
1984
2000
2012
2326
2384
2092
1972
2044
2234
2308
1914
2112
1944
2132
1898
1760
2996
2238
1798
1832
2966
2224
2020
1838
1962
2394
2042
2132
2290
1974
2448
3008
2632
2874
2802
2756
2128
2488
2900
2810
2746
2848
2542
2890
2396
3122
2558
2908
2760
2812
2840
2574
3120
2808
2374
2920
3116
2832
2382
2926
3110
2850
2382
2922
3112
2832
2404
2904
3116
2838
2372
2924
3122
2816
2400
2930
3124
2828
2402
2924
3110
2828
2386
2914
3110
2846
2396
2918
3114
2828
2400
2908
3120
2826
2396
2922
3118
2840
2394
2926
3124
2834
2406
2922
3118
2840
2426
2904
3126
2846
2402
2918
3116
2856
2394
2922
3132
2824
2404
2926
3130
2814
2402
2924
3112
2836
2394
2906
3112
2840
2414
2902
3128
2846
2402
2934
3118
2836
2394
2932
3120
2130
2180
2938
3122
2854
2382
2904
3114
2832
2374
2912
3110
2826
2422
2904
3118
2836
2452
2908
3132
2824
2396
2930
3120
2826
2402
2922
3110
2814
2408
2902
3114
2842
2406
2904
3122
2844
2390
2906
3124
2826
2378
2932
3124
2832
2404
2916
3112
2828
2390
2924
3106
2842
2414
2914
3116
2836
2416
2900
3118
2838
2408
2920
3118
2814
2400
2924
3116
2830
2400
2914
3108
2838
2376
2930
3108
2836
2410
2910
3130
2844
2414
2940
3136
2826
2398
2920
3116
2814
2408
2924
3114
2818
2412
2912
3124
2822
2386
2904
3132
2840
2410
2928
3120
2834
2380
2134
3134
2830
2378
2922
3118
2852
2404
2918
3108
2830
2418
2938
3110
2846
2402
2918
3116
2832
2396
2902
3122
2820
2386
2918
3126
2836
2404
2914
3114
2852
2382
2914
3110
2834
2384
2906
3114
2840
2410
2914
3118
2838
2390
2926
3122
2848
2408
2922
3118
2820
2412
2926
3108
2828
2414
2920
3114
2836
2390
2912
3118
2850
2400
2934
3132
2856
2412
2910
3116
2814
2398
2922
3110
2848
2410
2914
3112
2858
2394
2908
3114
2836
2422
2918
3130
2830
2386
2912
3118
2852
2394
2920
3112
2818
2406
2928
3106
2834
2400
2916
3114
2848
2408
2914
1994
1748
1806
1906
1942
2360
2254
1896
1980
2284
1762
1792
1802
1950
1786
1702
1842
1780
1770
1824
2068
1742
1770
1762
1840
2114
1952
1996
1776
1872
1846
2200
1808
2004
2120
2576
2694
2156
2164
1858
2160
2960
2502
2538
2094
2358
2148
2014
2056
1914
2170
2048
1994
1880
1832
1956
1950
1988
2024
2452
2182
2136
1914
2100
2562
2680
3046
2698
2068
2036
2154
2160
2068
2202
1992
2170
2260
2670
35344
1938
1884
2206
812143
2794
2052
1980
2536
2042
1934
2014
1896
2242
1976
2224
2364
2504
1934
1926
2064
2062
2290
1964
1874
2168
2014
2086
130261
1758
1690
1680
1832
1682
1774
1860
1946
1988
2050
1864
1750
1770
1860
1784
1920
1912
1720
1748
1686
1830
1842
1790
1766
1912
2146
2582
1720
1994
1908
2268
2134
1958
1954
1982
2686
2120
2158
1730
1754
2130
2506
1814
1834
1908
1714
1714
1716
1776
2070
2036
1992
2398
2278
1870
1786
1930
1918
1648
2034
2058
1644
1748
1732
2272
1872
1908
1776
1886
2526
1750
2118
1774
2258
2054
2832
2724
2840
2452
2926
2414
3096
2612
2914
2798
2762
2842
2506
2890
2398
3116
2522
2928
2752
2804
2820
2608
3126
2844
2408
2904
3110
2826
2394
2122
3126
2844
2372
2912
3128
2848
2396
2908
3122
2838
2418
2924
3132
2842
2398
2922
3118
2844
2424
2922
3110
2844
2424
2920
3120
2862
2380
2926
3120
2826
2410
2920
3120
2838
2398
2918
3114
2820
2380
2916
3120
2854
2420
2906
3114
2832
2402
2924
3116
2852
2400
2908
3132
2834
2376
2934
3118
2852
2396
2914
3110
2838
2406
2922
3120
2860
2412
2912
3126
2846
2370
2922
3120
2832
2382
2930
3124
2814
2392
2914
3126
2830
2440
2922
3120
2840
2408
2926
3114
2840
2402
2906
3116
2842
2398
2920
3124
2824
2420
2920
3120
2828
2378
2920
2392
2856
2404
2936
3122
2836
2404
2914
3118
2836
2392
2904
3122
2838
2386
2910
3118
2816
2398
2898
3114
2838
2424
2912
3104
2826
2428
2904
3112
2840
2368
2910
3118
2842
2418
2914
3122
2828
2386
2934
3126
2850
2390
2912
3122
2826
2390
2926
3110
2830
2388
2910
3118
2842
2400
2920
3136
2840
2406
2926
3118
2818
2406
2918
3114
2840
2386
2912
3110
2830
2406
2926
3114
2836
2384
2904
3118
2836
2388
2930
3120
2814
2372
2916
3114
2826
2412
2932
3112
2848
2418
2918
3114
2822
2412
2910
3116
2830
2404
2902
3120
2850
2420
2928
3120
2142
1874
2098
3140
2842
2430
2912
3118
2854
2404
2906
3114
2830
2404
2900
3118
2834
2384
2920
3118
2808
2404
2944
3116
2838
2384
2916
3124
2832
2402
2906
3124
2840
2414
2914
3118
2862
2398
2928
3132
2840
2428
2920
3118
2832
2382
2914
3122
2846
2424
2918
3108
2856
2402
2930
3116
2844
2378
2916
3122
2830
2412
2926
3130
2818
2384
2922
3112
2816
2392
2920
3108
2840
2410
2918
3112
2838
2402
2918
3118
2852
2378
2914
3124
2828
2398
2916
3116
2824
2390
2920
3112
2822
2398
2914
3110
2842
2408
2916
3126
2840
2430
2920
3122
2834
2410
1884
1856
2842
2366
2934
3120
2864
2378
2920
3110
2836
2434
2922
3128
2828
2396
2902
3118
2840
2382
2930
3120
2818
2404
2922
3114
2816
2432
2926
3120
2866
2394
2916
3110
2838
2406
2910
3118
2830
2380
2914
3124
2840
2380
2914
3132
2840
2412
2910
3112
2830
2410
2912
3108
2854
2434
2914
3114
2836
2414
2914
3120
2838
2386
2910
3128
2824
2376
2924
3116
2830
2378
2936
3120
2826
2396
2902
3112
2852
2376
2916
3116
2848
2382
2910
3124
2826
2386
2912
3118
2812
2424
2908
3112
2812
2390
2918
3108
2834
2400
2908
3116
2838
2380
2902
2180
2838
2364
2928
3122
2818
2408
2908
3112
2832
2388
2902
3106
2838
2396
2914
3114
2840
2386
2918
3118
2842
2376
2924
3124
2838
2384
2916
3116
2822
2416
2916
3110
2834
2394
2914
3112
2838
2404
2910
3116
2848
2436
2928
3122
2842
2402
2924
3118
2840
2404
2928
3128
2844
2420
2906
3110
2824
2426
2928
3128
2848
2398
2906
3118
2830
2386
2904
3120
2828
2416
2934
3118
2820
2410
2928
3116
2830
2414
2904
3114
2826
2414
2902
3120
2844
2378
2908
3120
2842
2408
2928
3128
2832
2410
2916
3110
2820
2388
2912
3108
2852
2438
2908
3118
1788
2264
2050
2104
2124
2192
2040
338090
1840
1752
1870
1924
1902
2072
1994
1900
1874
1828
1920
1700
1684
1930
2176
2492
1746
1946
2126
2226
2158
2244
2112
1816
1682
1704
1922
1916
1784
1732
1766
1914
1820
1622
1956
2052
1690
2206
1698
1692
1822
1794
2234
2042
2490
1792
2372
2312
3122
3440
3202
3224
3422
3108
3148
3376
3338
3100
2302
1844
1738
1778
2118
1976
1744
1660
1972
1924
1870
1904
1906
1976
1908
2054
1950
2056
2258
1942
1804
3002
2036
2094
1974
2274
2630
2618
2570
2600
1884
1774
2212
3064
3062
2266
3476
3480
3360
2164
1948
1842
3062
3352
3018
2588
2060
3014
2860
3332
3458
2050
2188
2972
3244
3430
3452
3548
3266
3290
3272
3378
3284
3260
3342
3284
3328
2920
3104
3516
3438
3438
3644
3668
3278
2424
3270
3292
3326
3386
3308
3242
3216
2668
3258
3474
3378
3406
3316
3190
3274
3282
3376
3498
3176
3314
3336
3298
2646
3422
3348
3434
3514
3530
3306
3212
3222
3332
3266
3048
3204
3308
3248
2508
3384
3402
3474
3388
3480
3302
3280
3280
3358
3324
3336
3326
3242
3110
3084
3212
3472
3422
3492
3534
3266
3218
2722
3368
3382
3282
3354
3242
3254
3144
3448
3154
3154
3274
3526
3618
3556
3222
3244
1832
2000
2054
1968
1808
1876
1880
1898
1982
1890
1896
1910
1866
1948
1808
1922
1662
1810
1774
2150
1780
1996
1762
1770
1990
1676
1748
1852
1648
1752
1902
2032
2456
2010
1824
2222
2610
1852
1776
1768
1746
1710
1880
1714
2402
1730
1950
1920
2192
1988
2088
1966
1928
2078
1638
1966
1936
1872
2200
2134
1750
2050
1870
1866
1744
1882
1678
1734
2022
1762
1994
1700
1888
1826
1852
2512
1766
2170
2228
1928
1736
2000
2934
2774
2832
2874
2574
2854
2414
3070
2462
2962
2744
2876
2814
2644
2814
1942
2018
2064
2488
2908
2862
2622
2812
2438
2970
2396
3044
2616
2896
2794
2786
2820
2536
2864
2398
3088
2468
2944
2748
2904
2846
2616
2822
2398
2992
2390
3020
2640
2894
2794
2752
2804
2500
2912
2400
3114
2582
2914
2782
2776
2826
2560
2866
2394
3066
2454
2966
2848
2398
2906
3116
2838
2396
2912
3122
2822
2408
2914
3118
2838
2394
2922
3112
2826
2422
2922
3108
2800
2386
2914
3114
2856
2398
2916
3118
2848
2400
2934
3118
2824
2426
2922
3118
2846
2394
2922
3112
2834
2396
2914
3114
2842
2390
2914
3116
2860
2398
2916
3122
2854
2242
1910
3116
2836
2392
2918
3110
2834
2410
2924
3110
2830
2386
2924
3112
2830
2382
2912
3124
2828
2400
2922
3134
2820
2388
2934
3114
2818
2398
2924
3110
2838
2414
2910
3112
2836
2404
2898
3120
2846
2408
2910
3120
2826
2394
2920
3118
2842
2408
2930
3112
2834
2402
2908
3112
2810
2408
2904
3112
2834
2398
2926
3120
2840
2418
2938
3122
2828
2372
2908
3114
2818
2388
2934
3108
2818
2418
2910
3110
2840
2402
2904
3118
2840
2400
2912
3124
2830
2408
2922
3114
2838
2394
2926
3112
2824
2406
2902
3110
2840
2396
2916
3116
2838
2390
2932
2318
3006
2350
2916
3122
2844
2404
2918
3114
2824
2392
2914
3110
2850
2410
2904
3116
2840
2388
2912
3116
2834
2396
2916
3124
2828
2402
2932
3116
2830
2396
2918
3112
2836
2402
2916
3110
2846
2394
2906
3116
2840
2416
2910
3122
2848
2378
2914
3120
2842
2394
2922
3114
2828
2414
2922
3106
2812
2382
2916
3116
2844
2400
2906
3118
2828
2390
2918
3122
2844
2400
2916
3118
2832
2386
2920
3112
2840
2410
2918
3114
2868
2412
2902
3116
2848
2404
2930
3126
2852
2396
2934
3116
2826
2412
2916
3110
2848
2398
2936
3110
2844
2394
2902
3112
2114
2360
2900
3124
2844
2398
2910
3122
2842
2400
2916
3116
2822
2386
2910
3110
2854
2396
2918
3114
2814
2418
2922
3116
2830
2390
2922
3126
2856
2398
2934
3118
2830
2404
2914
3110
2852
2414
2912
3108
2830
2382
2910
3116
2866
2384
2914
3122
2888
2372
2912
3128
2848
2404
2934
3110
2838
2402
2926
3110
2838
2394
2918
3110
2842
2428
2914
3118
2834
2390
2914
3134
2846
2426
2932
3130
2822
2416
2920
3110
2834
2372
2908
3110
2828
2392
2908
3128
2840
2390
2916
3118
2834
2390
2908
3118
2832
2388
2932
3118
2832
2414
2920
3110
2820
19972
2114
3118
2862
2384
2922
3128
2852
2398
2910
3118
2848
2398
2910
3112
2826
2416
2922
3118
2836
2408
2916
3110
2842
2428
2914
3116
2826
2382
2918
3122
2840
2380
2928
3122
2836
2396
2908
3118
2830
2406
2914
3126
2852
2398
2920
3114
2864
2370
2898
3118
2838
2390
2918
3122
2814
2400
2942
3116
2832
2398
2914
3108
2830
2388
2912
3120
2868
2386
2916
3118
2846
2384
2916
3122
2824
2374
2908
3126
2838
2384
2928
3124
2816
2402
2918
3106
2856
2400
2924
3116
2830
2380
2922
3118
2842
2406
2924
3120
2822
2400
2926
3126
2852
2396
2910
2194
2842
2406
2932
3110
2850
2402
2902
3122
2840
2396
2918
3124
2842
2394
2930
3128
2848
2406
2924
3112
2844
2408
2926
3110
2846
2388
2900
3128
2810
2406
2926
3122
2836
2390
2928
3118
2838
2404
2922
3114
2848
2382
2926
3126
2858
2380
2906
3118
2838
2404
2918
3120
2832
2394
2914
3126
2834
2402
2930
3118
2862
2378
2918
3110
2804
2390
2916
3110
2822
2420
2902
3112
2828
2372
2920
3120
2860
2404
2914
3120
2826
2376
2912
3116
2832
2398
2924
3118
2832
2386
2916
3112
2838
2420
2896
3128
2814
2370
2920
3122
2824
2404
2914
3116
2212
2102
2496
3122
2848
2422
2908
3110
2848
2384
2908
3114
2830
2406
2902
3122
2824
2402
2922
3136
2832
2418
2924
3112
2832
2396
2926
3106
2818
2404
2924
3122
2834
2388
2916
3120
2836
2390
2934
3122
2846
2392
2924
3126
2818
2392
2932
3114
2836
2398
2916
3112
2832
2446
2910
3120
2830
2382
2908
3120
2840
2360
2918
3128
2808
2402
2910
3110
2822
2404
2920
3108
2826
2388
2908
3114
2852
2392
2912
3120
2820
2418
2918
3118
2826
2398
2918
3114
2852
2420
2924
3122
2832
2412
2922
3118
2840
2406
2902
3124
2840
2370
2904
3122
2828
2510
1914
3128
2856
2388
2922
3116
2826
2400
2904
3110
2846
2402
2922
3126
2874
2388
2914
3124
2846
2398
2902
3134
2844
2382
2922
3112
2840
2438
2922
3110
2820
2432
2898
3128
2826
2396
2898
3116
2840
2382
2924
3122
2858
2410
2932
3128
2812
2416
2912
3112
2824
2408
2912
3108
2834
2372
2898
3114
2846
2388
2910
3124
2828
2402
2930
3118
2836
2410
2914
3118
2826
2402
2936
3108
2832
2428
2904
3114
2868
2402
2904
3130
2854
2392
2928
3122
2828
2412
2924
3114
2828
2386
2926
3112
2818
2390
2912
3114
2840
2414
2916
3116
2844
2384
2912
2166
2854
2380
2932
3118
2834
2412
2924
3128
2842
2398
2922
3118
2820
2388
2916
3112
2824
2418
2916
3116
2842
2404
2914
3122
2836
2390
2918
3132
2838
2430
2924
3110
2852
2408
2936
3112
2838
2378
2916
3130
2846
2384
2918
3126
2838
2396
2914
3116
2822
2416
2934
3112
2818
2398
2912
3104
2836
2398
2922
3112
2858
2386
2918
3120
2840
2382
2920
3120
2832
2384
2934
3112
2834
2384
2932
3110
2838
2394
2918
3122
2828
2402
2918
3116
2834
2420
2918
3122
2838
2412
2918
3130
2830
2376
2930
3122
2836
2388
2902
3122
2822
2378
2916
3114
2200
2390
2908
3132
2824
2386
2912
3118
2832
2386
2928
3122
2830
2380
2912
3108
2858
2426
2906
3116
2844
2406
2914
3126
2844
2400
2924
3132
2840
2392
2898
3116
2850
2390
2928
3122
2832
2408
2918
3108
2836
2376
2896
3114
2834
2374
2898
3120
2834
2392
2906
3128
2820
2418
2922
3126
2838
2422
2918
3106
2828
2422
2912
3114
2866
2372
2914
3126
2832
2382
2912
3122
2826
2378
2928
3116
2826
2410
2914
3110
2820
2396
2924
3114
2832
2416
2896
3114
2834
2408
2906
3120
2824
2400
2904
3118
2832
2394
2922
3114
2812
2420
2908
3108
2840
2136
2230
1862
2272
2206
1722
1898
1836
2054
1870
1830
1930
2262
2030
2012
1736
1678
1708
1830
1878
2302
2318
1994
2176
1788
1866
2060
2176
1952
1874
1824
1950
1778
1850
1820
2254
2122
1742
1910
1944
1906
2066
2130
2412
2496
2262
2830
2404
2444
2908
3094
2840
2486
2366
2878
3108
2818
2544
2396
2922
3106
2814
2594
2418
2868
3058
2860
2636
2424
2804
3040
2898
2706
2384
2736
3010
2914
2738
2390
2636
2974
2958
2826
2664
2834
2420
2954
2410
3038
2612
2878
2808
2718
2826
3120
2844
2402
2918
3130
2816
2392
2920
3116
2820
2396
2914
3116
2830
2368
2940
3110
2848
2412
2930
3128
2852
2408
2918
3120
2848
2398
2932
3126
2844
2392
2920
3110
2840
2400
2918
3112
2840
2384
2908
3118
2858
2372
2906
3122
2818
2390
2918
3130
2822
2418
2926
3114
2810
2416
2910
3108
2818
2386
2920
3118
2828
2410
2932
3118
2814
2394
2922
3122
2824
2420
2932
3112
2834
2408
2930
3116
2838
2388
2912
3110
2834
2406
2906
3118
2840
2376
2910
3120
2842
2398
2934
3118
2834
2414
2926
3124
2832
2396
2930
3110
2836
2418
2920
3112
2824
2412
2912
3118
2832
2396
2912
3120
2830
2392
2936
3116
1890
1902
1870
3122
2816
2380
2918
3114
2828
2396
2908
3116
2824
2426
2924
3120
2834
2390
2928
3120
2822
2396
2920
3110
2806
2422
2912
3106
2834
2394
2908
3120
2860
2386
2904
3118
2820
2408
2904
3120
2824
2390
2920
3116
2814
2402
2920
3112
2822
2420
2940
3126
2836
2380
2912
3120
2828
2374
2914
3122
2850
2382
2928
3116
2824
2398
2910
3110
2834
2376
2924
3110
2836
2404
2918
3112
2828
2396
2908
3122
2868
2364
2912
3124
2814
2408
2918
3112
2812
2442
2920
3108
2834
2366
2914
3112
2846
2396
2920
3116
2842
2398
2924
3122
2842
2358
2146
3118
2848
2386
2920
3110
2830
2408
2922
3120
2834
2428
2906
3118
2842
2382
2896
3124
2836
2416
2918
3124
2858
2398
2920
3124
2836
2374
2920
3112
2852
2296
1898
1904
1880
1898
1872
1862
2858
2402
2922
3122
2848
2422
2916
3116
2826
2428
2918
3110
2856
2406
2908
3126
2834
2396
2912
3126
2828
2366
2918
3122
2836
2374
2924
3118
2832
2412
2912
3114
2812
2374
2910
3118
2822
2408
2914
3114
2838
2410
2910
3132
2842
2386
2928
3122
2836
2398
2932
3114
2806
2382
2928
3110
2842
2398
2912
3110
2844
2396
2914
3118
2848
2374
2912
1906
1884
1878
2912
3128
2850
2412
2918
3116
2826
2396
2946
3110
2834
2366
2914
3120
2864
2368
2900
3120
2868
2366
2922
3120
2814
2386
2930
3112
2828
2374
2918
3108
2822
2420
2924
3110
2844
2386
2922
3118
2842
2378
2912
3122
2814
2388
2914
3116
2836
2382
2930
3110
2826
2408
2926
3106
2854
2398
2914
3114
2824
2404
2914
3118
2810
2412
2918
3138
2846
2390
2926
3112
2814
2416
2928
3108
2850
2418
2914
3112
2840
2396
2918
3124
2834
2394
2912
3122
2838
2392
2938
3120
2824
2368
2912
3108
2846
2410
2926
3112
2858
2396
2922
3114
1980
2100
2342
2932
2824
2388
2916
3118
2834
2408
2912
3112
2826
2432
2932
3118
2840
2402
2920
3114
2818
2392
2904
3122
2836
2404
2912
3118
2844
2408
2932
3114
2830
2396
2920
3114
2828
2384
2922
3114
2854
2382
2912
3116
2856
2402
2916
3134
2830
2408
2926
3116
2822
2410
2914
3124
2822
2398
2922
3120
2838
2402
2912
3112
2814
2378
2924
3118
2828
2392
2930
3134
2824
2380
2928
3116
2830
2410
2928
3106
2850
2400
2900
3114
2854
2380
2918
3116
2832
2402
2920
3122
2832
2398
2928
3132
2826
2396
2920
3126
2838
2406
2926
3110
2844
3036
3122
2010
2846
2410
2916
3120
2850
2402
2898
3122
2850
2400
2928
3112
2824
2428
2920
3110
2850
2392
2908
3116
2828
2394
2908
3124
2840
2418
2914
3124
2836
2390
2932
3126
2834
2390
2926
3112
2834
2416
2906
3110
2842
2430
2908
3112
2850
2410
2930
3132
2844
2404
2924
3118
2824
2394
2920
3114
2838
2420
2908
3106
2860
2404
2906
3116
2856
2386
2904
3120
2840
2400
2914
3126
2818
2382
2920
3116
2808
2426
2924
3108
2832
2420
2924
3112
2812
2392
2908
3116
2854
2410
2912
3118
2830
2380
2916
3120
2822
2422
2938
3112
2828
2420
2912
1910
2846
2386
2918
3112
2852
2422
2910
3118
2864
2400
2916
3122
2828
2406
2924
3118
2810
2390
2928
3114
2816
2406
2912
3110
2852
2398
2928
3114
2834
2390
2910
3122
2840
2402
2920
3118
2848
2420
2922
3112
2820
2416
2910
3108
2836
2384
2896
3112
2854
2406
2904
3118
2830
2394
2920
3120
2844
2408
2918
3114
2830
2394
2910
3112
2820
2412
2920
3112
2846
2406
2904
3114
2826
2394
2916
3120
2852
2368
2920
3116
2834
2390
2920
3108
2810
2400
2918
3110
2828
2402
2912
3120
2852
2408
2904
3118
2822
2402
2926
3116
2822
2404
2926
3116
2164
2190
2208
2162
2004
2270
2188
2060
2232
2018
1840
1770
1900
2010
2588
2128
2288
1808
2114
2294
1932
2154
1948
1876
2200
2702
2438
2166
2842
1774
1866
1766
1736
1686
1784
1784
1772
1778
1770
1768
1806
1692
1780
1816
1780
1816
1776
1740
1804
1788
1732
1818
1744
1782
1786
1782
1822
1792
1738
2144
2346
2054
2138
1736
1690
1776
1650
1660
1638
1632
1614
1638
1694
1636
1688
1704
1766
1802
1764
1660
1752
1706
1766
1698
1698
1742
1804
1868
1968
1992
1956
2018
1820
1852
1862
1722
1980
2132
1826
1698
1942
1942
2194
1710
1796
1996
1772
1794
1898
1744
2246
1890
1702
1778
1754
1850
1848
1694
1908
1752
2064
1804
2084
1902
1952
1896
1980
1954
2080
1970
1922
1858
1946
1980
1996
1934
2052
1960
2120
1984
1826
1886
2108
1810
1804
2366
1824
2794
2930
1776
1888
1636
1982
1954
1790
1972
2284
1928
2220
1660
1708
1728
2008
2638
2396
3108
2464
2954
2744
2896
2848
2674
2832
2394
2982
2396
3024
2630
2906
2786
2792
2834
2542
2870
2424
3112
2526
2944
2748
2806
2838
2630
2802
2398
2998
2398
3022
2636
2926
3112
2842
2388
2926
3114
2836
2388
2902
3120
2820
2402
2858
1930
2832
2370
2926
3118
2822
2388
2920
3110
2826
2450
2918
3106
2826
2396
2920
3114
2846
2394
2920
3122
2832
2420
2918
3122
2838
2458
2906
3112
2842
2418
2924
3110
2828
2400
2916
3114
2844
2404
2916
3116
2836
2388
2928
3122
2822
2396
2928
3116
2816
2398
2928
3114
2814
2410
2914
3110
2832
2404
2918
3126
2838
2392
2918
3122
2856
2382
2908
3118
2840
2380
2930
3114
2846
2396
2910
3110
2848
2408
2928
3114
2842
2406
2906
3118
2854
2412
2910
3120
2820
2374
2932
3114
2850
2394
2924
3110
2826
2412
2918
3110
2852
2424
2906
3116
1828
1730
1988
1912
1870
1864
2922
3124
2828
2392
2918
3114
2826
2422
2924
3108
2824
2418
2900
3120
2832
2388
2924
3130
2844
2394
2920
3122
2866
2406
2912
3116
2860
2412
2918
3110
2824
2408
2916
3110
2824
2406
2896
3116
2826
2386
2930
3124
2838
2394
2924
3116
2826
2416
2920
3114
2832
2376
2928
3108
2840
2398
2924
3116
2856
2392
2910
3118
2842
2368
2914
3118
2826
2408
2914
3128
2830
2394
2906
3106
2858
2398
2906
3112
2830
2412
2904
3118
2824
2402
2920
3124
2834
2402
2936
3114
2828
2396
2916
3116
2842
2406
2912
3110
2824
2082
2434
2546
2844
2384
2908
3118
2856
2412
2936
3122
2840
2412
2922
3112
2836
2376
2930
3108
2834
2456
2930
3122
2842
2382
2902
3130
2842
2408
2920
3120
2830
2400
2918
3116
2838
2390
2920
3112
2850
2392
2918
3110
2878
2416
2908
3114
2828
2390
2910
3122
2826
2410
2914
3118
2818
2390
2926
3116
2838
2416
2910
3108
2868
2418
2918
3116
2864
2388
2930
3120
2850
2392
2910
3120
2832
2396
2922
3114
2836
2402
2936
3116
2840
2418
2908
3116
2864
2400
2934
3116
2834
2384
2916
3120
2826
2398
2936
3118
2848
2408
2926
3114
2826
2406
2558
1898
2870
2380
2926
3112
2824
2390
2920
3120
2848
2394
2916
3124
2842
2398
2926
3116
2832
2394
2932
3116
2834
2386
2924
3110
2846
2394
2912
3116
2862
2394
2910
3126
2850
2366
2920
3120
2826
2398
2922
3110
2840
2402
2908
3110
2848
2402
2920
3112
2824
2418
2930
3118
2830
2414
2922
3116
2840
2386
2924
3120
2842
2402
2918
3108
2848
2378
2904
3112
2846
2398
2920
3120
2812
2382
2914
3122
2824
2396
2914
3116
2842
2394
2922
3118
2842
2392
2918
3110
2840
2382
2926
3114
2838
2412
2908
3120
2818
2378
2942
3116
2838
2392
2922
3110
2198
2054
1732
1742
1884
2564
2590
3120
2828
2392
2906
3122
2826
2384
2920
3120
2832
2398
2924
3120
2820
2384
2940
3110
2836
2388
2914
3120
2850
2396
2914
3128
2848
2390
2920
3132
2840
2396
2934
3116
2830
2426
2920
3116
2836
2380
2926
3108
2862
2388
2910
3110
2836
2406
2914
3118
2848
2398
2904
3130
2832
2398
2934
3116
2814
2394
2924
3110
2824
2420
2926
3110
2832
2412
2914
3126
2840
2400
2910
3118
2820
2416
2906
3118
2834
2412
2920
3114
2844
2400
2920
3108
2850
2406
2906
3114
2846
2370
2914
3118
2812
2384
2922
3122
2824
2284
2252
3120
2822
2422
2912
3108
2856
2424
2930
3118
2850
2430
2906
3116
2828
2402
2910
3122
2820
2388
2924
3116
2822
2402
2916
3114
2856
2410
2924
3108
2828
2398
2916
3126
2844
2426
2910
3120
2832
2404
2056
2054
2330
2378
2862
3032
2868
2620
2404
2692
3012
2930
2796
2418
2618
2976
2970
2840
2398
2546
2946
3016
2828
2406
2484
2916
3058
2832
2092
1886
1870
1858
1890
1864
1900
1894
2374
2242
1876
1874
2910
3118
2818
2378
2926
3118
2840
2382
2936
3114
2830
2398
2912
3120
2814
2406
2918
3114
2832
2404
2904
3120
2826
2408
26278
2116
2858
2392
2932
3112
2820
2420
2912
3108
2830
2406
2910
1904
1890
1886
2026
2840
1988
2410
2910
3134
2858
2410
2916
3118
2836
2396
2906
3110
2860
2396
2918
3110
2850
2406
2916
3114
2854
2396
2918
3122
2824
2388
2918
3120
2848
2374
2914
3114
2832
2418
2916
3112
2824
2412
2926
3108
2846
2398
2914
3120
2832
2404
2922
3120
2840
2412
2922
3118
2848
2402
2928
3112
2826
2406
2930
3110
2846
2390
2916
3126
2854
2398
2908
3118
2838
2378
2924
3118
2818
2398
2924
3112
2810
2406
2922
3112
2830
2386
2924
3110
2848
2386
2908
3118
2128
2412
2912
3128
2836
2426
2948
3126
2848
2392
2926
3114
2838
2404
2926
3106
2840
2406
2918
3112
2846
2396
2924
3120
2832
2354
2928
3120
2830
2420
2924
3114
2804
2392
2924
3110
2834
2402
2918
3112
2834
2410
2898
3122
2818
2382
2922
3120
2838
2398
2926
3116
2824
2384
2932
3110
2836
2402
2918
3118
2868
2384
2914
3116
2830
2404
2906
3120
2868
2374
2922
3116
2808
2400
2936
3116
2842
2384
2910
3108
2842
2398
2916
3128
2842
2408
2910
3126
2844
2390
2930
3122
2820
2386
2908
3128
2824
2388
2910
3116
2816
2398
2914
3116
2822
2204
1820
1792
1700
1800
2292
3130
2844
2424
2918
3118
2810
2422
2914
3114
2830
2370
2912
3110
2842
2394
2900
3120
2852
2410
2900
3116
2858
2390
2914
3122
2832
2378
2916
3118
2838
2404
2918
3110
2830
2402
2914
3114
2834
2372
2918
3114
2830
2410
2922
3138
2818
2368
2928
3116
2820
2394
2918
3114
2838
2378
2932
3106
2846
2400
2918
3114
2852
2412
2910
3122
2838
2382
2920
3118
2822
2394
2932
3112
2832
2424
2914
3110
2836
2394
2902
3112
2850
2404
2924
3118
2828
2376
2932
3124
2838
2384
2932
3118
2838
2402
2918
3110
2852
2398
1916
1888
1880
2386
2928
3126
2846
2408
2910
3120
2860
2418
2918
3122
2826
2394
2934
3128
2824
2398
2922
3108
2854
2384
2920
3114
2836
2406
2908
3118
2838
2386
2906
3124
2852
2406
2930
3126
2818
2388
2916
3110
2840
2418
2934
3124
2862
2400
2910
3114
2854
2388
2910
3122
2826
2396
2918
3116
2832
2388
2918
3116
2830
2396
2908
3110
2818
2386
2898
3128
2862
2404
2918
3118
2840
2392
2922
3122
2828
2404
2920
3116
2854
2432
2912
3108
2828
2382
2926
3110
2844
2418
2906
3128
2844
2390
2916
3120
2812
2412
2932
3114
2836
2412
2922
3114
1960
1888
2096
1944
2354
2348
1928
1968
2100
2208
2204
2050
2590
2336
2200
2366
2106
1880
1946
1996
1798
1958
1632
1978
2536
2410
1904
2134
2438
1816
2446
2116
2528
1782
2076
2090
2854
2202
2000
1988
2122
2256
1878
1808
1896
2624
2822
2802
2640
2844
2372
3024
2414
2980
2646
3122
2838
2398
2924
3130
2810
2394
2946
3120
2830
2388
2926
3108
2830
2406
2894
3114
2848
2394
2906
3118
2824
2402
2910
3120
2836
2388
2944
3120
2822
2372
2922
3110
2834
2426
2920
3110
2836
2428
2924
3122
2842
2396
2916
3120
2870
2398
2928
3118
2830
2110
2330
3122
2832
2376
2914
3110
2866
2388
2900
3116
2858
2410
2910
3118
2856
2386
2916
3120
2828
2402
2922
3116
2816
2406
2930
3110
2836
2406
2906
3112
2822
2386
2936
3114
2846
2398
2930
3120
2860
2426
2926
3120
2834
2386
2928
3128
2826
2400
2916
3112
2828
2418
2918
3122
2826
2412
2910
3120
2846
2388
2916
3134
2836
2392
2928
3116
2828
2398
2930
3122
2836
2430
2914
3112
2834
2410
2920
3114
2832
2388
2910
3122
2832
2388
2922
3118
2846
2382
2928
3116
2816
2386
2904
3106
2830
2450
2922
3114
2820
2386
2914
3122
2840
2396
2164
1874
2836
2366
2926
3114
2840
2386
2908
3110
2848
2384
2932
3110
2828
2404
2910
3128
2844
2388
2916
3120
2836
2400
2918
3116
2828
2394
2918
3112
2848
2402
2912
3108
2840
2418
2914
3116
2828
2414
2918
3128
2830
2378
2920
3120
2838
2390
2918
3114
2830
2396
2908
3114
2830
2376
2912
3110
2828
2376
2896
3116
2854
2400
2910
3132
2824
2368
2922
3116
2818
2388
2908
3114
2838
2414
2914
3122
2822
2400
2914
3114
2846
2364
2904
3122
2834
2402
2928
3116
2832
2398
2926
3118
2824
2414
2928
3110
2822
2388
2924
3116
2828
2392
2920
3116
2374
2394
2946
3128
2862
2394
2920
3128
2828
2414
2928
3112
2834
2420
2904
3108
2832
2392
2908
3130
2826
2386
2912
3122
2816
2374
2920
3118
2844
2398
2932
3112
2844
2402
2930
3118
2852
2396
2920
3114
2816
2386
2910
3116
2824
2402
2910
3132
2850
2400
2922
3132
2822
2392
2920
3110
2854
2404
2916
3112
2862
2402
2902
3118
2832
2388
2922
3132
2858
2398
2934
3122
2826
2390
2914
3110
2816
2412
2914
3118
2858
2404
2908
3112
2832
2408
2922
3116
2820
2402
2904
3118
2842
2376
2922
3114
2836
2406
2930
3114
2852
2402
2902
3108
2834
2278
2076
2236
2832
2362
2376
3094
2864
2366
2936
3118
2840
2394
2918
3114
2852
2396
2924
3112
2862
2394
2912
3130
2864
2410
2918
3124
2838
2368
2920
3124
2846
2408
2936
3112
2836
2410
2906
3122
2818
2404
2912
3112
2860
2408
2910
3120
2822
2400
2924
3126
2826
2388
2916
3114
2830
2400
2916
3126
2840
2388
2914
3112
2822
2428
2912
3120
2856
2386
2922
3122
2864
2406
2918
3124
2830
2404
2916
3114
2830
2398
2910
3110
2834
2386
2922
3112
2848
2388
2928
3118
2838
2398
2928
3126
2850
2392
2930
3116
2844
2406
2920
3120
2826
2382
2382
2058
2862
2402
2934
3114
2830
2390
2902
3122
2814
2408
2908
3118
2842
2398
2920
3126
2844
2412
2934
3110
2834
2406
2904
3120
2836
2396
2914
3132
2828
2380
2928
3118
2840
2394
2914
3114
2814
2398
2924
3112
2844
2394
2912
3112
2830
2380
2910
3114
2852
2394
2916
3134
2836
2412
2918
3134
2828
2406
2922
3114
2822
2404
2922
3110
2852
2388
2912
3124
2840
2384
2920
3120
2854
2394
2912
3122
2838
2396
2940
3114
2818
2400
2926
3114
2848
2392
2918
3110
2826
2400
2918
3116
2850
2374
2916
3136
2828
2408
2916
3116
2820
2412
2912
3112
2458
2400
2928
3118
2822
2388
2912
3114
2862
2398
2924
3120
2832
2412
2940
3120
2810
2390
2940
3112
2832
2402
2938
3110
2844
2384
2908
3110
2832
2394
2906
3134
2834
2418
2918
3122
2830
2390
2928
3112
2818
2420
2934
3110
2836
2400
2920
3112
2852
2376
2916
3114
2842
2444
2910
3120
2802
2378
2910
3130
2830
2378
2920
3114
2816
2404
2926
3106
2844
2410
2918
3128
2844
2422
2928
3118
2834
2386
2914
3120
2852
2422
2928
3126
2816
2374
2916
3122
2828
2404
2912
3110
2832
2410
2904
3116
2844
2408
2910
3122
2818
2402
2936
3120
2830
2200
2762
3124
2846
2364
2914
3108
2818
2398
2906
3114
2812
2390
2910
3116
2820
2394
2918
3134
2850
2418
2916
3114
2824
2412
2932
3110
2844
2394
2910
3116
2848
2380
2916
3118
2844
2404
2924
3124
2846
2388
2916
3120
2830
2398
2938
3112
2828
2394
2930
3108
2846
2394
2926
3112
2840
2424
2922
3120
2838
2394
2932
3124
2840
2382
2918
3116
2838
2394
2932
3110
2834
2402
2910
3130
2828
2410
2912
3114
2820
2412
2900
3118
2840
2398
2918
3120
2834
2390
2930
3116
2834
2374
2920
3108
2840
2402
2920
3116
2830
2410
2910
3120
2824
2394
2556
2922
2780
2370
2924
3114
2814
2396
2928
3120
2852
2380
2910
3114
2828
2428
2904
3116
2822
2408
2930
3120
2824
2400
2914
3116
2826
2388
2924
3120
2830
2402
2924
3110
2836
2432
2932
3116
2836
2402
2910
3120
2824
2390
2908
3118
2820
2388
2904
3114
2824
2394
2922
3118
2836
2408
2900
3110
2856
2404
2904
3134
2846
2394
2922
3122
2820
2424
2936
3112
2822
2374
2924
3110
2834
2394
2918
3110
2826
2432
2910
3116
2824
2408
2914
3124
2810
2404
2904
3118
2820
2410
2922
3114
2852
2382
2928
3110
2838
2398
2914
3112
2844
2370
2906
3122
2132
2226
1676
2008
1822
2300
2388
3116
2856
2412
2918
3110
2830
2406
2916
3112
2814
2398
2904
3114
2828
2386
2896
3132
2840
2358
2926
3116
2834
2420
2936
3114
2818
2408
2914
3104
2844
2414
2918
3112
2840
2374
2918
3118
2836
2384
2926
3132
2824
2396
2920
3112
2834
2368
2920
3126
2830
2440
2904
3114
2838
2408
2916
3116
2838
2392
2906
3120
2812
2406
2922
3114
2840
2414
2930
3118
2824
2410
2916
3110
2864
2388
2924
3122
2834
2384
2920
3120
2832
2398
2936
3132
2830
2390
2926
3112
2840
2394
2916
3108
2844
2406
2906
3110
2842
2210
2590
3116
2852
2380
2922
3126
2828
2368
2908
3118
2820
2404
2918
3108
2824
2428
2910
3110
2838
2442
2890
3114
2838
2416
2934
3124
2846
2380
2926
3132
2824
2380
2932
3114
2812
2420
2914
3110
2814
2400
2906
3112
2816
2398
2908
3118
2838
2382
2920
3122
2850
2398
2920
3120
2828
2406
2922
3112
2826
2402
2926
3112
2836
2404
2916
3114
2832
2426
2906
3122
2848
2388
2922
3130
2818
2390
2916
3114
2818
2402
2920
3106
2828
2412
2906
3118
2846
2392
2922
3130
2824
2384
2918
3122
2800
2386
2930
3126
2832
2434
2924
3116
2834
2378
2154
2784
2834
2378
2912
3118
2852
2398
2920
3120
2828
2386
2928
3116
2826
2420
2918
3112
2820
2404
2914
3108
2840
2404
2902
3118
2846
2378
2906
3116
2834
2376
2912
3120
2826
2406
2912
3114
2826
2400
2920
3110
2830
2404
2912
3114
2860
2152
2460
2486
2602
2610
2424
2676
3008
2498
1890
1882
1886
1884
1874
1856
1892
2316
2736
1884
1884
1904
1864
2354
2308
1896
1886
1888
1872
1896
1866
1892
2316
2450
1886
1882
1872
1862
1888
1876
1888
1872
23642
2112
2250
2600
2402
1888
1870
1890
2376
2230
1886
1906
1888
1894
1894
1886
1890
2538
2238
1858
1886
3108
2832
2422
2900
3118
2854
2402
2920
3120
2826
2400
2928
3128
2834
2382
2912
3110
2818
2396
2920
3108
2846
2406
2906
3112
2846
2382
2900
3118
2840
2380
2912
3124
2824
2394
2926
3116
2824
2390
2912
3108
2826
2388
2918
3110
2828
2412
2914
3118
2828
2394
2914
3122
2824
2378
2916
3118
2814
2394
2930
3126
2840
2402
2904
3106
2840
2384
2920
3128
2838
2414
2910
3120
2814
2394
2930
3120
2822
2404
2912
3126
2816
2408
2922
3106
2838
2408
2928
3266
2848
2408
2922
3116
2828
2412
2928
3122
2852
2392
2920
3128
2840
2864
1912
3122
2874
2408
2922
3106
2850
2406
2908
3124
2840
2422
2906
3120
2834
2414
2930
3120
2832
2406
2924
3112
2834
2400
2940
3112
2826
2400
2914
3116
2814
2402
2906
3116
2848
2376
2906
3122
2814
2412
2916
3118
2832
2390
2926
3114
2816
2408
2934
3122
2844
2428
2914
3114
2832
2408
2902
3118
2846
2376
2914
3120
2828
2428
2922
3114
2826
2398
2934
3120
2844
2412
2902
3128
2854
2410
2906
3122
2842
2344
3134
3136
2828
2390
2902
3120
2824
2432
2920
3108
2820
2412
2908
3108
2838
2388
2916
3120
2856
2544
3084
92124
2008
1856
2800
2928
2718
2318
2904
3116
2846
2398
2920
3114
3152
2394
3392
3126
2824
2522
2916
3126
2820
2380
3072
3124
2824
2384
2932
3116
2834
2398
2926
3110
2818
2412
2920
3392
2822
2422
2908
3114
2822
2368
2920
3126
2842
2384
2910
3344
2838
2412
3132
3476
2824
2436
3090
3324
2826
2392
2924
3116
2828
2400
2922
3122
2976
2584
3074
3116
3186
2406
2916
3052
2814
2398
2934
3108
2820
2410
2914
3110
2828
2286
2906
3128
2854
2730
2934
3128
2846
2572
2932
3118
2830
2544
2928
3128
2998
2556
3078
3626
2864
2394
2906
3112
2836
2548
2782
64257
1984
1960
1882
1818
2274
2952
2926
3118
2828
2404
2930
3120
2826
2396
2912
3120
2838
2398
2904
3130
2826
2372
2936
3138
2844
2402
3166
3270
2828
2386
3074
3114
2832
2384
2928
3108
2836
2388
2898
3112
2846
2408
2914
3268
2836
2408
2912
3122
2836
2402
2934
3112
2846
2404
2916
3108
2840
2410
2926
3112
2822
2418
2908
3118
2822
2734
2924
3124
2814
2390
3074
3130
2832
2394
2910
3112
2830
2390
2916
3120
2842
2404
3114
3120
2846
2396
2910
3128
2836
2390
2910
3120
2840
2386
2932
3112
2808
2374
2906
3112
2872
2392
2902
3116
2866
2892
2924
2688
1884
2402
2782
3034
2826
2364
2916
3116
2790
2396
2932
3114
2820
2388
2912
3108
2822
2406
2908
3118
2836
2398
2902
3118
2806
2374
2926
3122
2826
2400
2930
3122
2834
2424
2932
3194
2840
2402
2908
3326
2840
2402
2908
3122
2842
2394
2928
3132
2840
1898
2946
3124
2824
2390
3206
3108
2814
2388
2418
2618
2966
2988
2826
2386
2518
2944
2918
2530
2566
1882
1900
1868
1860
2394
2906
3114
2848
2392
2910
3112
2820
2416
2916
3116
2848
2392
2904
3122
2866
2400
2914
3118
2846
2422
2936
3114
2826
2388
2912
3108
2816
2398
1958
2890
2878
2386
2904
3120
2842
2386
2934
3134
2830
2426
2918
3118
2850
2408
2920
3114
2844
2396
2918
3106
2842
2380
2920
3114
2866
2396
2904
3118
2826
2400
2916
3120
2826
2392
2902
3112
2818
2402
2936
3112
2840
2412
2914
3112
2830
2414
2908
3122
2840
2412
2930
3122
2842
2390
2926
3114
2840
2414
2924
3110
2820
2408
2910
3110
2848
2392
2910
3114
2832
2404
2930
3122
2830
2410
2928
3128
2816
2408
2928
3112
2824
2408
2918
3110
2816
2416
2914
3110
2840
2408
2904
3116
2864
2376
2908
3120
2832
2400
2920
3112
2812
2390
2930
19974
2066
2450
2922
3120
2836
2392
2916
3116
2862
2398
2926
3118
2854
2392
2944
3118
2828
2410
2920
3112
2828
2394
2926
3110
2850
2390
2922
3112
2844
2408
2918
3124
2834
2386
2916
3122
2838
2410
2918
3126
2834
2406
2910
3106
2840
2412
2916
3114
2844
2398
2912
3124
2848
2446
2920
3122
2838
2384
2910
3118
2816
2402
1898
1872
2309939
1776
1718
1870
1636
1730
1646
1670
1620
1676
1798
1698
1616
1622
1636
1708
1684
1710
1622
1616
1610
1608
1620
1620
1690
1726
2122
1750
1612
1660
1612
1628
1698
1604
1642
1690
1618
1606
1674
1630
1706
1640
1606
1742
1662
1646
1672
1656
1654
1690
1608
1608
1636
1644
1662
1622
1680
1630
1652
1642
1620
1704
1722
1624
1634
1642
1636
1664
1608
1734
1798
1648
1674
1630
1750
1758
1970
1712
2366
1920
1684
1706
2574
2168
1644
1702
1648
1622
1666
1660
1710
1676
1796
1718
1678
1616
1626
1630
1646
1700
1632
1610
1614
1650
1612
1630
1626
1640
1638
1622
1638
1604
1676
1670
1736
1610
1660
1614
1620
1612
1624
1628
1626
1674
1762
1730
1636
1620
1686
1624
1934
1742
1728
1678
1692
1714
1976
1696
1916
2154
1656
1660
1738
1994
1758
1778
1754
1698
1708
1742
2022
1946
2016
1712
2354
2148
1714
1842
1874
1786
1678
1690
1664
1772
1658
1884
2194
1946
2034
2254
2262
2162
2274
1918
2002
1644
1972
1902
2036
1906
2168
2330
1948
2238
2876
2526
2248
2288
1830
1834
1818
2100
1846
2202
1770
2058
2166
2448
1780
1920
3890
1918
1924
2156
2134
2382
1902
2050
2352
2342
2242
2330
2288
2672
2990
2162
1982
2168
2976
2130
2842
1862
1684
1694
1678
1636
1772
1692
1730
1716
1674
2148
1786
1726
1722
1948
2050
2004
1766
1884
1646
1730
1690
1734
1692
27800
1844
1920
1856
2150
2340
2254
1886
1748
1990
1786
1762
1750
1744
1750
1830
1846
1740
1766
1904
1722
1782
2006
1904
1892
1770
1790
2030
1938
1900
1940
1804
2094
1928
1804
1946
1740
1872
1764
2156
1688
2258
1888
1990
2228
2890
3116
1794
1752
2968
2712
2848
2852
2616
2816
2334
2992
2378
3012
2634
2880
2806
2726
2836
2522
2878
2378
3120
2536
2920
2770
2802
2824
2612
2850
2348
3010
2396
2984
2648
2884
2840
2698
2840
2456
2966
2382
3046
2620
2920
3116
2846
2402
2930
3128
2814
2386
2922
3118
2814
2402
2938
3112
2822
2408
2904
3112
2836
2396
2904
3114
2846
2180
2088
2430
2852
2400
2932
3126
2838
2404
2926
3116
2842
2424
2930
3106
2840
2390
2914
3112
2852
2418
2932
3116
2834
2416
2912
3122
2856
2412
2938
3114
2826
2380
2930
3114
2814
2392
2918
3110
2834
2420
2936
3110
2848
2386
2914
3120
2818
2400
2914
3118
2848
2394
2926
3116
2848
2392
2918
3114
2832
2402
2926
3112
2840
2394
2918
3120
2830
2406
2904
3120
2838
2384
2912
3112
2826
2420
2916
3112
2856
2400
2912
3108
2816
2392
2920
3112
2840
2410
2906
3118
2840
2402
2922
3118
2818
2398
2928
3116
2814
2438
2916
3108
2854
2418
1892
3116
2866
2398
2904
3114
2834
2386
2928
3124
2808
2404
2912
3116
2808
2428
2934
3110
2824
2418
2926
3108
2840
2414
2922
3126
2834
2382
2930
3120
2856
2420
2928
3120
2842
2392
2926
3116
2838
2398
2932
3110
2838
2404
2912
3112
2854
2426
2910
3120
2840
2396
2918
3120
2820
2380
2922
3118
2822
2392
2920
3112
2832
2396
2908
3112
2852
2386
2904
3118
2824
2410
2924
3120
2830
2398
2936
3116
2834
2384
2922
3116
2828
2412
2922
3108
2840
2436
2928
3116
2856
2404
2904
3118
2816
2396
2910
3130
2818
2388
2922
3114
2822
2404
2918
2398
3020
2838
2920
3108
2844
2438
2904
3116
2838
2402
2916
3122
2838
2418
2936
3120
2846
2404
2912
3110
2824
2438
2914
3106
2832
2366
2924
3112
2830
2404
2912
3120
2844
2398
2940
3120
2844
2408
2954
3116
2828
2388
2926
3108
2836
2416
2918
3112
2840
2384
2902
3118
2846
2404
2912
3124
2832
2406
2934
3116
2838
2432
2920
3108
2830
2396
2920
3108
2832
2414
2928
3114
2834
2396
2912
3122
2844
2388
2918
3120
2818
2428
2936
3116
2838
2386
2924
3112
2860
2432
2922
3112
2840
2400
2898
3118
2824
2408
2916
3122
2808
2410
2926
3118
2846
2098
2418
3110
2846
2398
2922
3110
2832
2410
2902
3122
2850
2368
2900
3122
2844
2386
2918
3120
2858
2418
2944
3114
2824
2408
2910
3108
2852
2380
2910
3116
2820
2392
2930
3120
2834
2360
2928
3120
2842
2374
2922
3114
2828
2386
2932
3110
2846
2404
2930
3112
2840
2386
2910
3118
2838
2404
2914
3124
2810
2386
2938
3118
2814
2370
2926
3112
2834
2400
2916
3110
2830
2424
2912
3114
2840
2400
2914
3118
2850
2400
2932
3120
2820
2406
2926
3118
2842
2398
2932
3110
2832
2406
2914
3110
2850
2394
2906
3116
2828
2416
2894
3126
2826
2392
1908
3130
2840
2390
2926
3116
2826
2404
2910
3112
2834
2406
2916
3112
2838
2400
2924
3124
2840
2400
2922
3118
2834
2406
2918
3124
2820
2408
2912
3120
2832
2410
2898
3112
2832
2398
2906
3118
2840
2386
2916
3122
2844
2372
2930
3116
2838
2414
2904
3110
2834
2382
2912
3110
2850
2418
2910
3116
2836
2396
2902
3120
2834
2432
2920
3118
2830
2386
2914
3116
2810
2398
2930
3112
2824
2420
2912
3112
2828
2390
2910
3118
2812
2408
2918
3122
2830
2384
2938
3116
2824
2406
2914
3110
2840
2410
2924
3108
2838
2408
2918
3118
2850
2432
2904
2090
2058
2414
2918
3118
2850
2420
2914
3114
2848
2360
2914
3108
2824
2414
2904
3112
2826
2420
2904
3116
2810
2392
2916
3124
2828
2404
2942
3116
2814
2392
2914
3108
2838
2408
2932
3124
2842
2392
2906
3114
2842
2410
2924
3120
2848
2418
2912
3116
2852
2400
2924
3114
2826
2384
2922
3110
2848
2416
2912
3116
2856
2422
2906
3120
2846
2392
2932
3122
2846
2388
2924
3118
2828
2390
2940
3112
2832
2418
2914
3118
2828
2400
2906
3130
2824
2386
2912
3122
2836
2408
2924
3114
2836
2392
2924
3112
2826
2416
2924
3110
2840
2390
2910
3116
2836
2400
2924
3120
2832
2404
2910
3124
2814
2394
2932
3114
2848
2406
2924
3110
2838
2422
2916
3110
2834
2402
2910
3116
2856
2408
2932
3120
2840
2386
2914
3116
2824
2390
2934
3114
2836
2432
2926
3110
2838
2394
2916
3116
2830
2390
2908
3120
2852
2412
2922
3116
2806
2416
2918
3112
2824
2376
2912
3108
2824
2388
2912
3112
2824
2420
2922
3118
2852
2396
2916
3122
2830
2402
2916
3114
2822
2414
2922
3110
2832
2420
2924
3110
2824
2412
2904
3114
2856
2416
2932
3120
2814
2402
2902
3120
2830
2396
2914
3112
2826
2418
2924
3108
2830
2386
1670
1730
1800
2022
2926
3120
2842
2406
2914
3124
2832
2398
2926
3118
2856
2406
2932
3110
2840
2404
2912
3112
2824
2402
2918
3112
2838
2396
2926
3124
2832
2394
2920
3120
2834
2404
2910
3110
2852
2380
2922
3108
2832
2390
2916
3114
2868
2406
2912
3118
2828
2402
2932
3120
2818
2414
2928
3116
2824
2410
2918
3110
2834
2410
2916
3108
2836
2394
2922
3116
2844
2386
2918
3122
2824
2404
2910
3116
2830
2384
2918
3112
2846
2392
2906
3112
2848
2394
2918
3110
2842
2414
2910
3122
2834
2390
2916
3118
2836
2404
2938
3112
2850
2408
2918
2066
2712
2390
2924
3118
2836
2384
2902
3120
2844
2410
2902
3120
2826
2412
2924
3120
2822
2400
2920
3108
2832
2412
2906
3108
2850
2376
2910
3124
2834
2420
2918
3128
2828
2400
2918
3122
2842
2374
2922
3114
2848
2392
2944
3110
2818
2414
2906
3112
2834
2396
2902
3116
2822
2388
2928
3118
2828
2376
2914
3116
2836
2408
2924
3108
2854
2394
2926
3122
2852
2414
2906
3114
2824
2402
2904
3126
2826
2402
2924
3118
2838
2394
2938
3112
2832
2424
2914
3110
2826
2390
2932
3114
2824
2394
2912
3120
2838
2400
2922
3120
2844
2384
2926
3114
2824
1966
2006
1676
1734
2094
2798
3110
2848
2450
2918
3128
2832
2436
2918
3122
2830
2394
2920
3116
2830
2414
2922
3114
2846
2390
2914
3106
2842
2424
2922
3114
2848
2386
2910
3120
2836
2394
2932
3122
2836
2400
2936
3116
2848
2414
2926
3110
2828
2398
2922
3114
2826
2420
2912
3120
2832
2424
2920
3122
2848
2390
2930
3116
2828
2396
2930
3110
2812
2426
2922
3106
2842
2404
2908
3114
2856
2428
2800
3042
2854
2408
2908
3122
2850
2396
2922
3114
2836
2416
2926
3116
2856
2384
2916
3110
2874
2394
2914
3120
2838
2402
2912
3122
2838
2404
1898
1884
2856
2376
2908
3120
2818
2416
2918
3112
2850
2396
2902
3116
2848
2388
2910
3120
2848
2398
2924
3118
2868
2408
2922
3114
2838
2406
2908
3108
2828
2394
2908
3116
2840
2394
2902
3116
2826
2396
2918
1938
1744
1898
